local wires = {
	{
		Vector3.new(-12.8, 3.8000000000000003, 0),
		Vector3.new(-11.8, 4.2, 0),
		Vector3.new(-11.200000000000001, 4.2, 0),
		Vector3.new(-11.700000000000001, 3.7, 0),
		Vector3.new(-12.5, 3.5, 0),
		Vector3.new(-12.9, 3.8000000000000003, 0),
		Vector3.new(-11.700000000000001, 4.2, 0),
		Vector3.new(-10.4, 4.4, 0),
		Vector3.new(-8.8, 5.1000000000000005, 0),
		Vector3.new(-10.5, 4.2, 0),
		Vector3.new(-11.5, 3.5, 0),
		Vector3.new(-10.5, 3.2, 0),
		Vector3.new(-9.8, 3.4000000000000004, 0),
		Vector3.new(-8.9, 3.8000000000000003, 0),
		Vector3.new(-8.8, 5.1000000000000005, 0),
		Vector3.new(-8.9, 3.8000000000000003, 0),
		Vector3.new(-8.200000000000001, 3, 0),
		Vector3.new(-9.5, 3, 0),
		Vector3.new(-10.700000000000001, 3.1, 0),
		Vector3.new(-8.9, 3.8000000000000003, 0),
		Vector3.new(-8.8, 5.1000000000000005, 0),
		Vector3.new(-8.3, 5.800000000000001, 0),
		Vector3.new(-7.800000000000001, 6.4, 0),
		Vector3.new(-6.7, 7.300000000000001, 0),
		Vector3.new(-6.6000000000000005, 8.5, 0),
		Vector3.new(-6.2, 9.1, 0),
		Vector3.new(-6.300000000000001, 8.1, 0),
		Vector3.new(-5.1000000000000005, 10.200000000000001, 0),
		Vector3.new(-6.2, 9.1, 0),
		Vector3.new(-5.2, 10.200000000000001, 0),
		Vector3.new(-5, 9.200000000000001, 0),
		Vector3.new(-4.6000000000000005, 10.3, 0),
	},
	{
		Vector3.new(-4.6000000000000005, 10.3, 0),
		Vector3.new(-3.8000000000000003, 11.700000000000001, 0),
		Vector3.new(-4.9, 10.5, 0),
		Vector3.new(-3.7, 11.700000000000001, 0),
		Vector3.new(-3.3000000000000003, 12.200000000000001, 0),
		Vector3.new(-2.6, 13, 0),
		Vector3.new(-2, 13.3, 0),
		Vector3.new(-1.5, 13.5, 0),
		Vector3.new(-0.6000000000000001, 13.600000000000001, 0),
		Vector3.new(-0.9, 13, 0),
		Vector3.new(-1.1, 12.4, 0),
		Vector3.new(-1.3, 11.700000000000001, 0),
		Vector3.new(-1.6, 11.3, 0),
		Vector3.new(-1.8, 10.700000000000001, 0),
		Vector3.new(-1, 10.5, 0),
		Vector3.new(-0.6000000000000001, 11, 0),
		Vector3.new(-1.1, 11.600000000000001, 0),
		Vector3.new(-0.6000000000000001, 10.9, 0),
		Vector3.new(-0.4, 11.4, 0),
		Vector3.new(-0.30000000000000004, 10.700000000000001, 0),
		Vector3.new(-0.8, 10.3, 0),
		Vector3.new(-1.8, 10.3, 0),
		Vector3.new(-1.1, 10.200000000000001, 0),
		Vector3.new(-0.5, 10.5, 0),
		Vector3.new(-0.2, 11.100000000000001, 0),
		Vector3.new(0.5, 11.100000000000001, 0),
		Vector3.new(1.1, 11.100000000000001, 0),
		Vector3.new(1.6, 11.700000000000001, 0),
		Vector3.new(2.1, 11.200000000000001, 0),
		Vector3.new(2.7, 11.4, 0),
		Vector3.new(3.2, 11.8, 0),
		Vector3.new(3.7, 11.700000000000001, 0),
		Vector3.new(4.3, 11.200000000000001, 0),
		Vector3.new(3.8000000000000003, 10.8, 0),
		Vector3.new(3.3000000000000003, 10.8, 0),
		Vector3.new(2.7, 11.4, 0),
		Vector3.new(2.1, 11.200000000000001, 0),
		Vector3.new(1.8, 11.8, 0),
		Vector3.new(1.5, 11.200000000000001, 0),
		Vector3.new(0.7000000000000001, 10.5, 0),
		Vector3.new(0.30000000000000004, 9.9, 0),
		Vector3.new(0.2, 9.200000000000001, 0),
		Vector3.new(0.30000000000000004, 8.700000000000001, 0),
		Vector3.new(0.7000000000000001, 8.3, 0),
		Vector3.new(1.5, 8.200000000000001, 0),
		Vector3.new(2.3000000000000003, 8.200000000000001, 0),
		Vector3.new(3.2, 8.1, 0),
		Vector3.new(3.7, 8, 0),
		Vector3.new(4.2, 7.6000000000000005, 0),
		Vector3.new(4.9, 7.1000000000000005, 0),
	},
	{
		Vector3.new(4.9, 7.1000000000000005, 0),
		Vector3.new(5.800000000000001, 7.1000000000000005, 0),
		Vector3.new(6.2, 6.800000000000001, 0),
		Vector3.new(5.6000000000000005, 6.7, 0),
		Vector3.new(4.800000000000001, 7.1000000000000005, 0),
		Vector3.new(5.2, 6.800000000000001, 0),
		Vector3.new(6, 6.5, 0),
		Vector3.new(6.6000000000000005, 6.2, 0),
		Vector3.new(6, 6.1000000000000005, 0),
		Vector3.new(5.2, 6.4, 0),
		Vector3.new(6.4, 6.4, 0),
		Vector3.new(7.1000000000000005, 6.5, 0),
		Vector3.new(7.6000000000000005, 7.300000000000001, 0),
		Vector3.new(7.5, 7.800000000000001, 0),
		Vector3.new(7.300000000000001, 8.700000000000001, 0),
		Vector3.new(7.300000000000001, 8.1, 0),
		Vector3.new(6.5, 8, 0),
		Vector3.new(5.9, 8.200000000000001, 0),
		Vector3.new(5, 8.9, 0),
		Vector3.new(4.4, 9.200000000000001, 0),
		Vector3.new(3.9000000000000004, 9.5, 0),
		Vector3.new(4.2, 10, 0),
		Vector3.new(5.1000000000000005, 10.100000000000001, 0),
		Vector3.new(5.9, 9.600000000000001, 0),
		Vector3.new(6.7, 9.1, 0),
		Vector3.new(7.300000000000001, 8.6, 0),
		Vector3.new(7.6000000000000005, 7.9, 0),
		Vector3.new(8.200000000000001, 7.800000000000001, 0),
		Vector3.new(8.3, 8.3, 0),
		Vector3.new(8.1, 8.9, 0),
		Vector3.new(7.5, 8.6, 0),
		Vector3.new(8, 8.3, 0),
		Vector3.new(8.1, 8.8, 0),
		Vector3.new(7.4, 9.200000000000001, 0),
		Vector3.new(7, 9.8, 0),
		Vector3.new(6.5, 10.100000000000001, 0),
		Vector3.new(6, 10.700000000000001, 0),
		Vector3.new(5.2, 10.600000000000001, 0),
		Vector3.new(4.7, 11.100000000000001, 0),
		Vector3.new(3.6, 11.600000000000001, 0),
		Vector3.new(2.9000000000000004, 11.600000000000001, 0),
		Vector3.new(2.4000000000000004, 11.4, 0),
		Vector3.new(1.8, 11.4, 0),
		Vector3.new(1.1, 11.100000000000001, 0),
		Vector3.new(0.5, 11.100000000000001, 0),
		Vector3.new(-0.30000000000000004, 11.100000000000001, 0),
		Vector3.new(-0.9, 11.200000000000001, 0),
		Vector3.new(-1.1, 12.100000000000001, 0),
		Vector3.new(-0.8, 13.3, 0),
		Vector3.new(0.4, 14.3, 0),
	},
	{
		Vector3.new(0.4, 14.3, 0),
		Vector3.new(0.8, 13.8, 0),
		Vector3.new(1.7000000000000002, 13.700000000000001, 0),
		Vector3.new(2.2, 14.200000000000001, 0),
		Vector3.new(2, 14.8, 0),
		Vector3.new(1.7000000000000002, 15.4, 0),
		Vector3.new(2.1, 15.9, 0),
		Vector3.new(2.6, 16.400000000000002, 0),
		Vector3.new(3.2, 16.8, 0),
		Vector3.new(3.5, 17.2, 0),
		Vector3.new(3.9000000000000004, 18, 0),
		Vector3.new(4.1000000000000005, 18.8, 0),
		Vector3.new(3.6, 18.2, 0),
		Vector3.new(3.1, 17.7, 0),
		Vector3.new(2.6, 17.3, 0),
		Vector3.new(2.1, 17, 0),
		Vector3.new(1.5, 16.6, 0),
		Vector3.new(1.1, 16.3, 0),
		Vector3.new(0.6000000000000001, 15.8, 0),
		Vector3.new(0.4, 15.3, 0),
		Vector3.new(0.4, 14.700000000000001, 0),
		Vector3.new(0.8, 13.8, 0),
		Vector3.new(1.7000000000000002, 13.700000000000001, 0),
		Vector3.new(2.3000000000000003, 14.200000000000001, 0),
		Vector3.new(1.9000000000000001, 15, 0),
		Vector3.new(2.4000000000000004, 15.3, 0),
		Vector3.new(3.3000000000000003, 15.4, 0),
		Vector3.new(4.2, 15.4, 0),
		Vector3.new(6, 14.700000000000001, 0),
		Vector3.new(6.6000000000000005, 13.9, 0),
		Vector3.new(5.1000000000000005, 14.5, 0),
		Vector3.new(4.2, 14.600000000000001, 0),
		Vector3.new(6, 13.700000000000001, 0),
		Vector3.new(7, 13, 0),
		Vector3.new(7.7, 12.100000000000001, 0),
		Vector3.new(7.9, 11.700000000000001, 0),
		Vector3.new(8.6, 11.600000000000001, 0),
		Vector3.new(8.700000000000001, 12.200000000000001, 0),
		Vector3.new(8.3, 12.600000000000001, 0),
		Vector3.new(8.1, 13.200000000000001, 0),
		Vector3.new(7.6000000000000005, 14, 0),
		Vector3.new(6.9, 14.600000000000001, 0),
		Vector3.new(6, 14.8, 0),
		Vector3.new(6.9, 14.600000000000001, 0),
		Vector3.new(7.7, 13.8, 0),
		Vector3.new(8.5, 13.100000000000001, 0),
	},
	{
		Vector3.new(8.5, 13.100000000000001, 0),
		Vector3.new(8.9, 12.3, 0),
		Vector3.new(9.200000000000001, 11.700000000000001, 0),
		Vector3.new(9.3, 11, 0),
		Vector3.new(10, 10.8, 0),
		Vector3.new(10.5, 11.100000000000001, 0),
		Vector3.new(11, 11.8, 0),
		Vector3.new(11.3, 12.3, 0),
		Vector3.new(11.5, 13.100000000000001, 0),
		Vector3.new(11.600000000000001, 11.9, 0),
		Vector3.new(11.4, 11.4, 0),
		Vector3.new(10.9, 10.600000000000001, 0),
		Vector3.new(10.600000000000001, 10.200000000000001, 0),
		Vector3.new(10, 9.8, 0),
		Vector3.new(9.600000000000001, 9.600000000000001, 0),
		Vector3.new(9.3, 10.700000000000001, 0),
		Vector3.new(9.3, 9.600000000000001, 0),
		Vector3.new(9.200000000000001, 9, 0),
		Vector3.new(8.700000000000001, 8.3, 0),
		Vector3.new(8.3, 7.9, 0),
		Vector3.new(7.5, 7.9, 0),
		Vector3.new(7.6000000000000005, 7.300000000000001, 0),
		Vector3.new(7.2, 6.5, 0),
		Vector3.new(6.7, 6.2, 0),
		Vector3.new(6, 6.1000000000000005, 0),
		Vector3.new(6, 5, 0),
		Vector3.new(5.800000000000001, 4.2, 0),
		Vector3.new(5.800000000000001, 3.6, 0),
		Vector3.new(5.9, 3.1, 0),
		Vector3.new(6.4, 2.9000000000000004, 0),
		Vector3.new(6.800000000000001, 2.3000000000000003, 0),
		Vector3.new(6.1000000000000005, 2.6, 0),
		Vector3.new(5.5, 3, 0),
		Vector3.new(5.4, 2.4000000000000004, 0),
		Vector3.new(5.9, 2.1, 0),
		Vector3.new(6.4, 2.1, 0),
		Vector3.new(6, 2.6, 0),
		Vector3.new(5.5, 3, 0),
		Vector3.new(5.1000000000000005, 2.7, 0),
		Vector3.new(4.4, 2.7, 0),
		Vector3.new(4.1000000000000005, 2.1, 0),
		Vector3.new(4.7, 1.9000000000000001, 0),
		Vector3.new(5.300000000000001, 2, 0),
		Vector3.new(5.300000000000001, 2.6, 0),
		Vector3.new(4.7, 2.8000000000000003, 0),
		Vector3.new(4.2, 2.3000000000000003, 0),
		Vector3.new(3.5, 2.6, 0),
		Vector3.new(3.3000000000000003, 3.2, 0),
		Vector3.new(3, 3.7, 0),
		Vector3.new(2.7, 4.6000000000000005, 0),
		Vector3.new(3.1, 5.1000000000000005, 0),
		Vector3.new(3.5, 5.7, 0),
		Vector3.new(4.1000000000000005, 5.7, 0),
		Vector3.new(3.5, 5.7, 0),
		Vector3.new(2.6, 5.9, 0),
	},
	{
		Vector3.new(2.6, 5.9, 0),
		Vector3.new(1.9000000000000001, 6.2, 0),
		Vector3.new(1, 6.5, 0),
		Vector3.new(0.2, 7, 0),
		Vector3.new(-0.1, 6.300000000000001, 0),
		Vector3.new(-0.1, 5.800000000000001, 0),
		Vector3.new(-0.1, 5.1000000000000005, 0),
		Vector3.new(0.6000000000000001, 3.6, 0),
		Vector3.new(1.6, 4, 0),
		Vector3.new(2.1, 4.3, 0),
		Vector3.new(2.6, 4.7, 0),
		Vector3.new(1.8, 4.2, 0),
		Vector3.new(1.2000000000000002, 3.8000000000000003, 0),
		Vector3.new(1, 3.2, 0),
		Vector3.new(1.6, 3.9000000000000004, 0),
		Vector3.new(2.4000000000000004, 3.9000000000000004, 0),
		Vector3.new(2.8000000000000003, 3.4000000000000004, 0),
		Vector3.new(2.9000000000000004, 2.8000000000000003, 0),
		Vector3.new(2.4000000000000004, 2.5, 0),
		Vector3.new(1.7000000000000002, 2.5, 0),
		Vector3.new(1.7000000000000002, 3.1, 0),
		Vector3.new(1.3, 3.4000000000000004, 0),
		Vector3.new(2, 3.4000000000000004, 0),
		Vector3.new(2, 2.7, 0),
		Vector3.new(2.6, 2.9000000000000004, 0),
		Vector3.new(2.1, 2.7, 0),
		Vector3.new(1.5, 2.5, 0),
		Vector3.new(1.8, 2, 0),
		Vector3.new(1.3, 2.2, 0),
		Vector3.new(1, 1.7000000000000002, 0),
		Vector3.new(0.4, 1.5, 0),
		Vector3.new(-0.1, 1.8, 0),
		Vector3.new(-0.30000000000000004, 2.3000000000000003, 0),
		Vector3.new(0.2, 2.8000000000000003, 0),
		Vector3.new(0.8, 2.6, 0),
		Vector3.new(1, 3.2, 0),
		Vector3.new(0.8, 2.7, 0),
		Vector3.new(0.2, 2.8000000000000003, 0),
		Vector3.new(-0.4, 2.3000000000000003, 0),
		Vector3.new(-0.9, 2.6, 0),
		Vector3.new(-1.5, 2.2, 0),
		Vector3.new(-1.6, 1.7000000000000002, 0),
		Vector3.new(-0.9, 1.5, 0),
		Vector3.new(-0.4, 1.8, 0),
		Vector3.new(-0.4, 2.3000000000000003, 0),
		Vector3.new(-0.8, 2.6, 0),
		Vector3.new(-1.4000000000000001, 2.3000000000000003, 0),
		Vector3.new(-1.9000000000000001, 2.3000000000000003, 0),
		Vector3.new(-2.3000000000000003, 2.6, 0),
		Vector3.new(-2.6, 3, 0),
		Vector3.new(-3.2, 3.5, 0),
		Vector3.new(-3.8000000000000003, 4.1000000000000005, 0),
		Vector3.new(-4.3, 5, 0),
		Vector3.new(-4.5, 5.9, 0),
		Vector3.new(-4.5, 7, 0),
	},
	{
		Vector3.new(-4.5, 7, 0),
		Vector3.new(-4.5, 8.1, 0),
		Vector3.new(-4.1000000000000005, 9.4, 0),
		Vector3.new(-4.5, 8, 0),
		Vector3.new(-4.5, 7, 0),
		Vector3.new(-4.5, 5.800000000000001, 0),
		Vector3.new(-4.3, 5.1000000000000005, 0),
		Vector3.new(-3.8000000000000003, 4.1000000000000005, 0),
		Vector3.new(-3.4000000000000004, 3.7, 0),
		Vector3.new(-3.8000000000000003, 3.2, 0),
		Vector3.new(-3.3000000000000003, 2.6, 0),
		Vector3.new(-2.8000000000000003, 2.3000000000000003, 0),
		Vector3.new(-3.3000000000000003, 2, 0),
		Vector3.new(-3.9000000000000004, 2, 0),
		Vector3.new(-4.4, 2.6, 0),
		Vector3.new(-3.8000000000000003, 3.1, 0),
		Vector3.new(-4.4, 2.7, 0),
		Vector3.new(-4.9, 2.8000000000000003, 0),
		Vector3.new(-5.4, 3.2, 0),
		Vector3.new(-5.9, 3.4000000000000004, 0),
		Vector3.new(-6.300000000000001, 3.9000000000000004, 0),
		Vector3.new(-6.6000000000000005, 4.5, 0),
		Vector3.new(-6.7, 5.2, 0),
		Vector3.new(-6.6000000000000005, 5.9, 0),
		Vector3.new(-6.300000000000001, 6.300000000000001, 0),
		Vector3.new(-6, 6.9, 0),
		Vector3.new(-5.9, 7.6000000000000005, 0),
		Vector3.new(-6, 7, 0),
		Vector3.new(-6.6000000000000005, 5.800000000000001, 0),
		Vector3.new(-6.7, 5.2, 0),
		Vector3.new(-6.6000000000000005, 4.6000000000000005, 0),
		Vector3.new(-7, 4.1000000000000005, 0),
		Vector3.new(-6.9, 3.6, 0),
		Vector3.new(-6.300000000000001, 3.9000000000000004, 0),
		Vector3.new(-6.9, 3.7, 0),
		Vector3.new(-6.9, 3.1, 0),
		Vector3.new(-7, 2.4000000000000004, 0),
		Vector3.new(-6.5, 2.4000000000000004, 0),
		Vector3.new(-6.6000000000000005, 2.9000000000000004, 0),
		Vector3.new(-6.5, 2.4000000000000004, 0),
		Vector3.new(-5.800000000000001, 2.4000000000000004, 0),
		Vector3.new(-6.4, 3.1, 0),
		Vector3.new(-5.800000000000001, 3.4000000000000004, 0),
		Vector3.new(-5.300000000000001, 3, 0),
		Vector3.new(-5.7, 2.6, 0),
		Vector3.new(-5.1000000000000005, 2.5, 0),
		Vector3.new(-5.9, 2.4000000000000004, 0),
		Vector3.new(-6.6000000000000005, 2.3000000000000003, 0),
		Vector3.new(-7.1000000000000005, 2.7, 0),
		Vector3.new(-8.200000000000001, 3, 0),
		Vector3.new(-8.9, 3.8000000000000003, 0),
	},
	{
		Vector3.new(-8.9, 3.8000000000000003, 0),
		Vector3.new(-8.700000000000001, 5.1000000000000005, 0),
		Vector3.new(-8.200000000000001, 6, 0),
		Vector3.new(-7.800000000000001, 6.4, 0),
		Vector3.new(-7.1000000000000005, 7, 0),
		Vector3.new(-6.7, 8.5, 0),
		Vector3.new(-6.2, 9.200000000000001, 0),
		Vector3.new(-4.9, 10.4, 0),
		Vector3.new(-3.7, 11.700000000000001, 0),
		Vector3.new(-2.5, 13, 0),
		Vector3.new(-1.5, 13.5, 0),
		Vector3.new(-0.6000000000000001, 13.5, 0),
		Vector3.new(-1, 12.9, 0),
		Vector3.new(-1.1, 12, 0),
		Vector3.new(-1, 11.3, 0),
		Vector3.new(-0.1, 11.100000000000001, 0),
		Vector3.new(-0.5, 10.4, 0),
		Vector3.new(-1, 9.9, 0),
		Vector3.new(-0.9, 8.9, 0),
		Vector3.new(-0.4, 8.200000000000001, 0),
		Vector3.new(0.1, 7.7, 0),
	},
}
