local wires = {
	{
		Vector3.new(7.5, 8, 0),
		Vector3.new(7.5, 6.5, 0),
		Vector3.new(6.5, 5.800000000000001, 0),
		Vector3.new(5.300000000000001, 5.300000000000001, 0),
		Vector3.new(3.9000000000000004, 5, 0),
		Vector3.new(2.7, 5, 0),
		Vector3.new(1.6, 5.2, 0),
		Vector3.new(0.8, 5.6000000000000005, 0),
		Vector3.new(0.30000000000000004, 6.300000000000001, 0),
		Vector3.new(0.30000000000000004, 6.9, 0),
		Vector3.new(-1.1, 6.800000000000001, 0),
		Vector3.new(-2.3000000000000003, 6.7, 0),
		Vector3.new(-3.1, 6.5, 0),
		Vector3.new(-3.7, 6.2, 0),
		Vector3.new(-4.6000000000000005, 6, 0),
		Vector3.new(-5.800000000000001, 6, 0),
		Vector3.new(-6.7, 6.2, 0),
		Vector3.new(-7.5, 6.5, 0),
		Vector3.new(-7.7, 7.1000000000000005, 0),
		Vector3.new(-7.2, 7.9, 0),
		Vector3.new(-6.7, 8.4, 0),
		Vector3.new(-5.800000000000001, 8.9, 0),
		Vector3.new(-5.1000000000000005, 9.200000000000001, 0),
		Vector3.new(-5.800000000000001, 9.5, 0),
		Vector3.new(-6.2, 9.9, 0),
		Vector3.new(-7.300000000000001, 10.100000000000001, 0),
		Vector3.new(-7.7, 10.5, 0),
		Vector3.new(-7.800000000000001, 11.100000000000001, 0),
		Vector3.new(-7.800000000000001, 11.9, 0),
		Vector3.new(-8.700000000000001, 12.100000000000001, 0),
		Vector3.new(-9.200000000000001, 12.4, 0),
		Vector3.new(-9.5, 13, 0),
		Vector3.new(-9.700000000000001, 13.600000000000001, 0),
		Vector3.new(-9.700000000000001, 14.3, 0),
		Vector3.new(-9.600000000000001, 15, 0),
		Vector3.new(-9.200000000000001, 15.5, 0),
		Vector3.new(-8.6, 15.9, 0),
		Vector3.new(-7.9, 16, 0),
		Vector3.new(-7.1000000000000005, 15.8, 0),
		Vector3.new(-6.5, 15.3, 0),
		Vector3.new(-6.2, 14.8, 0),
		Vector3.new(-6.2, 14, 0),
		Vector3.new(-5.5, 14.700000000000001, 0),
		Vector3.new(-5, 14.700000000000001, 0),
		Vector3.new(-4.7, 14.3, 0),
	},
	{
		Vector3.new(-4.7, 14.3, 0),
		Vector3.new(-4.5, 13.700000000000001, 0),
		Vector3.new(-3.9000000000000004, 13.5, 0),
		Vector3.new(-3.4000000000000004, 13.200000000000001, 0),
		Vector3.new(-3.5, 12.600000000000001, 0),
		Vector3.new(-2.9000000000000004, 12.8, 0),
		Vector3.new(-2.9000000000000004, 13.3, 0),
		Vector3.new(-2.1, 13.5, 0),
		Vector3.new(-1.3, 13.8, 0),
		Vector3.new(-1, 14.4, 0),
		Vector3.new(-0.8, 14.8, 0),
		Vector3.new(-1.3, 15, 0),
		Vector3.new(-2.3000000000000003, 15.100000000000001, 0),
		Vector3.new(-3, 15.3, 0),
		Vector3.new(-3.6, 15.600000000000001, 0),
		Vector3.new(-4.2, 16, 0),
		Vector3.new(-3.8000000000000003, 16.5, 0),
		Vector3.new(-3, 16.7, 0),
		Vector3.new(-3, 17.7, 0),
		Vector3.new(-3.5, 17.6, 0),
		Vector3.new(-4.1000000000000005, 17.400000000000002, 0),
		Vector3.new(-4.7, 17.2, 0),
		Vector3.new(-5.4, 16.8, 0),
		Vector3.new(-5.1000000000000005, 17.8, 0),
		Vector3.new(-4.800000000000001, 18.2, 0),
		Vector3.new(-4, 19.1, 0),
		Vector3.new(-5.1000000000000005, 19.200000000000003, 0),
		Vector3.new(-5.7, 19.1, 0),
		Vector3.new(-4.6000000000000005, 21, 0),
		Vector3.new(-3.3000000000000003, 22.3, 0),
		Vector3.new(-3.3000000000000003, 23.1, 0),
		Vector3.new(-3.1, 23.6, 0),
		Vector3.new(-2.4000000000000004, 24, 0),
		Vector3.new(-0.8, 24.3, 0),
		Vector3.new(1.2000000000000002, 24.200000000000003, 0),
		Vector3.new(2.4000000000000004, 24, 0),
		Vector3.new(4.3, 23.400000000000002, 0),
		Vector3.new(4.7, 23.1, 0),
		Vector3.new(5.2, 22.5, 0),
		Vector3.new(5.6000000000000005, 21.900000000000002, 0),
		Vector3.new(5.800000000000001, 21.200000000000003, 0),
		Vector3.new(6.5, 18.900000000000002, 0),
	},
	{
		Vector3.new(6.5, 18.900000000000002, 0),
		Vector3.new(6.2, 18, 0),
		Vector3.new(6.7, 17.8, 0),
		Vector3.new(7, 17.3, 0),
		Vector3.new(8.200000000000001, 17.3, 0),
		Vector3.new(8.9, 17.1, 0),
		Vector3.new(9.200000000000001, 16.3, 0),
		Vector3.new(8.9, 15.8, 0),
		Vector3.new(8.3, 15.8, 0),
		Vector3.new(7.6000000000000005, 16.1, 0),
		Vector3.new(7, 16.400000000000002, 0),
		Vector3.new(6.5, 16.900000000000002, 0),
		Vector3.new(6.1000000000000005, 16, 0),
		Vector3.new(6.800000000000001, 15.4, 0),
		Vector3.new(6.5, 14.600000000000001, 0),
		Vector3.new(6.1000000000000005, 14.100000000000001, 0),
		Vector3.new(5.6000000000000005, 13.200000000000001, 0),
		Vector3.new(5.1000000000000005, 12.600000000000001, 0),
		Vector3.new(5.5, 13, 0),
		Vector3.new(6.2, 12.700000000000001, 0),
		Vector3.new(6.6000000000000005, 12.4, 0),
		Vector3.new(6.5, 11.600000000000001, 0),
		Vector3.new(6.300000000000001, 10.9, 0),
		Vector3.new(6.2, 10.200000000000001, 0),
		Vector3.new(5.7, 9.600000000000001, 0),
		Vector3.new(5.2, 9.3, 0),
		Vector3.new(6.1000000000000005, 8.9, 0),
		Vector3.new(6.800000000000001, 8.4, 0),
		Vector3.new(7.300000000000001, 8.200000000000001, 0),
		Vector3.new(6.6000000000000005, 8.5, 0),
		Vector3.new(6.800000000000001, 8.1, 0),
		Vector3.new(6.800000000000001, 7.2, 0),
		Vector3.new(6.1000000000000005, 6.6000000000000005, 0),
		Vector3.new(5.300000000000001, 6.2, 0),
		Vector3.new(4.5, 6, 0),
		Vector3.new(3.7, 5.9, 0),
		Vector3.new(2.9000000000000004, 5.9, 0),
		Vector3.new(2.1, 5.9, 0),
		Vector3.new(1.3, 6.1000000000000005, 0),
		Vector3.new(0.6000000000000001, 7, 0),
		Vector3.new(0.9, 7.800000000000001, 0),
		Vector3.new(0.5, 7.4, 0),
		Vector3.new(0.9, 7.800000000000001, 0),
		Vector3.new(0.7000000000000001, 8.5, 0),
		Vector3.new(0.1, 8, 0),
		Vector3.new(-1, 7.800000000000001, 0),
		Vector3.new(-1.8, 7.7, 0),
		Vector3.new(-2.4000000000000004, 7.6000000000000005, 0),
		Vector3.new(-3, 7.4, 0),
	},
	{
		Vector3.new(-3, 7.4, 0),
		Vector3.new(-4, 7, 0),
		Vector3.new(-4.7, 7, 0),
		Vector3.new(-5.5, 7, 0),
		Vector3.new(-6.2, 7.1000000000000005, 0),
		Vector3.new(-6.800000000000001, 7.2, 0),
		Vector3.new(-7.1000000000000005, 8, 0),
		Vector3.new(-6.7, 8.4, 0),
		Vector3.new(-5.800000000000001, 8.9, 0),
		Vector3.new(-5.2, 8.700000000000001, 0),
		Vector3.new(-4.7, 8, 0),
		Vector3.new(-4.2, 8.200000000000001, 0),
		Vector3.new(-4.7, 8.9, 0),
		Vector3.new(-5.1000000000000005, 9.200000000000001, 0),
		Vector3.new(-4.7, 9.600000000000001, 0),
		Vector3.new(-4.2, 9.3, 0),
		Vector3.new(-3.9000000000000004, 8.9, 0),
		Vector3.new(-3.6, 8.200000000000001, 0),
		Vector3.new(-4.2, 8.700000000000001, 0),
		Vector3.new(-5, 9.200000000000001, 0),
		Vector3.new(-4.4, 9.5, 0),
		Vector3.new(-3.8000000000000003, 9.200000000000001, 0),
		Vector3.new(-3.3000000000000003, 8.8, 0),
		Vector3.new(-2.7, 8.8, 0),
		Vector3.new(-2.8000000000000003, 9.4, 0),
		Vector3.new(-3.5, 9.700000000000001, 0),
		Vector3.new(-4.2, 9.8, 0),
		Vector3.new(-4.7, 10.4, 0),
		Vector3.new(-4.2, 11.4, 0),
		Vector3.new(-4.1000000000000005, 12.200000000000001, 0),
		Vector3.new(-4.800000000000001, 12.4, 0),
		Vector3.new(-5.5, 11.8, 0),
		Vector3.new(-5.9, 11.4, 0),
		Vector3.new(-5.1000000000000005, 12.200000000000001, 0),
		Vector3.new(-4.800000000000001, 12.700000000000001, 0),
		Vector3.new(-5.300000000000001, 13.600000000000001, 0),
		Vector3.new(-6.1000000000000005, 13.5, 0),
		Vector3.new(-6.5, 13.200000000000001, 0),
		Vector3.new(-7, 12.700000000000001, 0),
		Vector3.new(-7.5, 12.3, 0),
		Vector3.new(-7.300000000000001, 13.100000000000001, 0),
		Vector3.new(-6.4, 13.5, 0),
		Vector3.new(-7.300000000000001, 13.700000000000001, 0),
		Vector3.new(-7.800000000000001, 13.200000000000001, 0),
		Vector3.new(-8, 12.600000000000001, 0),
		Vector3.new(-8.4, 12.100000000000001, 0),
		Vector3.new(-8.5, 12.8, 0),
		Vector3.new(-8.3, 13.600000000000001, 0),
		Vector3.new(-7.9, 14.100000000000001, 0),
		Vector3.new(-7.4, 14.4, 0),
		Vector3.new(-6.7, 14.4, 0),
		Vector3.new(-6.300000000000001, 14.8, 0),
	},
	{
		Vector3.new(-6.300000000000001, 14.8, 0),
		Vector3.new(-6.5, 15.3, 0),
		Vector3.new(-7.2, 15.5, 0),
		Vector3.new(-7.9, 15.3, 0),
		Vector3.new(-8.6, 14.8, 0),
		Vector3.new(-8.9, 14.3, 0),
		Vector3.new(-9.200000000000001, 13.4, 0),
		Vector3.new(-9.3, 12.9, 0),
		Vector3.new(-9.8, 13.600000000000001, 0),
		Vector3.new(-9.3, 14.700000000000001, 0),
		Vector3.new(-8.8, 15.3, 0),
		Vector3.new(-8, 15.8, 0),
		Vector3.new(-7.6000000000000005, 15.3, 0),
		Vector3.new(-7.2, 14.600000000000001, 0),
		Vector3.new(-7.1000000000000005, 13.9, 0),
		Vector3.new(-7.7, 13.8, 0),
		Vector3.new(-8.1, 14.5, 0),
		Vector3.new(-8.6, 15.200000000000001, 0),
		Vector3.new(-9.1, 15.600000000000001, 0),
		Vector3.new(-9.4, 15.100000000000001, 0),
		Vector3.new(-9.200000000000001, 14.5, 0),
		Vector3.new(-8.9, 14, 0),
		Vector3.new(-8.3, 13.600000000000001, 0),
		Vector3.new(-7.800000000000001, 13.200000000000001, 0),
		Vector3.new(-8.3, 13, 0),
		Vector3.new(-9.1, 13.4, 0),
		Vector3.new(-9.5, 13.8, 0),
		Vector3.new(-9.5, 13.3, 0),
		Vector3.new(-9, 12.8, 0),
		Vector3.new(-8.5, 12.600000000000001, 0),
		Vector3.new(-7.9, 12.9, 0),
		Vector3.new(-7.4, 13.600000000000001, 0),
		Vector3.new(-6.5, 13.9, 0),
		Vector3.new(-6.7, 14.700000000000001, 0),
		Vector3.new(-6.800000000000001, 15.200000000000001, 0),
		Vector3.new(-7.300000000000001, 15.8, 0),
		Vector3.new(-6.5, 15.3, 0),
		Vector3.new(-6.2, 14.8, 0),
		Vector3.new(-6.2, 14, 0),
		Vector3.new(-5.5, 14.700000000000001, 0),
		Vector3.new(-5, 14.700000000000001, 0),
		Vector3.new(-4.3, 13.4, 0),
		Vector3.new(-3.5, 13.4, 0),
		Vector3.new(-3.5, 12.600000000000001, 0),
		Vector3.new(-4, 11.9, 0),
		Vector3.new(-3.4000000000000004, 12, 0),
		Vector3.new(-2.9000000000000004, 11.8, 0),
		Vector3.new(-2.3000000000000003, 11.9, 0),
		Vector3.new(-2.6, 12.5, 0),
		Vector3.new(-2.4000000000000004, 13, 0),
		Vector3.new(-1.8, 13.4, 0),
	},
	{
		Vector3.new(-1.8, 13.4, 0),
		Vector3.new(-0.2, 14.3, 0),
		Vector3.new(-0.2, 14.9, 0),
		Vector3.new(-0.8, 14.8, 0),
		Vector3.new(-0.2, 14.9, 0),
		Vector3.new(0.9, 14.9, 0),
		Vector3.new(1.5, 15.100000000000001, 0),
		Vector3.new(2, 14.9, 0),
		Vector3.new(2.3000000000000003, 15.200000000000001, 0),
		Vector3.new(2.8000000000000003, 14.700000000000001, 0),
		Vector3.new(2.8000000000000003, 14, 0),
		Vector3.new(2.8000000000000003, 13.3, 0),
		Vector3.new(2.5, 12.700000000000001, 0),
		Vector3.new(1.8, 12, 0),
		Vector3.new(1.6, 11.3, 0),
		Vector3.new(1.8, 10.700000000000001, 0),
		Vector3.new(2.5, 10.600000000000001, 0),
		Vector3.new(3.2, 10.100000000000001, 0),
		Vector3.new(3.6, 10, 0),
		Vector3.new(4.5, 10.5, 0),
		Vector3.new(4.5, 11.3, 0),
		Vector3.new(3.9000000000000004, 11.8, 0),
		Vector3.new(3.3000000000000003, 11.8, 0),
		Vector3.new(3.9000000000000004, 11.8, 0),
		Vector3.new(4.4, 11.3, 0),
		Vector3.new(5, 11.600000000000001, 0),
		Vector3.new(5.300000000000001, 12.100000000000001, 0),
		Vector3.new(5, 11.600000000000001, 0),
		Vector3.new(4.9, 11, 0),
		Vector3.new(5.5, 10.8, 0),
		Vector3.new(6.1000000000000005, 11, 0),
		Vector3.new(6.7, 11.9, 0),
		Vector3.new(5.800000000000001, 13, 0),
		Vector3.new(6.7, 15, 0),
		Vector3.new(6.300000000000001, 15.9, 0),
		Vector3.new(5.7, 16.2, 0),
		Vector3.new(5.2, 15.600000000000001, 0),
		Vector3.new(4.7, 14.600000000000001, 0),
		Vector3.new(4.5, 14.100000000000001, 0),
		Vector3.new(4.1000000000000005, 13.4, 0),
		Vector3.new(4.3, 14.3, 0),
		Vector3.new(4.4, 15.3, 0),
		Vector3.new(4.5, 15.9, 0),
		Vector3.new(4.1000000000000005, 16.3, 0),
		Vector3.new(3.4000000000000004, 16.2, 0),
		Vector3.new(2.9000000000000004, 15.8, 0),
		Vector3.new(2.8000000000000003, 15.3, 0),
		Vector3.new(2.4000000000000004, 15.9, 0),
		Vector3.new(2.4000000000000004, 16.7, 0),
	},
	{
		Vector3.new(2.4000000000000004, 16.7, 0),
		Vector3.new(3, 16.900000000000002, 0),
		Vector3.new(3.7, 16.6, 0),
		Vector3.new(4.4, 16.400000000000002, 0),
		Vector3.new(4.9, 17.1, 0),
		Vector3.new(3.8000000000000003, 17.6, 0),
		Vector3.new(2.5, 18.2, 0),
		Vector3.new(1.8, 18.400000000000002, 0),
		Vector3.new(2.1, 17.7, 0),
		Vector3.new(2.4000000000000004, 16.8, 0),
		Vector3.new(1.4000000000000001, 16.3, 0),
		Vector3.new(0.8, 16, 0),
		Vector3.new(0.30000000000000004, 15.9, 0),
		Vector3.new(-0.5, 15.9, 0),
		Vector3.new(-1.2000000000000002, 16.1, 0),
		Vector3.new(-0.6000000000000001, 15.9, 0),
		Vector3.new(0.2, 15.9, 0),
		Vector3.new(0.8, 16.1, 0),
		Vector3.new(1.3, 15.4, 0),
		Vector3.new(1.8, 14.9, 0),
		Vector3.new(2.2, 15, 0),
		Vector3.new(2.4000000000000004, 16.8, 0),
		Vector3.new(2, 17.7, 0),
		Vector3.new(1.7000000000000002, 18.400000000000002, 0),
		Vector3.new(1.8, 19.1, 0),
		Vector3.new(2.3000000000000003, 19.6, 0),
		Vector3.new(2.7, 20, 0),
		Vector3.new(3.1, 20.3, 0),
		Vector3.new(3.8000000000000003, 20.5, 0),
		Vector3.new(3.1, 20.3, 0),
		Vector3.new(2.7, 20, 0),
		Vector3.new(1.5, 18.7, 0),
		Vector3.new(2, 17.900000000000002, 0),
		Vector3.new(1.9000000000000001, 17.1, 0),
		Vector3.new(1.3, 17.2, 0),
		Vector3.new(1.2000000000000002, 17.7, 0),
		Vector3.new(0.5, 17.400000000000002, 0),
		Vector3.new(0.1, 17.8, 0),
		Vector3.new(0.1, 17.1, 0),
		Vector3.new(0, 16.7, 0),
		Vector3.new(-0.5, 17, 0),
		Vector3.new(-0.7000000000000001, 17.6, 0),
		Vector3.new(-0.8, 18.2, 0),
		Vector3.new(-0.4, 18.6, 0),
		Vector3.new(0.1, 17.900000000000002, 0),
		Vector3.new(-0.2, 18.400000000000002, 0),
		Vector3.new(0.2, 17.8, 0),
		Vector3.new(0.9, 17.7, 0),
		Vector3.new(1.2000000000000002, 18.3, 0),
		Vector3.new(1.5, 18.7, 0),
	},
	{
		Vector3.new(1.5, 18.7, 0),
		Vector3.new(1.3, 19.200000000000003, 0),
		Vector3.new(1, 20.3, 0),
		Vector3.new(0.7000000000000001, 21.200000000000003, 0),
		Vector3.new(0.4, 22.3, 0),
		Vector3.new(0.4, 22.900000000000002, 0),
		Vector3.new(-0.30000000000000004, 22.200000000000003, 0),
		Vector3.new(-0.7000000000000001, 21.700000000000003, 0),
		Vector3.new(-0.8, 21, 0),
		Vector3.new(-1.5, 21.5, 0),
		Vector3.new(-2.2, 22, 0),
		Vector3.new(-3, 22.3, 0),
		Vector3.new(-3.3000000000000003, 23.200000000000003, 0),
		Vector3.new(-2.8000000000000003, 23.900000000000002, 0),
		Vector3.new(-2, 24.1, 0),
		Vector3.new(-0.9, 24.3, 0),
		Vector3.new(1.1, 24.200000000000003, 0),
		Vector3.new(4.3, 23.400000000000002, 0),
		Vector3.new(4, 22.700000000000003, 0),
		Vector3.new(3.5, 21.6, 0),
		Vector3.new(3.3000000000000003, 21.1, 0),
		Vector3.new(3, 20, 0),
		Vector3.new(2.8000000000000003, 19.400000000000002, 0),
		Vector3.new(2.6, 18.6, 0),
		Vector3.new(3.4000000000000004, 17.8, 0),
		Vector3.new(4.6000000000000005, 17.2, 0),
		Vector3.new(4.9, 16.6, 0),
		Vector3.new(5.6000000000000005, 17, 0),
		Vector3.new(5.6000000000000005, 16.3, 0),
		Vector3.new(5.1000000000000005, 16.7, 0),
		Vector3.new(5.6000000000000005, 17.5, 0),
		Vector3.new(6.2, 18, 0),
		Vector3.new(6.6000000000000005, 17.400000000000002, 0),
		Vector3.new(6.1000000000000005, 16, 0),
		Vector3.new(6.7, 15.4, 0),
		Vector3.new(5.5, 13, 0),
		Vector3.new(6.6000000000000005, 12.3, 0),
		Vector3.new(6.5, 11.600000000000001, 0),
	},
	{
		Vector3.new(6.5, 11.600000000000001, 0),
		Vector3.new(6.300000000000001, 11, 0),
		Vector3.new(6.1000000000000005, 10.4, 0),
		Vector3.new(5.300000000000001, 9.8, 0),
		Vector3.new(4.2, 10.200000000000001, 0),
		Vector3.new(4.7, 9.9, 0),
		Vector3.new(4.5, 9.200000000000001, 0),
		Vector3.new(4.9, 8.8, 0),
		Vector3.new(5.300000000000001, 8.4, 0),
		Vector3.new(5.800000000000001, 7.9, 0),
		Vector3.new(4.7, 7.6000000000000005, 0),
		Vector3.new(3.8000000000000003, 7.5, 0),
		Vector3.new(3.2, 7.300000000000001, 0),
		Vector3.new(2.5, 7.2, 0),
		Vector3.new(1.9000000000000001, 7.2, 0),
		Vector3.new(1.7000000000000002, 7.800000000000001, 0),
		Vector3.new(1.5, 8.3, 0),
		Vector3.new(2, 8.8, 0),
		Vector3.new(2.6, 9, 0),
		Vector3.new(3.1, 9.200000000000001, 0),
		Vector3.new(3.6, 8.700000000000001, 0),
		Vector3.new(4, 9, 0),
		Vector3.new(4.6000000000000005, 9, 0),
		Vector3.new(4.9, 8.6, 0),
		Vector3.new(4.3, 8.700000000000001, 0),
		Vector3.new(3.6, 8.6, 0),
		Vector3.new(2.8000000000000003, 8.5, 0),
		Vector3.new(2.1, 8.1, 0),
		Vector3.new(1.8, 7.6000000000000005, 0),
		Vector3.new(2.5, 7.800000000000001, 0),
		Vector3.new(3.1, 7.9, 0),
		Vector3.new(3.6, 8, 0),
		Vector3.new(4.1000000000000005, 8, 0),
		Vector3.new(5, 8.1, 0),
		Vector3.new(5, 8.6, 0),
		Vector3.new(4.6000000000000005, 9.1, 0),
		Vector3.new(3.5, 8.700000000000001, 0),
		Vector3.new(3.1, 9.200000000000001, 0),
		Vector3.new(2.9000000000000004, 9.700000000000001, 0),
		Vector3.new(2.7, 10.3, 0),
		Vector3.new(1.9000000000000001, 10.100000000000001, 0),
		Vector3.new(1.4000000000000001, 9.700000000000001, 0),
		Vector3.new(1.8, 8.700000000000001, 0),
		Vector3.new(1.4000000000000001, 9.4, 0),
		Vector3.new(0.7000000000000001, 9.5, 0),
		Vector3.new(0.2, 9.5, 0),
		Vector3.new(-0.2, 9.3, 0),
		Vector3.new(-0.4, 8.8, 0),
		Vector3.new(0.4, 8.5, 0),
		Vector3.new(-0.30000000000000004, 8.4, 0),
		Vector3.new(-0.30000000000000004, 9.200000000000001, 0),
		Vector3.new(0.2, 9.5, 0),
		Vector3.new(-0.2, 10.3, 0),
		Vector3.new(-0.7000000000000001, 10.700000000000001, 0),
		Vector3.new(-1.1, 10.3, 0),
	},
	{
		Vector3.new(-1.1, 10.3, 0),
		Vector3.new(-1.6, 9.9, 0),
		Vector3.new(-2.1, 9.4, 0),
		Vector3.new(-1.8, 9.9, 0),
		Vector3.new(-2.4000000000000004, 10.600000000000001, 0),
		Vector3.new(-2.9000000000000004, 10.9, 0),
		Vector3.new(-3.5, 10.9, 0),
		Vector3.new(-4.1000000000000005, 10.8, 0),
		Vector3.new(-4.1000000000000005, 11.9, 0),
		Vector3.new(-3.5, 12.600000000000001, 0),
		Vector3.new(-2.9000000000000004, 12.8, 0),
		Vector3.new(-2.9000000000000004, 13.4, 0),
		Vector3.new(-1.8, 13.5, 0),
		Vector3.new(-0.5, 14.100000000000001, 0),
		Vector3.new(0, 13.9, 0),
		Vector3.new(0.8, 14, 0),
		Vector3.new(1.4000000000000001, 13.9, 0),
		Vector3.new(1.7000000000000002, 13.5, 0),
		Vector3.new(1.4000000000000001, 12.8, 0),
		Vector3.new(0.7000000000000001, 12.200000000000001, 0),
		Vector3.new(0, 12, 0),
		Vector3.new(-0.8, 12.3, 0),
		Vector3.new(-1, 13.100000000000001, 0),
		Vector3.new(-0.5, 13.600000000000001, 0),
		Vector3.new(0, 13.200000000000001, 0),
		Vector3.new(0.2, 12.4, 0),
		Vector3.new(-0.4, 12.4, 0),
		Vector3.new(-0.5, 13.100000000000001, 0),
		Vector3.new(-0.1, 13.4, 0),
		Vector3.new(0.5, 12.5, 0),
		Vector3.new(1, 12.8, 0),
		Vector3.new(1.4000000000000001, 13.3, 0),
		Vector3.new(1, 13.700000000000001, 0),
		Vector3.new(0.4, 13.600000000000001, 0),
		Vector3.new(-0.30000000000000004, 13.3, 0),
		Vector3.new(-0.5, 14.100000000000001, 0),
		Vector3.new(-0.2, 14.9, 0),
		Vector3.new(-0.8, 14.9, 0),
		Vector3.new(-2.3000000000000003, 15.100000000000001, 0),
		Vector3.new(-3.6, 15.600000000000001, 0),
		Vector3.new(-4.1000000000000005, 16, 0),
		Vector3.new(-2.8000000000000003, 16.8, 0),
		Vector3.new(-3, 17.7, 0),
		Vector3.new(-2.7, 18.1, 0),
		Vector3.new(-1.9000000000000001, 18.3, 0),
		Vector3.new(-1.1, 18.5, 0),
		Vector3.new(-0.6000000000000001, 18.7, 0),
		Vector3.new(-1.2000000000000002, 19.3, 0),
	},
	{
		Vector3.new(-1.2000000000000002, 19.3, 0),
		Vector3.new(-2, 19.700000000000003, 0),
		Vector3.new(-2.7, 19.200000000000003, 0),
		Vector3.new(-3.1, 18.7, 0),
		Vector3.new(-2.8000000000000003, 19.1, 0),
		Vector3.new(-2.4000000000000004, 19.5, 0),
		Vector3.new(-1.6, 19.5, 0),
		Vector3.new(-0.6000000000000001, 18.7, 0),
		Vector3.new(-3, 17.900000000000002, 0),
		Vector3.new(-2.8000000000000003, 16.8, 0),
		Vector3.new(-4.2, 16.3, 0),
		Vector3.new(-3.7, 15.600000000000001, 0),
		Vector3.new(-2.3000000000000003, 15, 0),
		Vector3.new(-0.8, 14.9, 0),
		Vector3.new(-1, 14.3, 0),
		Vector3.new(-1.7000000000000002, 13.5, 0),
		Vector3.new(-2.7, 12.8, 0),
		Vector3.new(-2.3000000000000003, 11.9, 0),
		Vector3.new(-1.8, 11.600000000000001, 0),
		Vector3.new(-1, 11.4, 0),
		Vector3.new(-0.30000000000000004, 11.3, 0),
		Vector3.new(0.9, 11.200000000000001, 0),
		Vector3.new(1.6, 11.200000000000001, 0),
	},
}
