local wires = {
	{
		Vector3.new(0, 0, 0),
		Vector3.new(1, 0.7000000000000001, 0),
		Vector3.new(1.4000000000000001, 1.9000000000000001, 0),
		Vector3.new(2.4000000000000004, 3, 0),
		Vector3.new(3.9000000000000004, 3.8000000000000003, 0),
		Vector3.new(13.3, 8.3, 0),
		Vector3.new(14.3, 8.1, 0),
		Vector3.new(14.9, 7.1000000000000005, 0),
		Vector3.new(14.9, 6.300000000000001, 0),
		Vector3.new(14.100000000000001, 5.2, 0),
		Vector3.new(11.4, 3.9000000000000004, 0),
		Vector3.new(5.6000000000000005, 1.3, 0),
		Vector3.new(3.9000000000000004, 0.4, 0),
		Vector3.new(1.9000000000000001, 0.30000000000000004, 0),
		Vector3.new(1, 0.8, 0),
		Vector3.new(1.3, 1.7000000000000002, 0),
		Vector3.new(1.9000000000000001, 2.4000000000000004, 0),
	},
	{
		Vector3.new(1.9000000000000001, 2.4000000000000004, 0),
		Vector3.new(3, 3.3000000000000003, 0),
		Vector3.new(4, 3.9000000000000004, 0),
		Vector3.new(4.9, 3.1, 0),
		Vector3.new(5.2, 2.3000000000000003, 0),
		Vector3.new(5.2, 1.1, 0),
		Vector3.new(6.2, 1.6, 0),
		Vector3.new(6.2, 2.6, 0),
		Vector3.new(5.800000000000001, 3.6, 0),
		Vector3.new(5, 4.4, 0),
		Vector3.new(13.3, 8.4, 0),
		Vector3.new(12, 8.700000000000001, 0),
		Vector3.new(10.700000000000001, 9.200000000000001, 0),
		Vector3.new(7.9, 9.3, 0),
		Vector3.new(5.800000000000001, 10.200000000000001, 0),
		Vector3.new(4.800000000000001, 11.5, 0),
		Vector3.new(6.300000000000001, 10.8, 0),
		Vector3.new(8.1, 10.8, 0),
		Vector3.new(10.3, 11.3, 0),
		Vector3.new(13.4, 12.700000000000001, 0),
	},
	{
		Vector3.new(13.4, 12.700000000000001, 0),
		Vector3.new(14.5, 15.5, 0),
		Vector3.new(15.4, 15.700000000000001, 0),
		Vector3.new(17.3, 13.4, 0),
		Vector3.new(16.2, 13, 0),
		Vector3.new(14, 11.700000000000001, 0),
		Vector3.new(10.4, 9.8, 0),
		Vector3.new(10.3, 9.3, 0),
		Vector3.new(11, 9.1, 0),
		Vector3.new(12.4, 8.6, 0),
		Vector3.new(13.8, 8.3, 0),
		Vector3.new(14.9, 8.700000000000001, 0),
		Vector3.new(17.5, 9.3, 0),
		Vector3.new(19.200000000000003, 9.9, 0),
		Vector3.new(16.6, 7.5, 0),
		Vector3.new(14.600000000000001, 5.4, 0),
		Vector3.new(13.3, 3.7, 0),
		Vector3.new(12.200000000000001, 0.6000000000000001, 0),
	},
	{
		Vector3.new(12.200000000000001, 0.6000000000000001, 0),
		Vector3.new(11.3, -3.5, 0),
		Vector3.new(12.5, -3, 0),
		Vector3.new(12.700000000000001, -1.4000000000000001, 0),
		Vector3.new(13.700000000000001, 0, 0),
		Vector3.new(17.8, 5.2, 0),
		Vector3.new(21, 4.5, 0),
		Vector3.new(26.400000000000002, 2.1, 0),
		Vector3.new(21.1, 4.5, 0),
		Vector3.new(17.8, 5.2, 0),
		Vector3.new(15.600000000000001, 2.5, 0),
	},
	{
		Vector3.new(15.600000000000001, 2.5, 0),
		Vector3.new(12.8, -1.3, 0),
		Vector3.new(12.5, -3, 0),
		Vector3.new(12.8, -6.4, 0),
		Vector3.new(13.5, -7.1000000000000005, 0),
		Vector3.new(14.5, -6.2, 0),
		Vector3.new(14.4, -4.2, 0),
		Vector3.new(13.700000000000001, -3.1, 0),
		Vector3.new(12.5, -3.1, 0),
		Vector3.new(12.8, -6.300000000000001, 0),
		Vector3.new(13.5, -7.1000000000000005, 0),
		Vector3.new(14.5, -6.1000000000000005, 0),
		Vector3.new(15.3, -5, 0),
		Vector3.new(15.8, -3.8000000000000003, 0),
		Vector3.new(16, -1.8, 0),
		Vector3.new(18.7, 0.7000000000000001, 0),
		Vector3.new(19.700000000000003, 0.7000000000000001, 0),
		Vector3.new(24.6, -2, 0),
	},
	{
		Vector3.new(24.6, -2, 0),
		Vector3.new(19.8, 0.7000000000000001, 0),
		Vector3.new(18.7, 0.7000000000000001, 0),
		Vector3.new(16.1, -1.8, 0),
		Vector3.new(15.9, -3.2, 0),
		Vector3.new(16.400000000000002, -4.9, 0),
		Vector3.new(18.1, -7.2, 0),
		Vector3.new(19.400000000000002, -8.8, 0),
		Vector3.new(20.1, -8.3, 0),
		Vector3.new(20.6, -6.7, 0),
		Vector3.new(20.200000000000003, -4.800000000000001, 0),
		Vector3.new(19.6, -4.2, 0),
		Vector3.new(18.7, -4.3, 0),
		Vector3.new(19.6, -4.2, 0),
		Vector3.new(20.700000000000003, -5, 0),
		Vector3.new(21.5, -6, 0),
		Vector3.new(20.200000000000003, -7.7, 0),
		Vector3.new(19.200000000000003, -9.600000000000001, 0),
		Vector3.new(18.8, -11.5, 0),
		Vector3.new(19.200000000000003, -9.600000000000001, 0),
		Vector3.new(19.6, -8.9, 0),
	},
	{
		Vector3.new(19.6, -8.9, 0),
		Vector3.new(16.400000000000002, -5, 0),
		Vector3.new(15.9, -3.2, 0),
		Vector3.new(16, -1.8, 0),
		Vector3.new(15.9, -3.4000000000000004, 0),
		Vector3.new(15.4, -4.9, 0),
		Vector3.new(14.5, -6.2, 0),
		Vector3.new(14.3, -4.2, 0),
		Vector3.new(13.8, -3.1, 0),
		Vector3.new(12.600000000000001, -3.1, 0),
		Vector3.new(11.600000000000001, -3.5, 0),
		Vector3.new(12.100000000000001, 0.4, 0),
		Vector3.new(13.4, 3.7, 0),
		Vector3.new(20.8, 11.4, 0),
		Vector3.new(21.6, 11.4, 0),
	},
	{
		Vector3.new(21.6, 11.4, 0),
		Vector3.new(23.1, 10.5, 0),
		Vector3.new(25.1, 8.8, 0),
		Vector3.new(27.200000000000003, 6.9, 0),
		Vector3.new(21.900000000000002, 11.3, 0),
		Vector3.new(20.700000000000003, 11.200000000000001, 0),
		Vector3.new(19.200000000000003, 9.9, 0),
		Vector3.new(13.5, 8.4, 0),
		Vector3.new(10.3, 9.600000000000001, 0),
		Vector3.new(16.7, 13.200000000000001, 0),
		Vector3.new(18.1, 13.600000000000001, 0),
	},
	{
		Vector3.new(18.1, 13.600000000000001, 0),
		Vector3.new(19.700000000000003, 15.8, 0),
		Vector3.new(20.400000000000002, 15.5, 0),
		Vector3.new(22.1, 16.400000000000002, 0),
		Vector3.new(23.700000000000003, 18.1, 0),
		Vector3.new(23.900000000000002, 19.700000000000003, 0),
		Vector3.new(22.700000000000003, 20.700000000000003, 0),
		Vector3.new(21, 19.700000000000003, 0),
		Vector3.new(19.8, 20.8, 0),
		Vector3.new(18.5, 20.8, 0),
		Vector3.new(17.7, 20, 0),
		Vector3.new(17.6, 18.8, 0),
		Vector3.new(17.900000000000002, 17.8, 0),
		Vector3.new(19.8, 15.9, 0),
		Vector3.new(20.3, 15.5, 0),
		Vector3.new(22.1, 16.5, 0),
		Vector3.new(23.700000000000003, 18.2, 0),
		Vector3.new(23.8, 19.8, 0),
		Vector3.new(22.700000000000003, 20.8, 0),
		Vector3.new(21.1, 19.8, 0),
		Vector3.new(22.3, 24.900000000000002, 0),
	},
	{
		Vector3.new(22.3, 24.900000000000002, 0),
		Vector3.new(22.700000000000003, 29.3, 0),
		Vector3.new(19.8, 44.2, 0),
		Vector3.new(17.900000000000002, 51.6, 0),
	},
	{
		Vector3.new(17.900000000000002, 51.6, 0),
		Vector3.new(20.6, 40, 0),
		Vector3.new(22.700000000000003, 29.5, 0),
		Vector3.new(22.3, 24.900000000000002, 0),
		Vector3.new(21.200000000000003, 19.900000000000002, 0),
		Vector3.new(21.400000000000002, 23.200000000000003, 0),
	},
	{
		Vector3.new(21.400000000000002, 23.200000000000003, 0),
		Vector3.new(20.200000000000003, 26.5, 0),
		Vector3.new(18.7, 30.6, 0),
		Vector3.new(15.700000000000001, 35.9, 0),
		Vector3.new(13.4, 39, 0),
		Vector3.new(15.700000000000001, 35.9, 0),
		Vector3.new(18.7, 30.5, 0),
		Vector3.new(21.400000000000002, 23.400000000000002, 0),
	},
	{
		Vector3.new(21.400000000000002, 23.400000000000002, 0),
		Vector3.new(21.1, 19.8, 0),
		Vector3.new(19.8, 20.8, 0),
		Vector3.new(18.5, 20.8, 0),
		Vector3.new(17.7, 19.900000000000002, 0),
		Vector3.new(17.6, 18.7, 0),
		Vector3.new(17.900000000000002, 17.8, 0),
		Vector3.new(19.8, 15.9, 0),
		Vector3.new(18.1, 13.600000000000001, 0),
		Vector3.new(17.2, 13.4, 0),
		Vector3.new(15.700000000000001, 15.700000000000001, 0),
		Vector3.new(16.3, 17.5, 0),
		Vector3.new(16, 19, 0),
		Vector3.new(15.100000000000001, 19.6, 0),
		Vector3.new(13.9, 19, 0),
		Vector3.new(13, 19.8, 0),
		Vector3.new(11.9, 19.5, 0),
		Vector3.new(11.600000000000001, 18.6, 0),
		Vector3.new(12.3, 17.400000000000002, 0),
		Vector3.new(13.5, 16.400000000000002, 0),
		Vector3.new(14.8, 17, 0),
		Vector3.new(15.8, 17.8, 0),
		Vector3.new(16.1, 18.900000000000002, 0),
		Vector3.new(16.7, 19.8, 0),
		Vector3.new(16.900000000000002, 21, 0),
	},
	{
		Vector3.new(16.900000000000002, 21, 0),
		Vector3.new(17.2, 22.8, 0),
		Vector3.new(19.3, 24, 0),
		Vector3.new(16.900000000000002, 23.3, 0),
		Vector3.new(13.3, 24.6, 0),
		Vector3.new(13.3, 26, 0),
		Vector3.new(11.8, 25.400000000000002, 0),
		Vector3.new(8.6, 26.6, 0),
		Vector3.new(7.6000000000000005, 28.400000000000002, 0),
		Vector3.new(6.300000000000001, 27.1, 0),
		Vector3.new(4.800000000000001, 26.5, 0),
		Vector3.new(3.6, 25.8, 0),
		Vector3.new(2.5, 26.6, 0),
		Vector3.new(2.1, 25.200000000000003, 0),
		Vector3.new(-0.1, 23, 0),
		Vector3.new(0.8, 23.3, 0),
		Vector3.new(-1, 20.900000000000002, 0),
		Vector3.new(0.9, 22, 0),
	},
	{
		Vector3.new(0.9, 22, 0),
		Vector3.new(3.2, 22.200000000000003, 0),
		Vector3.new(3.9000000000000004, 22.900000000000002, 0),
		Vector3.new(6.2, 23.6, 0),
		Vector3.new(7.7, 22.900000000000002, 0),
		Vector3.new(8.3, 23.8, 0),
		Vector3.new(11.100000000000001, 23, 0),
		Vector3.new(12, 22, 0),
		Vector3.new(12.8, 22.5, 0),
		Vector3.new(16.900000000000002, 20.900000000000002, 0),
		Vector3.new(17.2, 22.8, 0),
		Vector3.new(19.3, 24, 0),
		Vector3.new(16.900000000000002, 23.3, 0),
		Vector3.new(16.1, 27.5, 0),
		Vector3.new(14.8, 31.700000000000003, 0),
	},
	{
		Vector3.new(14.8, 31.700000000000003, 0),
		Vector3.new(12.8, 36.300000000000004, 0),
		Vector3.new(8.9, 44.1, 0),
		Vector3.new(7.800000000000001, 45.900000000000006, 0),
		Vector3.new(8.9, 44.2, 0),
		Vector3.new(13.8, 34.2, 0),
		Vector3.new(15.4, 29.700000000000003, 0),
		Vector3.new(16.400000000000002, 26.200000000000003, 0),
	},
	{
		Vector3.new(16.400000000000002, 26.200000000000003, 0),
		Vector3.new(15, 28.1, 0),
		Vector3.new(12.700000000000001, 30.900000000000002, 0),
		Vector3.new(10.600000000000001, 32.9, 0),
		Vector3.new(8.200000000000001, 35.300000000000004, 0),
		Vector3.new(5.5, 38.300000000000004, 0),
		Vector3.new(3.1, 41.6, 0),
		Vector3.new(1, 44.800000000000004, 0),
		Vector3.new(-1.4000000000000001, 48.400000000000006, 0),
		Vector3.new(-0.8, 45.2, 0),
		Vector3.new(-0.6000000000000001, 41.900000000000006, 0),
		Vector3.new(-0.6000000000000001, 39.400000000000006, 0),
	},
	{
		Vector3.new(-0.6000000000000001, 39.400000000000006, 0),
		Vector3.new(-0.5, 37.2, 0),
		Vector3.new(-0.6000000000000001, 35.6, 0),
		Vector3.new(-0.5, 33.9, 0),
		Vector3.new(-1, 28.5, 0),
		Vector3.new(-1.8, 25.900000000000002, 0),
		Vector3.new(-1.2000000000000002, 27.700000000000003, 0),
		Vector3.new(0.2, 28.400000000000002, 0),
		Vector3.new(3.3000000000000003, 29.6, 0),
		Vector3.new(7, 29.700000000000003, 0),
		Vector3.new(10.9, 28.900000000000002, 0),
		Vector3.new(15, 27.6, 0),
		Vector3.new(10.9, 28.900000000000002, 0),
	},
	{
		Vector3.new(10.9, 28.900000000000002, 0),
		Vector3.new(7.4, 29.700000000000003, 0),
		Vector3.new(3.2, 29.6, 0),
		Vector3.new(-1.1, 27.700000000000003, 0),
		Vector3.new(-2.6, 22.900000000000002, 0),
		Vector3.new(-3.8000000000000003, 20.700000000000003, 0),
		Vector3.new(-6.4, 16.5, 0),
		Vector3.new(-7.1000000000000005, 15.4, 0),
		Vector3.new(-6, 15.200000000000001, 0),
		Vector3.new(-3.6, 15.3, 0),
		Vector3.new(-1.5, 16.1, 0),
		Vector3.new(-3, 16.3, 0),
		Vector3.new(-5.7, 17.6, 0),
	},
	{
		Vector3.new(-5.7, 17.6, 0),
		Vector3.new(-8.9, 14, 0),
		Vector3.new(-6.300000000000001, 18.7, 0),
		Vector3.new(-9.5, 15.4, 0),
		Vector3.new(-13, 13.700000000000001, 0),
		Vector3.new(-15.5, 13, 0),
		Vector3.new(-17.1, 13.100000000000001, 0),
		Vector3.new(-14.5, 14.700000000000001, 0),
		Vector3.new(-12.700000000000001, 17.2, 0),
		Vector3.new(-10.5, 22.700000000000003, 0),
	},
	{
		Vector3.new(-10.5, 22.700000000000003, 0),
		Vector3.new(-9.8, 26.3, 0),
		Vector3.new(-9.1, 30.6, 0),
		Vector3.new(-8.9, 34.9, 0),
		Vector3.new(-9, 39.6, 0),
		Vector3.new(-9.600000000000001, 41.900000000000006, 0),
		Vector3.new(-10.4, 39.1, 0),
		Vector3.new(-11.600000000000001, 35.9, 0),
		Vector3.new(-12.700000000000001, 32.800000000000004, 0),
		Vector3.new(-14.200000000000001, 29.900000000000002, 0),
		Vector3.new(-16, 27.200000000000003, 0),
	},
	{
		Vector3.new(-16, 27.200000000000003, 0),
		Vector3.new(-18.5, 24.8, 0),
		Vector3.new(-15.600000000000001, 29.200000000000003, 0),
		Vector3.new(-15.3, 30.1, 0),
		Vector3.new(-14.200000000000001, 32.7, 0),
		Vector3.new(-13, 37.4, 0),
		Vector3.new(-12.4, 40.300000000000004, 0),
		Vector3.new(-12.3, 43.7, 0),
		Vector3.new(-12.100000000000001, 47.400000000000006, 0),
		Vector3.new(-12.200000000000001, 50.900000000000006, 0),
		Vector3.new(-12.200000000000001, 51.900000000000006, 0),
	},
	{
		Vector3.new(-12.200000000000001, 51.900000000000006, 0),
		Vector3.new(-12.3, 42.300000000000004, 0),
		Vector3.new(-14.100000000000001, 32.800000000000004, 0),
		Vector3.new(-18.3, 25.1, 0),
		Vector3.new(-15.8, 27.3, 0),
		Vector3.new(-15.100000000000001, 28.6, 0),
		Vector3.new(-14.100000000000001, 26.200000000000003, 0),
		Vector3.new(-13.200000000000001, 24, 0),
	},
	{
		Vector3.new(-13.200000000000001, 24, 0),
		Vector3.new(-11.200000000000001, 21.6, 0),
		Vector3.new(-12.5, 17.900000000000002, 0),
		Vector3.new(-15.9, 20.6, 0),
		Vector3.new(-17.900000000000002, 22.5, 0),
		Vector3.new(-19.700000000000003, 25.3, 0),
		Vector3.new(-21.5, 29.1, 0),
		Vector3.new(-22.700000000000003, 33.300000000000004, 0),
		Vector3.new(-20.8, 34.800000000000004, 0),
		Vector3.new(-23, 33.1, 0),
		Vector3.new(-25, 31.8, 0),
		Vector3.new(-28, 30.6, 0),
	},
	{
		Vector3.new(-28, 30.6, 0),
		Vector3.new(-24.900000000000002, 31.8, 0),
		Vector3.new(-22.900000000000002, 33.2, 0),
		Vector3.new(-24.3, 38.2, 0),
		Vector3.new(-25.5, 42.900000000000006, 0),
		Vector3.new(-27.400000000000002, 37.9, 0),
		Vector3.new(-29.6, 33.9, 0),
		Vector3.new(-31.5, 29.900000000000002, 0),
		Vector3.new(-33.9, 25.5, 0),
	},
	{
		Vector3.new(-33.9, 25.5, 0),
		Vector3.new(-36.6, 20.700000000000003, 0),
		Vector3.new(-38.6, 16, 0),
		Vector3.new(-38.400000000000006, 20.400000000000002, 0),
		Vector3.new(-38.2, 23.900000000000002, 0),
		Vector3.new(-36.9, 28.5, 0),
		Vector3.new(-35.300000000000004, 34.5, 0),
		Vector3.new(-34.6, 37.2, 0),
	},
	{
		Vector3.new(-34.6, 37.2, 0),
		Vector3.new(-37, 28.3, 0),
		Vector3.new(-38.1, 23.900000000000002, 0),
		Vector3.new(-38.800000000000004, 16.1, 0),
		Vector3.new(-38.5, 12.9, 0),
		Vector3.new(-39.5, 14.100000000000001, 0),
		Vector3.new(-40.800000000000004, 17.400000000000002, 0),
		Vector3.new(-41.800000000000004, 21.5, 0),
		Vector3.new(-42.300000000000004, 24.1, 0),
	},
	{
		Vector3.new(-42.300000000000004, 24.1, 0),
		Vector3.new(-41.900000000000006, 22, 0),
		Vector3.new(-40.800000000000004, 17.400000000000002, 0),
		Vector3.new(-39.6, 14.200000000000001, 0),
		Vector3.new(-38.800000000000004, 13.3, 0),
		Vector3.new(-38.2, 12.3, 0),
		Vector3.new(-40.5, 12.100000000000001, 0),
		Vector3.new(-38.400000000000006, 10.700000000000001, 0),
		Vector3.new(-37.9, 9.8, 0),
		Vector3.new(-38.5, 9.1, 0),
		Vector3.new(-39.5, 9.700000000000001, 0),
		Vector3.new(-40.7, 9.3, 0),
		Vector3.new(-41.2, 8.3, 0),
		Vector3.new(-40.6, 7.1000000000000005, 0),
		Vector3.new(-38.6, 5.800000000000001, 0),
		Vector3.new(-37.2, 5.4, 0),
		Vector3.new(-35.9, 6.5, 0),
		Vector3.new(-35.2, 8, 0),
		Vector3.new(-35.4, 9.5, 0),
		Vector3.new(-36.6, 10.3, 0),
		Vector3.new(-38.300000000000004, 9.600000000000001, 0),
		Vector3.new(-37.6, 10.100000000000001, 0),
	},
	{
		Vector3.new(-37.6, 10.100000000000001, 0),
		Vector3.new(-36.4, 10.100000000000001, 0),
		Vector3.new(-35.4, 9.3, 0),
		Vector3.new(-34.800000000000004, 9.1, 0),
		Vector3.new(-35.4, 10.9, 0),
		Vector3.new(-33.2, 13.700000000000001, 0),
		Vector3.new(-32.4, 13.3, 0),
		Vector3.new(-31.900000000000002, 14.700000000000001, 0),
		Vector3.new(-29.400000000000002, 17, 0),
		Vector3.new(-27.900000000000002, 16.900000000000002, 0),
		Vector3.new(-27.400000000000002, 17.8, 0),
		Vector3.new(-24.1, 18.3, 0),
		Vector3.new(-23.400000000000002, 17.6, 0),
		Vector3.new(-22.700000000000003, 18.1, 0),
		Vector3.new(-18.8, 18.6, 0),
		Vector3.new(-20.700000000000003, 19.5, 0),
		Vector3.new(-19.700000000000003, 20.1, 0),
		Vector3.new(-22.900000000000002, 20.6, 0),
		Vector3.new(-23.8, 22.5, 0),
		Vector3.new(-24.700000000000003, 21.1, 0),
	},
	{
		Vector3.new(-24.700000000000003, 21.1, 0),
		Vector3.new(-26.700000000000003, 21.3, 0),
		Vector3.new(-28.1, 21.400000000000002, 0),
		Vector3.new(-30.200000000000003, 22.400000000000002, 0),
		Vector3.new(-30.6, 20.5, 0),
		Vector3.new(-31.1, 19.5, 0),
		Vector3.new(-33.800000000000004, 16.8, 0),
		Vector3.new(-35.6, 16.5, 0),
		Vector3.new(-34.7, 14.9, 0),
		Vector3.new(-36.1, 12.600000000000001, 0),
		Vector3.new(-38.2, 12.600000000000001, 0),
		Vector3.new(-38.5, 15.4, 0),
		Vector3.new(-37.4, 18.2, 0),
		Vector3.new(-34.2, 20.5, 0),
		Vector3.new(-30.400000000000002, 23.5, 0),
	},
	{
		Vector3.new(-30.400000000000002, 23.5, 0),
		Vector3.new(-26.200000000000003, 24.900000000000002, 0),
		Vector3.new(-21.400000000000002, 24.700000000000003, 0),
		Vector3.new(-26, 24.8, 0),
		Vector3.new(-30.6, 23.400000000000002, 0),
		Vector3.new(-28.6, 24.8, 0),
		Vector3.new(-25.200000000000003, 25.8, 0),
		Vector3.new(-22.400000000000002, 26.1, 0),
		Vector3.new(-25.400000000000002, 25.8, 0),
		Vector3.new(-30.6, 23.400000000000002, 0),
	},
	{
		Vector3.new(-30.6, 23.400000000000002, 0),
		Vector3.new(-37.1, 18.5, 0),
		Vector3.new(-38.400000000000006, 15.9, 0),
		Vector3.new(-38.1, 12.700000000000001, 0),
		Vector3.new(-40.300000000000004, 11.8, 0),
		Vector3.new(-38.300000000000004, 10.5, 0),
		Vector3.new(-38, 9.4, 0),
		Vector3.new(-38.5, 9.1, 0),
		Vector3.new(-39.5, 9.8, 0),
		Vector3.new(-40.5, 9.5, 0),
		Vector3.new(-41.2, 8.200000000000001, 0),
		Vector3.new(-40.5, 7.4, 0),
		Vector3.new(-39.5, 6.5, 0),
		Vector3.new(-37.5, 5.5, 0),
		Vector3.new(-36.5, 4.3, 0),
		Vector3.new(-38.300000000000004, 3.3000000000000003, 0),
		Vector3.new(-39.7, 3.8000000000000003, 0),
		Vector3.new(-40.6, 5, 0),
	},
	{
		Vector3.new(-40.6, 5, 0),
		Vector3.new(-36.6, 4.5, 0),
		Vector3.new(-40.7, 7.300000000000001, 0),
		Vector3.new(-41.1, 8.4, 0),
		Vector3.new(-40.800000000000004, 9.3, 0),
		Vector3.new(-42.400000000000006, 9.1, 0),
		Vector3.new(-40.300000000000004, 9.5, 0),
		Vector3.new(-39.6, 9.9, 0),
		Vector3.new(-38.400000000000006, 9.200000000000001, 0),
		Vector3.new(-38, 9.700000000000001, 0),
		Vector3.new(-38.800000000000004, 11, 0),
		Vector3.new(-40.5, 12, 0),
		Vector3.new(-42.5, 12.9, 0),
		Vector3.new(-40.400000000000006, 12, 0),
		Vector3.new(-38.400000000000006, 10.5, 0),
		Vector3.new(-38.1, 9.700000000000001, 0),
		Vector3.new(-38.5, 9.200000000000001, 0),
		Vector3.new(-39.5, 9.8, 0),
		Vector3.new(-40.7, 9.3, 0),
		Vector3.new(-41.1, 8.5, 0),
		Vector3.new(-40.6, 7.4, 0),
	},
	{
		Vector3.new(-40.6, 7.4, 0),
		Vector3.new(-36.800000000000004, 4.6000000000000005, 0),
		Vector3.new(-40.6, 5.5, 0),
		Vector3.new(-42.6, 6.1000000000000005, 0),
		Vector3.new(-40.6, 5.4, 0),
		Vector3.new(-36.5, 4.5, 0),
		Vector3.new(-38.300000000000004, 3.3000000000000003, 0),
		Vector3.new(-39.1, 2.5, 0),
		Vector3.new(-41, 2.2, 0),
		Vector3.new(-42.5, 2.7, 0),
		Vector3.new(-40.900000000000006, 2.3000000000000003, 0),
		Vector3.new(-39.1, 2.5, 0),
		Vector3.new(-40.900000000000006, 2.2, 0),
		Vector3.new(-39.5, 1.9000000000000001, 0),
		Vector3.new(-38.400000000000006, 1.1, 0),
		Vector3.new(-39.5, -0.5, 0),
		Vector3.new(-40.2, -2.1, 0),
	},
	{
		Vector3.new(-40.2, -2.1, 0),
		Vector3.new(-41.900000000000006, -6.2, 0),
		Vector3.new(-41.300000000000004, -2.8000000000000003, 0),
		Vector3.new(-40.800000000000004, -0.9, 0),
		Vector3.new(-40.1, -1.6, 0),
		Vector3.new(-39.5, -0.4, 0),
		Vector3.new(-38.400000000000006, 1.2000000000000002, 0),
		Vector3.new(-37.800000000000004, 1.8, 0),
		Vector3.new(-36.9, 1.8, 0),
		Vector3.new(-35.6, 1.1, 0),
		Vector3.new(-33.6, -0.2, 0),
		Vector3.new(-32.7, -0.8, 0),
		Vector3.new(-32.6, -1.9000000000000001, 0),
		Vector3.new(-33.9, -1.6, 0),
		Vector3.new(-34.9, -1.6, 0),
		Vector3.new(-36.7, -3.5, 0),
		Vector3.new(-38, -5.7, 0),
		Vector3.new(-39.400000000000006, -8.5, 0),
	},
	{
		Vector3.new(-39.400000000000006, -8.5, 0),
		Vector3.new(-36.800000000000004, -3.5, 0),
		Vector3.new(-34.9, -1.6, 0),
		Vector3.new(-32.800000000000004, -1.8, 0),
		Vector3.new(-31.1, -2.9000000000000004, 0),
		Vector3.new(-30.700000000000003, -4, 0),
		Vector3.new(-30.700000000000003, -5.9, 0),
		Vector3.new(-30.900000000000002, -8.700000000000001, 0),
		Vector3.new(-32, -8.200000000000001, 0),
		Vector3.new(-33.4, -7.6000000000000005, 0),
		Vector3.new(-33.1, -5.9, 0),
		Vector3.new(-33.800000000000004, -7.6000000000000005, 0),
		Vector3.new(-32.6, -6.300000000000001, 0),
		Vector3.new(-33.800000000000004, -7.6000000000000005, 0),
		Vector3.new(-30.900000000000002, -9.1, 0),
		Vector3.new(-28.900000000000002, -8.700000000000001, 0),
		Vector3.new(-26.200000000000003, -9, 0),
	},
	{
		Vector3.new(-26.200000000000003, -9, 0),
		Vector3.new(-23.900000000000002, -9.8, 0),
		Vector3.new(-26.400000000000002, -8.9, 0),
		Vector3.new(-28.8, -8.700000000000001, 0),
		Vector3.new(-31, -9.1, 0),
		Vector3.new(-30.6, -3.8000000000000003, 0),
		Vector3.new(-32.300000000000004, -1.9000000000000001, 0),
		Vector3.new(-29.200000000000003, -2.4000000000000004, 0),
		Vector3.new(-27.200000000000003, -2.3000000000000003, 0),
		Vector3.new(-25.400000000000002, -1.4000000000000001, 0),
		Vector3.new(-23.900000000000002, 0, 0),
		Vector3.new(-22.5, 1.4000000000000001, 0),
		Vector3.new(-22, 3.2, 0),
		Vector3.new(-23.200000000000003, 6.1000000000000005, 0),
		Vector3.new(-23.8, 4.6000000000000005, 0),
		Vector3.new(-25, 2.5, 0),
	},
	{
		Vector3.new(-25, 2.5, 0),
		Vector3.new(-27, 1, 0),
		Vector3.new(-29.1, -0.2, 0),
		Vector3.new(-31.8, 0.6000000000000001, 0),
		Vector3.new(-33.9, 2.2, 0),
		Vector3.new(-35.7, 3.8000000000000003, 0),
		Vector3.new(-36.6, 4.5, 0),
		Vector3.new(-38.400000000000006, 3.3000000000000003, 0),
		Vector3.new(-39, 2.7, 0),
		Vector3.new(-41, 2.2, 0),
		Vector3.new(-39.6, 1.8, 0),
		Vector3.new(-38.5, 1.2000000000000002, 0),
		Vector3.new(-37.5, 1.8, 0),
		Vector3.new(-36.800000000000004, 1.8, 0),
		Vector3.new(-32.9, -0.8, 0),
		Vector3.new(-32.7, -1.5, 0),
		Vector3.new(-25.900000000000002, -4.1000000000000005, 0),
	},
	{
		Vector3.new(-25.900000000000002, -4.1000000000000005, 0),
		Vector3.new(-23.700000000000003, -5.300000000000001, 0),
		Vector3.new(-22, -7, 0),
		Vector3.new(-18.5, -10.100000000000001, 0),
		Vector3.new(-13.700000000000001, -12, 0),
		Vector3.new(-8.3, -13.100000000000001, 0),
		Vector3.new(-6, -13.100000000000001, 0),
		Vector3.new(-2.2, -11.100000000000001, 0),
		Vector3.new(1.5, -8.8, 0),
		Vector3.new(4.1000000000000005, -6.9, 0),
		Vector3.new(6.800000000000001, -4.9, 0),
	},
	{
		Vector3.new(6.800000000000001, -4.9, 0),
		Vector3.new(8.9, -2.7, 0),
		Vector3.new(9.3, -0.6000000000000001, 0),
		Vector3.new(11.100000000000001, 3.8000000000000003, 0),
		Vector3.new(9.1, -1, 0),
		Vector3.new(9, -2.8000000000000003, 0),
		Vector3.new(9.4, -6.5, 0),
		Vector3.new(10.3, -10, 0),
		Vector3.new(11.3, -14, 0),
		Vector3.new(12.700000000000001, -17.6, 0),
		Vector3.new(11.8, -15.5, 0),
		Vector3.new(10.600000000000001, -16.2, 0),
		Vector3.new(8.700000000000001, -16.1, 0),
	},
	{
		Vector3.new(8.700000000000001, -16.1, 0),
		Vector3.new(7.5, -15.100000000000001, 0),
		Vector3.new(6.1000000000000005, -15, 0),
		Vector3.new(5.300000000000001, -15.5, 0),
		Vector3.new(3.3000000000000003, -15.5, 0),
		Vector3.new(2.3000000000000003, -15.3, 0),
		Vector3.new(2.8000000000000003, -12.8, 0),
		Vector3.new(3.1, -10.700000000000001, 0),
		Vector3.new(3.2, -8.6, 0),
		Vector3.new(3.3000000000000003, -7.7, 0),
		Vector3.new(4.6000000000000005, -8.5, 0),
		Vector3.new(5.300000000000001, -9.9, 0),
		Vector3.new(6.5, -11.700000000000001, 0),
		Vector3.new(4.2, -8.3, 0),
		Vector3.new(3.5, -7.800000000000001, 0),
		Vector3.new(1.8, -8.9, 0),
		Vector3.new(0.9, -11.100000000000001, 0),
		Vector3.new(0.1, -13.600000000000001, 0),
		Vector3.new(0.5, -11.4, 0),
		Vector3.new(0.5, -10, 0),
		Vector3.new(-0.8, -10.3, 0),
	},
	{
		Vector3.new(-0.8, -10.3, 0),
		Vector3.new(-4, -12, 0),
		Vector3.new(-6, -13, 0),
		Vector3.new(-8.200000000000001, -13.100000000000001, 0),
		Vector3.new(-14, -11.9, 0),
		Vector3.new(-18.3, -10, 0),
		Vector3.new(-17.6, -11.3, 0),
		Vector3.new(-17.3, -13.3, 0),
		Vector3.new(-17.3, -15.3, 0),
		Vector3.new(-17.7, -17.7, 0),
		Vector3.new(-17.3, -15.5, 0),
		Vector3.new(-15.9, -16.2, 0),
		Vector3.new(-13.5, -17.7, 0),
		Vector3.new(-17.3, -15.5, 0),
	},
	{
		Vector3.new(-17.3, -15.5, 0),
		Vector3.new(-17.3, -13.4, 0),
		Vector3.new(-17.7, -10.200000000000001, 0),
		Vector3.new(-13.8, -12, 0),
		Vector3.new(-8.200000000000001, -13.100000000000001, 0),
		Vector3.new(-6, -13.100000000000001, 0),
		Vector3.new(0.4, -10, 0),
		Vector3.new(-0.30000000000000004, -15, 0),
		Vector3.new(-3.1, -17.8, 0),
		Vector3.new(-0.30000000000000004, -15, 0),
	},
	{
		Vector3.new(-0.30000000000000004, -15, 0),
		Vector3.new(1.6, -9.200000000000001, 0),
		Vector3.new(3.2, -8.1, 0),
		Vector3.new(2.8000000000000003, -12.9, 0),
		Vector3.new(2.1, -15.3, 0),
		Vector3.new(0.1, -17.900000000000002, 0),
		Vector3.new(2.2, -14.9, 0),
		Vector3.new(2.9000000000000004, -12.600000000000001, 0),
		Vector3.new(3.2, -9.5, 0),
		Vector3.new(3.2, -8.200000000000001, 0),
		Vector3.new(8.5, -3.1, 0),
		Vector3.new(8.9, -2.6, 0),
	},
	{
		Vector3.new(8.9, -2.6, 0),
		Vector3.new(9.4, -0.5, 0),
		Vector3.new(10.5, 2.3000000000000003, 0),
		Vector3.new(11.100000000000001, 3.9000000000000004, 0),
		Vector3.new(4.1000000000000005, 0.4, 0),
		Vector3.new(2.2, 0.4, 0),
		Vector3.new(0.9, 0.7000000000000001, 0),
		Vector3.new(0, 0.1, 0),
		Vector3.new(-1.2000000000000002, 5, 0),
		Vector3.new(-2.5, 3.8000000000000003, 0),
		Vector3.new(-4.6000000000000005, 3.7, 0),
		Vector3.new(-6.6000000000000005, 4.1000000000000005, 0),
		Vector3.new(-7.7, 3.9000000000000004, 0),
		Vector3.new(-8.8, 3, 0),
		Vector3.new(-10.200000000000001, 2.3000000000000003, 0),
		Vector3.new(-11.3, 2, 0),
		Vector3.new(-12.4, 1.8, 0),
		Vector3.new(-13.600000000000001, 2.3000000000000003, 0),
	},
}
