local wires = {
	{
		Vector3.new(0, 0, 0),
		Vector3.new(4.6000000000000005, -0.30000000000000004, 0),
		Vector3.new(10.5, -2.4000000000000004, 0),
		Vector3.new(13.5, -4.4, 0),
		Vector3.new(13.9, -5.5, 0),
		Vector3.new(13.100000000000001, -10, 0),
		Vector3.new(11.8, -15.5, 0),
		Vector3.new(12.700000000000001, -20, 0),
		Vector3.new(15.600000000000001, -22.3, 0),
	},
	{
		Vector3.new(15.600000000000001, -22.3, 0),
		Vector3.new(15.9, -26.5, 0),
		Vector3.new(17, -33.300000000000004, 0),
		Vector3.new(16.2, -32.1, 0),
		Vector3.new(15.100000000000001, -36, 0),
		Vector3.new(13.4, -36.300000000000004, 0),
		Vector3.new(11.200000000000001, -35.800000000000004, 0),
		Vector3.new(11.5, -34.7, 0),
		Vector3.new(12, -33.9, 0),
		Vector3.new(12.600000000000001, -33.300000000000004, 0),
		Vector3.new(13.3, -32.5, 0),
		Vector3.new(13.8, -31.3, 0),
		Vector3.new(13.9, -29.8, 0),
		Vector3.new(13.4, -26, 0),
		Vector3.new(12, -23, 0),
	},
	{
		Vector3.new(12, -23, 0),
		Vector3.new(9.700000000000001, -20.200000000000003, 0),
		Vector3.new(8.5, -19.900000000000002, 0),
		Vector3.new(8, -24.3, 0),
		Vector3.new(8.8, -26.200000000000003, 0),
		Vector3.new(8.5, -27.5, 0),
		Vector3.new(6.4, -29.900000000000002, 0),
		Vector3.new(4.800000000000001, -32.800000000000004, 0),
		Vector3.new(4, -36.5, 0),
		Vector3.new(3.5, -36.1, 0),
		Vector3.new(2.3000000000000003, -37.4, 0),
		Vector3.new(1.1, -38.1, 0),
		Vector3.new(-0.6000000000000001, -38.400000000000006, 0),
		Vector3.new(-1.1, -37.7, 0),
		Vector3.new(-2.1, -37.7, 0),
		Vector3.new(-1.8, -36.800000000000004, 0),
		Vector3.new(-0.5, -35, 0),
		Vector3.new(1.6, -33.5, 0),
	},
	{
		Vector3.new(1.6, -33.5, 0),
		Vector3.new(4, -30.3, 0),
		Vector3.new(4.9, -25.8, 0),
		Vector3.new(4.4, -21.700000000000003, 0),
		Vector3.new(3.6, -16.3, 0),
		Vector3.new(1.5, -17.2, 0),
		Vector3.new(-2, -17.3, 0),
		Vector3.new(-3.7, -16.900000000000002, 0),
		Vector3.new(-5.1000000000000005, -17.3, 0),
		Vector3.new(-5.4, -17.8, 0),
		Vector3.new(-6.2, -16.900000000000002, 0),
		Vector3.new(-7.2, -20.5, 0),
		Vector3.new(-8.5, -22.400000000000002, 0),
		Vector3.new(-9.600000000000001, -24.700000000000003, 0),
	},
	{
		Vector3.new(-9.600000000000001, -24.700000000000003, 0),
		Vector3.new(-9.700000000000001, -28, 0),
		Vector3.new(-7.800000000000001, -32.6, 0),
		Vector3.new(-6.6000000000000005, -33.4, 0),
		Vector3.new(-6.2, -39.5, 0),
		Vector3.new(-8.3, -40, 0),
		Vector3.new(-9.700000000000001, -32.7, 0),
		Vector3.new(-11, -29.8, 0),
		Vector3.new(-12.200000000000001, -28.200000000000003, 0),
		Vector3.new(-12.9, -26.1, 0),
	},
	{
		Vector3.new(-12.9, -26.1, 0),
		Vector3.new(-13.100000000000001, -18, 0),
		Vector3.new(-14.4, -22.700000000000003, 0),
		Vector3.new(-15.100000000000001, -27.200000000000003, 0),
		Vector3.new(-16.400000000000002, -35, 0),
		Vector3.new(-16.400000000000002, -36.6, 0),
		Vector3.new(-16.6, -37.1, 0),
		Vector3.new(-18.1, -38.2, 0),
		Vector3.new(-20.700000000000003, -39.1, 0),
		Vector3.new(-21.8, -38.400000000000006, 0),
		Vector3.new(-22.400000000000002, -38.6, 0),
		Vector3.new(-22.200000000000003, -37.300000000000004, 0),
		Vector3.new(-21.200000000000003, -36.1, 0),
	},
	{
		Vector3.new(-21.200000000000003, -36.1, 0),
		Vector3.new(-18.5, -33.300000000000004, 0),
		Vector3.new(-17.6, -27.900000000000002, 0),
		Vector3.new(-18.3, -26, 0),
		Vector3.new(-17.900000000000002, -23, 0),
		Vector3.new(-18.7, -18.6, 0),
		Vector3.new(-19.200000000000003, -16.8, 0),
		Vector3.new(-18.900000000000002, -14.5, 0),
		Vector3.new(-20.700000000000003, -11.3, 0),
		Vector3.new(-21.6, -11, 0),
		Vector3.new(-21.6, -12.100000000000001, 0),
		Vector3.new(-23.400000000000002, -10.5, 0),
		Vector3.new(-25, -10, 0),
		Vector3.new(-27.6, -10.600000000000001, 0),
		Vector3.new(-28.5, -10.100000000000001, 0),
		Vector3.new(-29, -10.5, 0),
	},
	{
		Vector3.new(-29, -10.5, 0),
		Vector3.new(-28.700000000000003, -11.9, 0),
		Vector3.new(-29, -12.600000000000001, 0),
		Vector3.new(-29.6, -12.700000000000001, 0),
		Vector3.new(-29.5, -14.100000000000001, 0),
		Vector3.new(-29.8, -15.4, 0),
		Vector3.new(-30.3, -15, 0),
		Vector3.new(-31, -18.1, 0),
		Vector3.new(-31.6, -18.1, 0),
		Vector3.new(-31.8, -16.7, 0),
		Vector3.new(-32.300000000000004, -15.700000000000001, 0),
		Vector3.new(-32.800000000000004, -16.3, 0),
		Vector3.new(-33, -14.5, 0),
		Vector3.new(-33.5, -14.5, 0),
		Vector3.new(-33.5, -13.9, 0),
		Vector3.new(-34.1, -13.3, 0),
		Vector3.new(-34.4, -12.5, 0),
		Vector3.new(-37.9, -11.600000000000001, 0),
		Vector3.new(-38.6, -11.3, 0),
		Vector3.new(-39.300000000000004, -10.8, 0),
		Vector3.new(-39.2, -9.3, 0),
		Vector3.new(-39.1, -7.300000000000001, 0),
		Vector3.new(-38.400000000000006, -6.1000000000000005, 0),
		Vector3.new(-36.300000000000004, -3.6, 0),
		Vector3.new(-34.9, -2.3000000000000003, 0),
		Vector3.new(-35, -1.8, 0),
		Vector3.new(-35.2, -1.2000000000000002, 0),
		Vector3.new(-35.1, -0.7000000000000001, 0),
		Vector3.new(-34.300000000000004, 0.6000000000000001, 0),
	},
	{
		Vector3.new(-34.300000000000004, 0.6000000000000001, 0),
		Vector3.new(-36.2, 1.2000000000000002, 0),
		Vector3.new(-37.800000000000004, 0.8, 0),
		Vector3.new(-40.1, 0.7000000000000001, 0),
		Vector3.new(-41.7, 1.2000000000000002, 0),
		Vector3.new(-44.1, 1.7000000000000002, 0),
		Vector3.new(-45, 2.8000000000000003, 0),
		Vector3.new(-45.400000000000006, 4.800000000000001, 0),
		Vector3.new(-46.5, 6.1000000000000005, 0),
		Vector3.new(-46.800000000000004, 7, 0),
		Vector3.new(-45.2, 5.7, 0),
		Vector3.new(-44.400000000000006, 8, 0),
		Vector3.new(-44, 7.7, 0),
		Vector3.new(-44.300000000000004, 4.800000000000001, 0),
		Vector3.new(-44.1, 3.5, 0),
		Vector3.new(-43.400000000000006, 2.9000000000000004, 0),
		Vector3.new(-42.300000000000004, 2.5, 0),
		Vector3.new(-41.5, 2.6, 0),
		Vector3.new(-41.1, 3.7, 0),
		Vector3.new(-40.800000000000004, 5.2, 0),
		Vector3.new(-40, 6.7, 0),
		Vector3.new(-39.900000000000006, 5.1000000000000005, 0),
		Vector3.new(-40.1, 4, 0),
		Vector3.new(-40, 2.9000000000000004, 0),
		Vector3.new(-39.6, 1.9000000000000001, 0),
	},
	{
		Vector3.new(-39.6, 1.9000000000000001, 0),
		Vector3.new(-38.1, 1.9000000000000001, 0),
		Vector3.new(-36.4, 2.4000000000000004, 0),
		Vector3.new(-33.9, 2.4000000000000004, 0),
		Vector3.new(-34.300000000000004, 0.6000000000000001, 0),
		Vector3.new(-34, 2.3000000000000003, 0),
		Vector3.new(-36.9, 2.4000000000000004, 0),
		Vector3.new(-38, 5.5, 0),
		Vector3.new(-37.800000000000004, 7.2, 0),
		Vector3.new(-35.7, 9.8, 0),
		Vector3.new(-32.300000000000004, 12.100000000000001, 0),
		Vector3.new(-30.900000000000002, 13.3, 0),
		Vector3.new(-29.700000000000003, 15.600000000000001, 0),
		Vector3.new(-29.700000000000003, 17.3, 0),
		Vector3.new(-30.3, 17.8, 0),
		Vector3.new(-30.400000000000002, 16.2, 0),
		Vector3.new(-30.900000000000002, 15.4, 0),
		Vector3.new(-31.200000000000003, 17, 0),
		Vector3.new(-31.8, 18.1, 0),
	},
	{
		Vector3.new(-31.8, 18.1, 0),
		Vector3.new(-31.900000000000002, 17.1, 0),
		Vector3.new(-32, 16.3, 0),
		Vector3.new(-33, 15.9, 0),
		Vector3.new(-33.5, 16.7, 0),
		Vector3.new(-33.2, 17.8, 0),
		Vector3.new(-34, 17.400000000000002, 0),
		Vector3.new(-34.4, 16.6, 0),
		Vector3.new(-34.4, 15.8, 0),
		Vector3.new(-34.4, 15.100000000000001, 0),
		Vector3.new(-34.9, 14.700000000000001, 0),
		Vector3.new(-35.4, 14.200000000000001, 0),
		Vector3.new(-36.1, 13.9, 0),
		Vector3.new(-36.5, 14.3, 0),
		Vector3.new(-36.6, 15.100000000000001, 0),
		Vector3.new(-36.6, 16.2, 0),
		Vector3.new(-37.4, 15.8, 0),
		Vector3.new(-37.6, 14.9, 0),
		Vector3.new(-37.7, 13.9, 0),
		Vector3.new(-37.7, 13.3, 0),
		Vector3.new(-38.800000000000004, 14, 0),
		Vector3.new(-39.1, 13.5, 0),
		Vector3.new(-38.400000000000006, 12.5, 0),
		Vector3.new(-38, 11, 0),
		Vector3.new(-38.1, 10, 0),
		Vector3.new(-38.800000000000004, 10, 0),
		Vector3.new(-38.900000000000006, 11, 0),
		Vector3.new(-39.900000000000006, 12.5, 0),
		Vector3.new(-41, 13.100000000000001, 0),
		Vector3.new(-40.800000000000004, 12.4, 0),
		Vector3.new(-40.6, 11.700000000000001, 0),
		Vector3.new(-40.6, 10.9, 0),
		Vector3.new(-41.400000000000006, 11.100000000000001, 0),
		Vector3.new(-42.2, 11.3, 0),
		Vector3.new(-42.1, 10.600000000000001, 0),
		Vector3.new(-41.6, 10.100000000000001, 0),
		Vector3.new(-40, 7.9, 0),
		Vector3.new(-40.800000000000004, 7.6000000000000005, 0),
		Vector3.new(-41.800000000000004, 8.4, 0),
	},
	{
		Vector3.new(-41.800000000000004, 8.4, 0),
		Vector3.new(-42.900000000000006, 9.700000000000001, 0),
		Vector3.new(-43.400000000000006, 10.5, 0),
		Vector3.new(-43.400000000000006, 9.3, 0),
		Vector3.new(-42.800000000000004, 8.3, 0),
		Vector3.new(-43.7, 8, 0),
		Vector3.new(-44.6, 7.9, 0),
		Vector3.new(-45.6, 8.3, 0),
		Vector3.new(-46.2, 9.1, 0),
		Vector3.new(-47.1, 9.9, 0),
		Vector3.new(-47.6, 10.8, 0),
		Vector3.new(-48.1, 12.100000000000001, 0),
		Vector3.new(-48.5, 12.9, 0),
		Vector3.new(-48.800000000000004, 13.600000000000001, 0),
		Vector3.new(-49.1, 14, 0),
		Vector3.new(-49.5, 13.700000000000001, 0),
		Vector3.new(-49.300000000000004, 12.700000000000001, 0),
		Vector3.new(-49, 11.700000000000001, 0),
		Vector3.new(-48.800000000000004, 11, 0),
		Vector3.new(-48.400000000000006, 10, 0),
		Vector3.new(-48, 9.1, 0),
		Vector3.new(-47.2, 8, 0),
		Vector3.new(-46.800000000000004, 7.5, 0),
		Vector3.new(-46, 6.9, 0),
		Vector3.new(-44.900000000000006, 6.300000000000001, 0),
		Vector3.new(-43, 5.1000000000000005, 0),
		Vector3.new(-42.2, 5, 0),
		Vector3.new(-41.2, 4.4, 0),
		Vector3.new(-38.900000000000006, 3.4000000000000004, 0),
		Vector3.new(-38.5, 2.7, 0),
		Vector3.new(-38.400000000000006, 2.2, 0),
		Vector3.new(-36.1, 2.4000000000000004, 0),
		Vector3.new(-33.9, 2.3000000000000003, 0),
		Vector3.new(-33, 2.6, 0),
	},
	{
		Vector3.new(-33, 2.6, 0),
		Vector3.new(-34.5, 3, 0),
		Vector3.new(-35.5, 4.1000000000000005, 0),
		Vector3.new(-35.7, 5.2, 0),
		Vector3.new(-35.800000000000004, 6.300000000000001, 0),
		Vector3.new(-35.7, 7.1000000000000005, 0),
		Vector3.new(-35.4, 8, 0),
		Vector3.new(-34.5, 8.200000000000001, 0),
		Vector3.new(-33.800000000000004, 7.4, 0),
		Vector3.new(-33.4, 6.800000000000001, 0),
		Vector3.new(-33.2, 6.300000000000001, 0),
		Vector3.new(-33, 5.7, 0),
		Vector3.new(-33.6, 5.5, 0),
		Vector3.new(-33.1, 5.2, 0),
		Vector3.new(-32.800000000000004, 4.800000000000001, 0),
		Vector3.new(-32.7, 4.2, 0),
		Vector3.new(-32.7, 3.6, 0),
		Vector3.new(-33.4, 3.7, 0),
		Vector3.new(-32.800000000000004, 3.4000000000000004, 0),
		Vector3.new(-32.800000000000004, 2.9000000000000004, 0),
		Vector3.new(-32, 3.4000000000000004, 0),
		Vector3.new(-31.400000000000002, 3.8000000000000003, 0),
		Vector3.new(-32.4, 5.1000000000000005, 0),
		Vector3.new(-33, 5.9, 0),
		Vector3.new(-34.4, 8.200000000000001, 0),
		Vector3.new(-33.9, 7.800000000000001, 0),
		Vector3.new(-33.4, 7.2, 0),
		Vector3.new(-33.2, 6.7, 0),
		Vector3.new(-33.6, 7.300000000000001, 0),
		Vector3.new(-33.1, 6.5, 0),
		Vector3.new(-31.3, 4.1000000000000005, 0),
		Vector3.new(-33.1, 6.4, 0),
		Vector3.new(-31.400000000000002, 4.1000000000000005, 0),
		Vector3.new(-29, 3.7, 0),
	},
	{
		Vector3.new(-29, 3.7, 0),
		Vector3.new(-31.3, 3.9000000000000004, 0),
		Vector3.new(-28.8, 4.1000000000000005, 0),
		Vector3.new(-30.6, 3.9000000000000004, 0),
		Vector3.new(-28.8, 3.9000000000000004, 0),
		Vector3.new(-28.3, 5.9, 0),
		Vector3.new(-27.700000000000003, 6.7, 0),
		Vector3.new(-26.8, 7.5, 0),
		Vector3.new(-26.3, 6.9, 0),
		Vector3.new(-25.900000000000002, 5.4, 0),
		Vector3.new(-25.900000000000002, 4, 0),
		Vector3.new(-26.200000000000003, 2.8000000000000003, 0),
		Vector3.new(-27.400000000000002, 1.5, 0),
		Vector3.new(-28.400000000000002, 2.2, 0),
		Vector3.new(-28.8, 3.5, 0),
		Vector3.new(-29.3, 2.5, 0),
		Vector3.new(-29.400000000000002, 1.1, 0),
		Vector3.new(-28.6, -0.6000000000000001, 0),
		Vector3.new(-27.1, -2.2, 0),
		Vector3.new(-25, -0.6000000000000001, 0),
		Vector3.new(-21.3, 1, 0),
		Vector3.new(-20.8, 1.7000000000000002, 0),
		Vector3.new(-20.5, 2.2, 0),
		Vector3.new(-21.1, 2.4000000000000004, 0),
	},
	{
		Vector3.new(-21.1, 2.4000000000000004, 0),
		Vector3.new(-19, 1.7000000000000002, 0),
		Vector3.new(-16.5, 1.8, 0),
		Vector3.new(-15.3, 2.5, 0),
		Vector3.new(-11.600000000000001, 4.4, 0),
		Vector3.new(-9.4, 5.7, 0),
		Vector3.new(-9.700000000000001, 6.2, 0),
		Vector3.new(-9.5, 7, 0),
		Vector3.new(-11.600000000000001, 6.1000000000000005, 0),
		Vector3.new(-9.600000000000001, 7, 0),
		Vector3.new(-9.700000000000001, 6.1000000000000005, 0),
		Vector3.new(-13.4, 4.9, 0),
		Vector3.new(-15.9, 5.300000000000001, 0),
		Vector3.new(-16.400000000000002, 4.3, 0),
		Vector3.new(-17.3, 5, 0),
		Vector3.new(-17.6, 6.2, 0),
		Vector3.new(-19, 5.300000000000001, 0),
		Vector3.new(-19.200000000000003, 3.4000000000000004, 0),
		Vector3.new(-21.200000000000003, 2.4000000000000004, 0),
	},
	{
		Vector3.new(-21.200000000000003, 2.4000000000000004, 0),
		Vector3.new(-16.8, 1.8, 0),
		Vector3.new(-9.5, 5.800000000000001, 0),
		Vector3.new(-9.600000000000001, 6.9, 0),
		Vector3.new(-11.4, 6.2, 0),
		Vector3.new(-11.3, 6.800000000000001, 0),
		Vector3.new(-13.9, 6.1000000000000005, 0),
		Vector3.new(-14, 6.800000000000001, 0),
		Vector3.new(-15.5, 6.2, 0),
		Vector3.new(-12.600000000000001, 8.700000000000001, 0),
		Vector3.new(-12.700000000000001, 9.200000000000001, 0),
		Vector3.new(-13.4, 9.4, 0),
		Vector3.new(-12.5, 10.5, 0),
		Vector3.new(-11.3, 10.700000000000001, 0),
		Vector3.new(-10.700000000000001, 10.8, 0),
		Vector3.new(-11, 11.4, 0),
		Vector3.new(-11.9, 11.9, 0),
		Vector3.new(-13, 12.100000000000001, 0),
		Vector3.new(-13.3, 13.100000000000001, 0),
		Vector3.new(-12.600000000000001, 13.3, 0),
		Vector3.new(-11.4, 13.100000000000001, 0),
		Vector3.new(-11.200000000000001, 13.8, 0),
	},
	{
		Vector3.new(-11.200000000000001, 13.8, 0),
		Vector3.new(-12.9, 14.100000000000001, 0),
		Vector3.new(-13.8, 14.3, 0),
		Vector3.new(-14.200000000000001, 15.700000000000001, 0),
		Vector3.new(-13.3, 16.900000000000002, 0),
		Vector3.new(-13.5, 17.5, 0),
		Vector3.new(-14.100000000000001, 17.2, 0),
		Vector3.new(-14.600000000000001, 16.6, 0),
		Vector3.new(-15, 16.2, 0),
		Vector3.new(-16, 16.1, 0),
		Vector3.new(-15.8, 17, 0),
		Vector3.new(-15.8, 17.6, 0),
		Vector3.new(-16.400000000000002, 16.900000000000002, 0),
		Vector3.new(-17.1, 17.2, 0),
		Vector3.new(-17, 18, 0),
		Vector3.new(-18, 17.6, 0),
		Vector3.new(-18.2, 16.5, 0),
		Vector3.new(-18.1, 15.8, 0),
		Vector3.new(-18.2, 15, 0),
		Vector3.new(-18.2, 14.3, 0),
		Vector3.new(-18.3, 13.100000000000001, 0),
		Vector3.new(-19.1, 13.600000000000001, 0),
		Vector3.new(-19.700000000000003, 13.8, 0),
		Vector3.new(-19.900000000000002, 13.100000000000001, 0),
		Vector3.new(-20.1, 12.100000000000001, 0),
		Vector3.new(-20.1, 10.600000000000001, 0),
		Vector3.new(-20.3, 9.5, 0),
		Vector3.new(-22.700000000000003, 11, 0),
		Vector3.new(-23.400000000000002, 10.700000000000001, 0),
		Vector3.new(-23.1, 9.9, 0),
		Vector3.new(-22.400000000000002, 8.9, 0),
		Vector3.new(-21.900000000000002, 8, 0),
		Vector3.new(-21.6, 6.6000000000000005, 0),
		Vector3.new(-22.200000000000003, 4.800000000000001, 0),
		Vector3.new(-22.6, 3.6, 0),
		Vector3.new(-23.400000000000002, 2.3000000000000003, 0),
	},
	{
		Vector3.new(-23.400000000000002, 2.3000000000000003, 0),
		Vector3.new(-25.200000000000003, 1.2000000000000002, 0),
		Vector3.new(-26.6, 0.8, 0),
		Vector3.new(-28.200000000000003, 1.3, 0),
		Vector3.new(-29, 2.5, 0),
		Vector3.new(-29.5, 1, 0),
		Vector3.new(-28.3, 6, 0),
		Vector3.new(-26.900000000000002, 7.4, 0),
		Vector3.new(-25.900000000000002, 5.5, 0),
		Vector3.new(-25.400000000000002, 4.6000000000000005, 0),
		Vector3.new(-25.5, 2.2, 0),
		Vector3.new(-26, 1.5, 0),
		Vector3.new(-25.5, 5.1000000000000005, 0),
		Vector3.new(-24.6, 5.6000000000000005, 0),
		Vector3.new(-23.200000000000003, 5.6000000000000005, 0),
		Vector3.new(-22, 6.300000000000001, 0),
		Vector3.new(-26.700000000000003, 0.6000000000000001, 0),
	},
	{
		Vector3.new(-26.700000000000003, 0.6000000000000001, 0),
		Vector3.new(-29.3, 2.6, 0),
		Vector3.new(-29.200000000000003, 0, 0),
		Vector3.new(-26.8, -2.3000000000000003, 0),
		Vector3.new(-25.400000000000002, -0.4, 0),
		Vector3.new(-22.1, 0.6000000000000001, 0),
		Vector3.new(-20.6, 2.3000000000000003, 0),
		Vector3.new(-16.6, 1.9000000000000001, 0),
		Vector3.new(-9.5, 5.800000000000001, 0),
		Vector3.new(-7.5, 6, 0),
		Vector3.new(-8.200000000000001, 5.300000000000001, 0),
		Vector3.new(-6.6000000000000005, 5.300000000000001, 0),
		Vector3.new(-7.2, 4.7, 0),
		Vector3.new(-5.6000000000000005, 3.2, 0),
	},
	{
		Vector3.new(-5.6000000000000005, 3.2, 0),
		Vector3.new(-0.1, -0.2, 0),
		Vector3.new(4.4, -0.2, 0),
		Vector3.new(7.2, -1.1, 0),
		Vector3.new(13.700000000000001, -4.800000000000001, 0),
		Vector3.new(13.3, -9.1, 0),
		Vector3.new(12.100000000000001, -5.300000000000001, 0),
		Vector3.new(11.700000000000001, -5.1000000000000005, 0),
		Vector3.new(10.9, -5, 0),
		Vector3.new(10.5, -4.7, 0),
		Vector3.new(10, -4.800000000000001, 0),
		Vector3.new(10, -5.5, 0),
		Vector3.new(9, -5.4, 0),
		Vector3.new(8.5, -5.4, 0),
		Vector3.new(8.3, -6.300000000000001, 0),
		Vector3.new(8.4, -7.1000000000000005, 0),
		Vector3.new(8.5, -7.9, 0),
		Vector3.new(8.3, -8.9, 0),
	},
	{
		Vector3.new(8.3, -8.9, 0),
		Vector3.new(7.7, -8, 0),
		Vector3.new(7.6000000000000005, -8.6, 0),
		Vector3.new(7.4, -11.5, 0),
		Vector3.new(7.4, -8.9, 0),
		Vector3.new(7.1000000000000005, -10.700000000000001, 0),
		Vector3.new(7.2, -12, 0),
		Vector3.new(6.9, -12.700000000000001, 0),
		Vector3.new(6.5, -13.4, 0),
		Vector3.new(5, -13.8, 0),
		Vector3.new(4, -16, 0),
		Vector3.new(5.2, -12.8, 0),
		Vector3.new(5.4, -11.8, 0),
		Vector3.new(5.300000000000001, -10.4, 0),
		Vector3.new(5, -9.4, 0),
		Vector3.new(4.6000000000000005, -8.3, 0),
		Vector3.new(4.9, -7.7, 0),
		Vector3.new(5.4, -7.300000000000001, 0),
		Vector3.new(5.4, -6.5, 0),
		Vector3.new(6.4, -6.4, 0),
		Vector3.new(6.2, -7.1000000000000005, 0),
		Vector3.new(6.2, -7.800000000000001, 0),
		Vector3.new(7.2, -8, 0),
		Vector3.new(5.800000000000001, -7.6000000000000005, 0),
		Vector3.new(6.1000000000000005, -8.4, 0),
		Vector3.new(5.2, -9, 0),
	},
}
