local wires = {
	{
		Vector3.new(-0.30000000000000004, -0.30000000000000004, 0),
		Vector3.new(-29, -0.30000000000000004, 0),
	},
	{
		Vector3.new(-29, -0.30000000000000004, 0),
		Vector3.new(-29.3, 37.7, 0),
	},
	{
		Vector3.new(-29.3, 37.7, 0),
		Vector3.new(-29.3, 38.1, 0),
	},
	{
		Vector3.new(-29.3, 38.1, 0),
		Vector3.new(-29, 38.5, 0),
		Vector3.new(-0.4, 38.5, 0),
	},
	{
		Vector3.new(-0.4, 38.5, 0),
		Vector3.new(0, 0.5, 0),
	},
	{
		Vector3.new(0, 0.5, 0),
		Vector3.new(0, 0.1, 0),
	},
	{
		Vector3.new(0, 0.1, 0),
		Vector3.new(-4.9, 3.8000000000000003, 0),
		Vector3.new(-5.6000000000000005, 3.6, 0),
		Vector3.new(-6.5, 3.7, 0),
		Vector3.new(-7.300000000000001, 4.3, 0),
		Vector3.new(-8.1, 5.1000000000000005, 0),
		Vector3.new(-8.4, 6, 0),
		Vector3.new(-8, 6.9, 0),
		Vector3.new(-7.2, 7.300000000000001, 0),
		Vector3.new(-6.300000000000001, 7.300000000000001, 0),
		Vector3.new(-5.4, 6.800000000000001, 0),
		Vector3.new(-4.9, 6.1000000000000005, 0),
		Vector3.new(-4.4, 5.1000000000000005, 0),
		Vector3.new(-4.4, 4.4, 0),
		Vector3.new(-4.800000000000001, 4, 0),
		Vector3.new(-10.4, 3.2, 0),
		Vector3.new(-10.200000000000001, 4.3, 0),
		Vector3.new(-10.4, 5.9, 0),
		Vector3.new(-10.700000000000001, 7.2, 0),
		Vector3.new(-9.9, 7, 0),
		Vector3.new(-10.700000000000001, 7.2, 0),
		Vector3.new(-11.5, 7.300000000000001, 0),
		Vector3.new(-12.700000000000001, 7.300000000000001, 0),
		Vector3.new(-13.3, 7, 0),
		Vector3.new(-12.8, 6, 0),
		Vector3.new(-12.200000000000001, 5.6000000000000005, 0),
		Vector3.new(-10.5, 4.800000000000001, 0),
	},
	{
		Vector3.new(-10.5, 4.800000000000001, 0),
		Vector3.new(-17.7, 4, 0),
		Vector3.new(-14.700000000000001, 3.6, 0),
		Vector3.new(-14.700000000000001, 5.2, 0),
		Vector3.new(-16.6, 5.4, 0),
		Vector3.new(-14.9, 5.5, 0),
		Vector3.new(-15, 6.800000000000001, 0),
		Vector3.new(-17.7, 7.2, 0),
		Vector3.new(-18.900000000000002, 3.4000000000000004, 0),
		Vector3.new(-19.5, 6.800000000000001, 0),
		Vector3.new(-21.6, 3.8000000000000003, 0),
		Vector3.new(-22.1, 3.8000000000000003, 0),
		Vector3.new(-22.6, 7.6000000000000005, 0),
		Vector3.new(-21.5, 9.9, 0),
	},
	{
		Vector3.new(-21.5, 9.9, 0),
		Vector3.new(-19.200000000000003, 11.5, 0),
		Vector3.new(-18.5, 11.600000000000001, 0),
		Vector3.new(-19.700000000000003, 12, 0),
		Vector3.new(-20.3, 12.600000000000001, 0),
		Vector3.new(-20.200000000000003, 13.3, 0),
		Vector3.new(-19.700000000000003, 13.700000000000001, 0),
		Vector3.new(-18.900000000000002, 13.9, 0),
		Vector3.new(-17.8, 13.700000000000001, 0),
		Vector3.new(-17.1, 13.5, 0),
		Vector3.new(-17.7, 13.5, 0),
		Vector3.new(-17.8, 12.700000000000001, 0),
		Vector3.new(-17.6, 11.9, 0),
		Vector3.new(-17.400000000000002, 10.8, 0),
		Vector3.new(-17.6, 10.200000000000001, 0),
		Vector3.new(-15.9, 10.100000000000001, 0),
		Vector3.new(-15.3, 10.9, 0),
		Vector3.new(-15, 11.5, 0),
		Vector3.new(-14.3, 13.3, 0),
		Vector3.new(-14.4, 13.9, 0),
		Vector3.new(-12.600000000000001, 11.200000000000001, 0),
		Vector3.new(-11.600000000000001, 10.100000000000001, 0),
		Vector3.new(-12.700000000000001, 11.100000000000001, 0),
		Vector3.new(-14.8, 11.5, 0),
		Vector3.new(-7.4, 9.9, 0),
	},
	{
		Vector3.new(-7.4, 9.9, 0),
		Vector3.new(-7.800000000000001, 13.5, 0),
		Vector3.new(-8.200000000000001, 13.700000000000001, 0),
		Vector3.new(-9.600000000000001, 13.9, 0),
		Vector3.new(-10.200000000000001, 13.700000000000001, 0),
		Vector3.new(-10.100000000000001, 12.8, 0),
		Vector3.new(-8.9, 11.9, 0),
		Vector3.new(-9.5, 12, 0),
		Vector3.new(-10, 11.8, 0),
		Vector3.new(-10.4, 11.3, 0),
		Vector3.new(-10.3, 10.8, 0),
		Vector3.new(-9.8, 10.3, 0),
		Vector3.new(-9.200000000000001, 9.9, 0),
		Vector3.new(-8.4, 9.9, 0),
		Vector3.new(-2.2, 16.5, 0),
		Vector3.new(-4.1000000000000005, 16.6, 0),
		Vector3.new(-5.2, 25.5, 0),
		Vector3.new(-5.7, 22.700000000000003, 0),
		Vector3.new(-6, 20.900000000000002, 0),
	},
	{
		Vector3.new(-6, 20.900000000000002, 0),
		Vector3.new(-6, 19.3, 0),
		Vector3.new(-5.6000000000000005, 17.3, 0),
		Vector3.new(-5.4, 16.8, 0),
		Vector3.new(-6.9, 16.400000000000002, 0),
		Vector3.new(-8.9, 16.400000000000002, 0),
		Vector3.new(-9.700000000000001, 16.6, 0),
		Vector3.new(-9.5, 18.400000000000002, 0),
		Vector3.new(-9.3, 20.8, 0),
		Vector3.new(-9.5, 22.5, 0),
		Vector3.new(-10.100000000000001, 25.3, 0),
		Vector3.new(-9.4, 25.5, 0),
		Vector3.new(-8.8, 21.900000000000002, 0),
		Vector3.new(-8.6, 20.5, 0),
		Vector3.new(-8.700000000000001, 19.3, 0),
		Vector3.new(-9, 17.8, 0),
		Vector3.new(-8.6, 17.400000000000002, 0),
		Vector3.new(-6.7, 17.3, 0),
		Vector3.new(-6.4, 18.1, 0),
		Vector3.new(-6.7, 20.5, 0),
		Vector3.new(-6.7, 21.3, 0),
		Vector3.new(-6.2, 23.900000000000002, 0),
	},
	{
		Vector3.new(-6.2, 23.900000000000002, 0),
		Vector3.new(-9, 26.6, 0),
		Vector3.new(-9.600000000000001, 26.3, 0),
		Vector3.new(-10.600000000000001, 26.8, 0),
		Vector3.new(-10.700000000000001, 27.6, 0),
		Vector3.new(-10.4, 28.400000000000002, 0),
		Vector3.new(-10, 28.8, 0),
		Vector3.new(-9.600000000000001, 28.900000000000002, 0),
		Vector3.new(-8.8, 29.1, 0),
		Vector3.new(-8.1, 29.1, 0),
		Vector3.new(-7.6000000000000005, 28.900000000000002, 0),
		Vector3.new(-7.1000000000000005, 29.1, 0),
		Vector3.new(-6.5, 29.1, 0),
		Vector3.new(-6.2, 28.700000000000003, 0),
		Vector3.new(-5.6000000000000005, 28.8, 0),
		Vector3.new(-5, 28.5, 0),
		Vector3.new(-4.6000000000000005, 27.900000000000002, 0),
		Vector3.new(-4.5, 27.3, 0),
		Vector3.new(-4.7, 26.6, 0),
		Vector3.new(-5.300000000000001, 26.200000000000003, 0),
		Vector3.new(-6, 25.900000000000002, 0),
		Vector3.new(-6.2, 24.900000000000002, 0),
		Vector3.new(-7.300000000000001, 24.6, 0),
		Vector3.new(-7.7, 25, 0),
		Vector3.new(-7.800000000000001, 25.8, 0),
		Vector3.new(-8.1, 26.5, 0),
		Vector3.new(-11.8, 24.8, 0),
		Vector3.new(-11.8, 26.400000000000002, 0),
		Vector3.new(-12, 27, 0),
		Vector3.new(-12.5, 27.8, 0),
		Vector3.new(-13.3, 32.9, 0),
		Vector3.new(-13.3, 33.800000000000004, 0),
		Vector3.new(-13.3, 34.300000000000004, 0),
		Vector3.new(-15.200000000000001, 34.300000000000004, 0),
		Vector3.new(-15.200000000000001, 33.800000000000004, 0),
	},
	{
		Vector3.new(-15.200000000000001, 33.800000000000004, 0),
		Vector3.new(-15.4, 33.1, 0),
		Vector3.new(-15.600000000000001, 28, 0),
		Vector3.new(-16.1, 27.5, 0),
		Vector3.new(-16.6, 26.5, 0),
		Vector3.new(-16.6, 24.8, 0),
		Vector3.new(-16.6, 19.5, 0),
		Vector3.new(-16.6, 16.900000000000002, 0),
		Vector3.new(-12.200000000000001, 16.5, 0),
		Vector3.new(-11.8, 19.400000000000002, 0),
		Vector3.new(-11.8, 24.6, 0),
		Vector3.new(-16.5, 24.5, 0),
		Vector3.new(-16, 24.5, 0),
		Vector3.new(-15.9, 26.3, 0),
		Vector3.new(-15.600000000000001, 27, 0),
	},
	{
		Vector3.new(-15.600000000000001, 27, 0),
		Vector3.new(-15, 27.700000000000003, 0),
		Vector3.new(-14.700000000000001, 30.200000000000003, 0),
		Vector3.new(-13.700000000000001, 30.200000000000003, 0),
		Vector3.new(-13.5, 27.8, 0),
		Vector3.new(-13, 27.400000000000002, 0),
		Vector3.new(-12.600000000000001, 26.6, 0),
		Vector3.new(-12.4, 25.8, 0),
		Vector3.new(-12.4, 24.8, 0),
		Vector3.new(-12, 19.6, 0),
		Vector3.new(-16.5, 19.6, 0),
		Vector3.new(-16, 19.6, 0),
		Vector3.new(-16, 18, 0),
		Vector3.new(-12.700000000000001, 17.6, 0),
		Vector3.new(-12.4, 19.400000000000002, 0),
		Vector3.new(-18.400000000000002, 22.8, 0),
	},
	{
		Vector3.new(-18.400000000000002, 22.8, 0),
		Vector3.new(-18.400000000000002, 17, 0),
		Vector3.new(-19.1, 16.400000000000002, 0),
		Vector3.new(-23.1, 16.400000000000002, 0),
		Vector3.new(-23.5, 16.7, 0),
		Vector3.new(-23.700000000000003, 22.900000000000002, 0),
		Vector3.new(-24.5, 21.900000000000002, 0),
		Vector3.new(-25.5, 21.5, 0),
		Vector3.new(-25.900000000000002, 20.900000000000002, 0),
		Vector3.new(-26, 20, 0),
		Vector3.new(-25.900000000000002, 19.200000000000003, 0),
		Vector3.new(-25.5, 18.400000000000002, 0),
		Vector3.new(-24.6, 18.1, 0),
		Vector3.new(-24.5, 16.400000000000002, 0),
		Vector3.new(-26.5, 16.400000000000002, 0),
		Vector3.new(-23, 22.200000000000003, 0),
	},
	{
		Vector3.new(-23, 22.200000000000003, 0),
		Vector3.new(-23, 18.1, 0),
		Vector3.new(-19.5, 17.7, 0),
		Vector3.new(-19.200000000000003, 20.900000000000002, 0),
		Vector3.new(-22.900000000000002, 23.1, 0),
		Vector3.new(-22.1, 23, 0),
		Vector3.new(-21.8, 23.700000000000003, 0),
		Vector3.new(-21.200000000000003, 23.6, 0),
		Vector3.new(-21, 21.900000000000002, 0),
		Vector3.new(-20.700000000000003, 21.5, 0),
		Vector3.new(-19.900000000000002, 21.6, 0),
		Vector3.new(-19.5, 23.6, 0),
		Vector3.new(-18.6, 23.5, 0),
		Vector3.new(-18.1, 23.700000000000003, 0),
		Vector3.new(-17.7, 24.400000000000002, 0),
		Vector3.new(-17.8, 25, 0),
		Vector3.new(-17.900000000000002, 25.6, 0),
		Vector3.new(-18.5, 26.200000000000003, 0),
		Vector3.new(-19.900000000000002, 26.400000000000002, 0),
		Vector3.new(-20.3, 26.900000000000002, 0),
		Vector3.new(-20.8, 27.1, 0),
		Vector3.new(-21.3, 27, 0),
		Vector3.new(-21.700000000000003, 26.6, 0),
		Vector3.new(-22.400000000000002, 26.8, 0),
		Vector3.new(-22.900000000000002, 26.400000000000002, 0),
		Vector3.new(-23.6, 26.3, 0),
		Vector3.new(-23.8, 25.8, 0),
		Vector3.new(-24.3, 25.5, 0),
		Vector3.new(-24.400000000000002, 24.700000000000003, 0),
		Vector3.new(-24, 24.200000000000003, 0),
		Vector3.new(-23.5, 23.900000000000002, 0),
	},
}
