local wires = {
	{
		Vector3.new(0, -0.30000000000000004, 0.9),
		Vector3.new(0, -0.5, 2.4000000000000004),
		Vector3.new(0, -0.5, 3.5),
		Vector3.new(0, -0.6000000000000001, 4.6000000000000005),
		Vector3.new(0, -0.6000000000000001, 5.6000000000000005),
		Vector3.new(0, -0.5, 6.7),
		Vector3.new(0, -0.30000000000000004, 7.7),
		Vector3.new(0, 0.2, 7.9),
		Vector3.new(0, 0.2, 8.6),
		Vector3.new(0, 0.2, 9.4),
		Vector3.new(0, 0.30000000000000004, 10.4),
		Vector3.new(0, 0.4, 11.3),
		Vector3.new(0, 0.6000000000000001, 12.5),
		Vector3.new(0, 1.3, 12),
		Vector3.new(0, 1.7000000000000002, 11.4),
		Vector3.new(0, 2, 10.9),
		Vector3.new(0, 2.4000000000000004, 9.9),
		Vector3.new(0, 2.3000000000000003, 8.8),
		Vector3.new(0, 2.3000000000000003, 8.1),
		Vector3.new(0, 2.3000000000000003, 7.1000000000000005),
		Vector3.new(0, 2.3000000000000003, 6.4),
		Vector3.new(0, 2.5, 5.6000000000000005),
		Vector3.new(0, 1.9000000000000001, 5.800000000000001),
		Vector3.new(0, 2.3000000000000003, 6.5),
		Vector3.new(0, 2.2, 7.300000000000001),
		Vector3.new(0, 2.3000000000000003, 9.600000000000001),
		Vector3.new(0, 1.8, 10.9),
		Vector3.new(0, 1.2000000000000002, 11.8),
		Vector3.new(0, 0.6000000000000001, 10.9),
		Vector3.new(0, 0.5, 9.200000000000001),
		Vector3.new(0, 0.5, 7.6000000000000005),
		Vector3.new(0, 0.9, 7.300000000000001),
		Vector3.new(0, 1.8, 6),
		Vector3.new(0, 2, 6.7),
		Vector3.new(0, 1.9000000000000001, 7.300000000000001),
		Vector3.new(0, 1.2000000000000002, 7.300000000000001),
		Vector3.new(0, 1.7000000000000002, 6.4),
		Vector3.new(0, 1.8, 7.1000000000000005),
		Vector3.new(0, 1.2000000000000002, 7.300000000000001),
		Vector3.new(0, 0.8, 7.800000000000001),
	},
	{
		Vector3.new(0, 0.8, 7.800000000000001),
		Vector3.new(0, 0.9, 11.600000000000001),
		Vector3.new(0, 1.6, 10.700000000000001),
		Vector3.new(0, 2.1, 9.600000000000001),
		Vector3.new(0, 1.8, 7.6000000000000005),
		Vector3.new(0, 1.3, 7.7),
		Vector3.new(0, 1.2000000000000002, 11.100000000000001),
		Vector3.new(0, 1.5, 10.5),
		Vector3.new(0, 1.9000000000000001, 9.600000000000001),
		Vector3.new(0, 1.7000000000000002, 8.1),
		Vector3.new(0, 1.4000000000000001, 10.3),
		Vector3.new(0, 1.7000000000000002, 9.600000000000001),
		Vector3.new(0, 1.6, 8.4),
		Vector3.new(0, 0, 7.6000000000000005),
		Vector3.new(0, 0.6000000000000001, 7.1000000000000005),
		Vector3.new(0, 1.2000000000000002, 6.2),
		Vector3.new(0, 1.9000000000000001, 5.2),
		Vector3.new(0, 1.6, 4.4),
		Vector3.new(0, 1.6, 3.3000000000000003),
		Vector3.new(0, 1.6, 2),
		Vector3.new(0, 1.9000000000000001, 1.1),
		Vector3.new(0, 1.5, 0.7000000000000001),
		Vector3.new(0, 0.30000000000000004, 0.2),
		Vector3.new(0, 0, 1.2000000000000002),
		Vector3.new(0, -0.2, 2.5),
		Vector3.new(0, -0.30000000000000004, 4.6000000000000005),
		Vector3.new(0, -0.1, 7.2),
	},
	{
		Vector3.new(0, -0.1, 7.2),
		Vector3.new(0, 1.6, 5.300000000000001),
		Vector3.new(0, 1.4000000000000001, 4.5),
		Vector3.new(0, 1.4000000000000001, 2),
		Vector3.new(0, 1.6, 1.3),
		Vector3.new(0, 0.7000000000000001, 0.5),
		Vector3.new(0, 0.2, 1.7000000000000002),
		Vector3.new(0, 0, 3.7),
		Vector3.new(0, 0, 5.5),
		Vector3.new(0, 0.2, 6.800000000000001),
		Vector3.new(0, 1.3, 5.300000000000001),
		Vector3.new(0, 1.3, 4.800000000000001),
		Vector3.new(0, 1.2000000000000002, 1.9000000000000001),
		Vector3.new(0, 1.3, 1.4000000000000001),
		Vector3.new(0, 0.7000000000000001, 0.9),
		Vector3.new(0, 0.30000000000000004, 2.9000000000000004),
		Vector3.new(0, 0.30000000000000004, 4.7),
		Vector3.new(0, 0.4, 6.2),
		Vector3.new(0, 1, 5.300000000000001),
		Vector3.new(0, 1, 4.5),
		Vector3.new(0, 1, 2.2),
		Vector3.new(0, 1.1, 1.4000000000000001),
		Vector3.new(0, 0.5, 3.2),
		Vector3.new(0, 0.5, 5.5),
		Vector3.new(0, 0.9, 5.2),
		Vector3.new(0, 0.7000000000000001, 4.4),
	},
	{
		Vector3.new(0, 0.7000000000000001, 4.4),
		Vector3.new(0, 0.9, 1.6),
		Vector3.new(0, 2.2, 1.1),
		Vector3.new(0, 2, 1.9000000000000001),
		Vector3.new(0, 1.9000000000000001, 2.7),
		Vector3.new(0, 2, 3.9000000000000004),
		Vector3.new(0, 2, 4.7),
		Vector3.new(0, 2.4000000000000004, 5.2),
		Vector3.new(0, 2.6, 4.7),
		Vector3.new(0, 2.3000000000000003, 2.2),
		Vector3.new(0, 2.5, 1.7000000000000002),
		Vector3.new(0, 2.3000000000000003, 1.1),
		Vector3.new(0, 2.2, 2.3000000000000003),
		Vector3.new(0, 2.2, 4.3),
		Vector3.new(0, 2.4000000000000004, 4.9),
		Vector3.new(0, 2.8000000000000003, 5.6000000000000005),
		Vector3.new(0, 2.6, 6.300000000000001),
		Vector3.new(0, 2.6, 8.1),
		Vector3.new(0, 2.7, 9.1),
		Vector3.new(0, 3.2, 9.5),
		Vector3.new(0, 3.2, 8.9),
		Vector3.new(0, 3, 6.6000000000000005),
		Vector3.new(0, 3.2, 6.1000000000000005),
		Vector3.new(0, 3, 5.6000000000000005),
		Vector3.new(0, 2.8000000000000003, 6.5),
		Vector3.new(0, 2.8000000000000003, 8.6),
		Vector3.new(0, 3.1, 9.3),
		Vector3.new(0, 3.5, 8.700000000000001),
		Vector3.new(0, 6.300000000000001, 8.700000000000001),
		Vector3.new(0, 6.2, 6.1000000000000005),
		Vector3.new(0, 3.5, 6.1000000000000005),
	},
	{
		Vector3.new(0, 3.5, 6.1000000000000005),
		Vector3.new(0, 3.4000000000000004, 6.7),
		Vector3.new(0, 3.4000000000000004, 8.4),
		Vector3.new(0, 6, 8.6),
		Vector3.new(0, 6, 6.4),
		Vector3.new(0, 3.8000000000000003, 6.2),
		Vector3.new(0, 3.6, 8.1),
		Vector3.new(0, 5.800000000000001, 8.3),
		Vector3.new(0, 5.800000000000001, 6.5),
		Vector3.new(0, 3.9000000000000004, 6.4),
		Vector3.new(0, 3.8000000000000003, 8),
		Vector3.new(0, 5.7, 8.1),
		Vector3.new(0, 5.7, 6.7),
		Vector3.new(0, 4.2, 6.6000000000000005),
		Vector3.new(0, 4.1000000000000005, 7.800000000000001),
		Vector3.new(0, 5.5, 8),
		Vector3.new(0, 5.5, 6.9),
		Vector3.new(0, 4.4, 6.800000000000001),
		Vector3.new(0, 4.3, 7.6000000000000005),
		Vector3.new(0, 5.4, 7.800000000000001),
		Vector3.new(0, 5.4, 7.1000000000000005),
		Vector3.new(0, 4.6000000000000005, 7),
		Vector3.new(0, 4.6000000000000005, 7.6000000000000005),
		Vector3.new(0, 5.1000000000000005, 7.5),
		Vector3.new(0, 4.800000000000001, 7.1000000000000005),
		Vector3.new(0, 5.800000000000001, 4.7),
	},
	{
		Vector3.new(0, 5.800000000000001, 4.7),
		Vector3.new(0, 2.9000000000000004, 4.7),
		Vector3.new(0, 2.7, 4.2),
		Vector3.new(0, 2.7, 2.1),
		Vector3.new(0, 5.800000000000001, 1.7000000000000002),
		Vector3.new(0, 5.800000000000001, 4.5),
		Vector3.new(0, 3.1, 4.5),
		Vector3.new(0, 2.9000000000000004, 2.3000000000000003),
		Vector3.new(0, 5.4, 2),
		Vector3.new(0, 5.6000000000000005, 4.2),
		Vector3.new(0, 3.3000000000000003, 4.3),
		Vector3.new(0, 3.2, 2.3000000000000003),
		Vector3.new(0, 5.300000000000001, 2.1),
		Vector3.new(0, 5.5, 4),
		Vector3.new(0, 3.5, 4.1000000000000005),
		Vector3.new(0, 3.4000000000000004, 2.5),
		Vector3.new(0, 5.2, 2.3000000000000003),
		Vector3.new(0, 5.300000000000001, 3.9000000000000004),
	},
	{
		Vector3.new(0, 5.300000000000001, 3.9000000000000004),
		Vector3.new(0, 3.7, 3.9000000000000004),
		Vector3.new(0, 3.6, 2.6),
		Vector3.new(0, 5, 2.5),
		Vector3.new(0, 5.1000000000000005, 3.6),
		Vector3.new(0, 4, 3.8000000000000003),
		Vector3.new(0, 3.9000000000000004, 2.8000000000000003),
		Vector3.new(0, 4.800000000000001, 2.6),
		Vector3.new(0, 4.9, 3.6),
		Vector3.new(0, 4.1000000000000005, 3.6),
		Vector3.new(0, 4.1000000000000005, 2.9000000000000004),
		Vector3.new(0, 4.7, 2.8000000000000003),
		Vector3.new(0, 4.7, 3.3000000000000003),
		Vector3.new(0, 6.5, -0.6000000000000001),
		Vector3.new(0, 6.2, 0.4),
		Vector3.new(0, 6.1000000000000005, 1.6),
		Vector3.new(0, 6.2, 5.7),
		Vector3.new(0, 6.9, 5.800000000000001),
		Vector3.new(0, 7.2, 7.1000000000000005),
		Vector3.new(0, 7.5, 8.200000000000001),
		Vector3.new(0, 8, 9.200000000000001),
		Vector3.new(0, 8.6, 10.200000000000001),
		Vector3.new(0, 9.700000000000001, 11.100000000000001),
		Vector3.new(0, 9.5, 10.200000000000001),
		Vector3.new(0, 9.3, 8),
		Vector3.new(0, 9.4, 5.4),
		Vector3.new(0, 8.8, 5.5),
		Vector3.new(0, 7.9, 5.2),
		Vector3.new(0, 7.4, 4.800000000000001),
	},
	{
		Vector3.new(0, 7.4, 4.800000000000001),
		Vector3.new(0, 8, 5),
		Vector3.new(0, 8.6, 5.2),
		Vector3.new(0, 9.3, 5.1000000000000005),
		Vector3.new(0, 8.200000000000001, 1),
		Vector3.new(0, 9.1, 1),
		Vector3.new(0, 9.1, -1.6),
		Vector3.new(0, 8.6, -1.4000000000000001),
		Vector3.new(0, 7.800000000000001, -0.8),
		Vector3.new(0, 6.7, -0.7000000000000001),
		Vector3.new(0, 6.4, 0.4),
		Vector3.new(0, 6.4, 5.5),
		Vector3.new(0, 7, 5.6000000000000005),
		Vector3.new(0, 7.300000000000001, 6.4),
		Vector3.new(0, 7.800000000000001, 8.4),
		Vector3.new(0, 8.5, 9.8),
		Vector3.new(0, 9.4, 10.700000000000001),
		Vector3.new(0, 9.1, 8.4),
		Vector3.new(0, 9.1, 5.7),
		Vector3.new(0, 8.3, 5.6000000000000005),
		Vector3.new(0, 7.5, 5.2),
		Vector3.new(0, 7.2, 4.5),
		Vector3.new(0, 8.3, 4.800000000000001),
		Vector3.new(0, 9, 5),
	},
	{
		Vector3.new(0, 9, 5),
		Vector3.new(0, 8, 0.7000000000000001),
		Vector3.new(0, 8.9, 0.8),
		Vector3.new(0, 8.9, -1.2000000000000002),
		Vector3.new(0, 8.1, -0.6000000000000001),
		Vector3.new(0, 6.9, -0.5),
		Vector3.new(0, 6.6000000000000005, 0.4),
		Vector3.new(0, 6.7, 5.300000000000001),
		Vector3.new(0, 7.9, 8),
		Vector3.new(0, 8.5, 9.4),
		Vector3.new(0, 9.1, 10.200000000000001),
		Vector3.new(0, 8.8, 8.5),
		Vector3.new(0, 8.700000000000001, 5.9),
		Vector3.new(0, 7.5, 5.5),
		Vector3.new(0, 8.200000000000001, 8.200000000000001),
		Vector3.new(0, 8.8, 9.4),
		Vector3.new(0, 8.5, 7.800000000000001),
		Vector3.new(0, 8.5, 6.1000000000000005),
		Vector3.new(0, 7.800000000000001, 5.9),
		Vector3.new(0, 8.5, 8.5),
	},
	{
		Vector3.new(0, 8.5, 8.5),
		Vector3.new(0, 8.3, 6.2),
		Vector3.new(0, 8.3, 7.1000000000000005),
		Vector3.new(0, 7.1000000000000005, 5),
		Vector3.new(0, 6.9, 0.6000000000000001),
		Vector3.new(0, 7.1000000000000005, -0.30000000000000004),
		Vector3.new(0, 8, -0.4),
		Vector3.new(0, 8.6, -0.8),
		Vector3.new(0, 8.6, 0.5),
		Vector3.new(0, 7.800000000000001, 0.6000000000000001),
		Vector3.new(0, 8.700000000000001, 4.3),
		Vector3.new(0, 7.2, 4.3),
		Vector3.new(0, 7.1000000000000005, 0.7000000000000001),
		Vector3.new(0, 7.4, -0.1),
		Vector3.new(0, 8.1, -0.1),
		Vector3.new(0, 7.6000000000000005, 0.2),
		Vector3.new(0, 7.5, 0.7000000000000001),
		Vector3.new(0, 7.300000000000001, 4.2),
		Vector3.new(0, 8.4, 4.3),
		Vector3.new(0, 7.7, 0.6000000000000001),
		Vector3.new(0, 8.200000000000001, 0.2),
		Vector3.new(0, 7.6000000000000005, 0.9),
	},
	{
		Vector3.new(0, 7.6000000000000005, 0.9),
		Vector3.new(0, 7.6000000000000005, 3.7),
		Vector3.new(0, 8.1, 4),
		Vector3.new(0, 7.800000000000001, 1.3),
		Vector3.new(0, 7.800000000000001, 3.7),
		Vector3.new(0, 7.9, 2.4000000000000004),
		Vector3.new(0, 6.5, 6),
		Vector3.new(0, 6.7, 9.1),
		Vector3.new(0, 7, 10.700000000000001),
		Vector3.new(0, 8.700000000000001, 10.600000000000001),
		Vector3.new(0, 7.2, 10.3),
		Vector3.new(0, 8.200000000000001, 10),
		Vector3.new(0, 7.1000000000000005, 9.8),
		Vector3.new(0, 7.800000000000001, 9.5),
		Vector3.new(0, 7, 9.3),
		Vector3.new(0, 7.6000000000000005, 8.9),
		Vector3.new(0, 6.9, 8.700000000000001),
		Vector3.new(0, 7.4, 8.4),
		Vector3.new(0, 6.9, 8.200000000000001),
		Vector3.new(0, 7.1000000000000005, 7.5),
		Vector3.new(0, 7, 6.800000000000001),
		Vector3.new(0, 6.9, 6),
		Vector3.new(0, 8.700000000000001, 1.5),
	},
	{
		Vector3.new(0, 8.700000000000001, 1.5),
		Vector3.new(0, 11.8, 0.8),
		Vector3.new(0, 14.700000000000001, 0.30000000000000004),
		Vector3.new(0, 14.9, 3.7),
		Vector3.new(0, 11.200000000000001, 4.1000000000000005),
		Vector3.new(0, 9.4, 4.5),
		Vector3.new(0, 8.6, 1.6),
		Vector3.new(0, 14.200000000000001, 0.6000000000000001),
		Vector3.new(0, 14.700000000000001, 3.4000000000000004),
		Vector3.new(0, 9.700000000000001, 4.3),
		Vector3.new(0, 9, 2.1),
	},
	{
		Vector3.new(0, 9, 2.1),
		Vector3.new(0, 14, 0.9),
		Vector3.new(0, 14.5, 3.2),
		Vector3.new(0, 9.9, 4.1000000000000005),
		Vector3.new(0, 9.200000000000001, 2.3000000000000003),
		Vector3.new(0, 13.8, 1.2000000000000002),
		Vector3.new(0, 14.3, 2.9000000000000004),
		Vector3.new(0, 9.9, 3.8000000000000003),
		Vector3.new(0, 9.5, 2.4000000000000004),
		Vector3.new(0, 13.600000000000001, 1.4000000000000001),
		Vector3.new(0, 14.100000000000001, 2.8000000000000003),
		Vector3.new(0, 10.100000000000001, 3.6),
		Vector3.new(0, 9.8, 2.6),
	},
	{
		Vector3.new(0, 9.8, 2.6),
		Vector3.new(0, 13.4, 1.7000000000000002),
		Vector3.new(0, 13.9, 2.6),
		Vector3.new(0, 10.4, 3.3000000000000003),
		Vector3.new(0, 10, 2.6),
		Vector3.new(0, 13.3, 1.9000000000000001),
		Vector3.new(0, 13.600000000000001, 2.4000000000000004),
		Vector3.new(0, 10.4, 3.1),
		Vector3.new(0, 10.200000000000001, 2.6),
		Vector3.new(0, 13.200000000000001, 2.1),
		Vector3.new(0, 10.4, 2.8000000000000003),
		Vector3.new(0, 9.4, 1),
		Vector3.new(0, 14.5, 0),
		Vector3.new(0, 13.8, -0.2),
		Vector3.new(0, 9.5, 0.8),
	},
	{
		Vector3.new(0, 9.5, 0.8),
		Vector3.new(0, 13.4, -0.30000000000000004),
		Vector3.new(0, 12.8, -1),
		Vector3.new(0, 12.100000000000001, -1.5),
		Vector3.new(0, 11.100000000000001, -2),
		Vector3.new(0, 9.700000000000001, -2.4000000000000004),
		Vector3.new(0, 9.5, -1.7000000000000002),
		Vector3.new(0, 9.5, 0.30000000000000004),
		Vector3.new(0, 13.100000000000001, -0.5),
		Vector3.new(0, 9.700000000000001, 0),
		Vector3.new(0, 12.700000000000001, -0.9),
		Vector3.new(0, 9.8, -0.5),
		Vector3.new(0, 12.200000000000001, -1.1),
		Vector3.new(0, 9.8, -0.9),
		Vector3.new(0, 11.700000000000001, -1.5),
		Vector3.new(0, 9.8, -1.4000000000000001),
		Vector3.new(0, 11.200000000000001, -1.8),
		Vector3.new(0, 10.700000000000001, -2),
		Vector3.new(0, 9.8, -1.8),
		Vector3.new(0, 10.4, -2.1),
	},
	{
		Vector3.new(0, 10.4, -2.1),
		Vector3.new(0, 9.600000000000001, 4.800000000000001),
		Vector3.new(0, 9.700000000000001, 6.4),
		Vector3.new(0, 9.700000000000001, 8),
		Vector3.new(0, 9.9, 9.9),
		Vector3.new(0, 10.100000000000001, 11.3),
		Vector3.new(0, 11.4, 11.4),
		Vector3.new(0, 12.4, 11),
		Vector3.new(0, 13.200000000000001, 10.3),
		Vector3.new(0, 13.9, 9.600000000000001),
		Vector3.new(0, 15.9, 8.9),
		Vector3.new(0, 17.900000000000002, 8.200000000000001),
		Vector3.new(0, 17.8, 7.6000000000000005),
		Vector3.new(0, 17.7, 6.6000000000000005),
		Vector3.new(0, 17.900000000000002, 4.9),
		Vector3.new(0, 18.2, 3.7),
		Vector3.new(0, 18.7, 2.6),
		Vector3.new(0, 18.6, 1.9000000000000001),
		Vector3.new(0, 18.3, 2.5),
		Vector3.new(0, 17.8, 3.5),
		Vector3.new(0, 17, 4.3),
		Vector3.new(0, 15.9, 4.7),
		Vector3.new(0, 15, 4.9),
		Vector3.new(0, 15.100000000000001, 3.3000000000000003),
		Vector3.new(0, 15, 1.2000000000000002),
	},
	{
		Vector3.new(0, 15, 1.2000000000000002),
		Vector3.new(0, 14.600000000000001, -0.6000000000000001),
		Vector3.new(0, 15.5, -0.7000000000000001),
		Vector3.new(0, 16.5, -0.30000000000000004),
		Vector3.new(0, 17.2, 0.2),
		Vector3.new(0, 17.8, 0.9),
		Vector3.new(0, 18.1, 1.6),
		Vector3.new(0, 17.400000000000002, 0.8),
		Vector3.new(0, 16.6, 0.1),
		Vector3.new(0, 15.700000000000001, -0.4),
		Vector3.new(0, 14.9, -0.4),
		Vector3.new(0, 15.3, 2.1),
		Vector3.new(0, 15.3, 4.5),
		Vector3.new(0, 16.5, 4.2),
		Vector3.new(0, 17.1, 3.8000000000000003),
		Vector3.new(0, 17.8, 3.2),
		Vector3.new(0, 18, 2.4000000000000004),
		Vector3.new(0, 17.900000000000002, 1.8),
		Vector3.new(0, 17.5, 1.3),
		Vector3.new(0, 16.900000000000002, 0.6000000000000001),
		Vector3.new(0, 16.3, 0.2),
		Vector3.new(0, 15.700000000000001, -0.2),
		Vector3.new(0, 15.200000000000001, -0.2),
		Vector3.new(0, 15.200000000000001, 0.8),
		Vector3.new(0, 15.5, 2),
		Vector3.new(0, 15.5, 4.1000000000000005),
		Vector3.new(0, 16.2, 4.1000000000000005),
		Vector3.new(0, 17.1, 3.4000000000000004),
		Vector3.new(0, 17.6, 2.9000000000000004),
		Vector3.new(0, 17.8, 2.2),
		Vector3.new(0, 17.6, 1.7000000000000002),
		Vector3.new(0, 16.8, 0.9),
		Vector3.new(0, 16.1, 0.30000000000000004),
		Vector3.new(0, 15.600000000000001, 0),
		Vector3.new(0, 15.700000000000001, 1.9000000000000001),
		Vector3.new(0, 15.700000000000001, 3.8000000000000003),
	},
	{
		Vector3.new(0, 15.700000000000001, 3.8000000000000003),
		Vector3.new(0, 16.8, 3.5),
		Vector3.new(0, 17.400000000000002, 3),
		Vector3.new(0, 17.6, 2.4000000000000004),
		Vector3.new(0, 17.400000000000002, 1.9000000000000001),
		Vector3.new(0, 17, 1.3),
		Vector3.new(0, 16.2, 0.5),
		Vector3.new(0, 15.700000000000001, 0.30000000000000004),
		Vector3.new(0, 15.9, 2),
		Vector3.new(0, 16, 3.6),
		Vector3.new(0, 16.7, 3.4000000000000004),
		Vector3.new(0, 17.3, 2.7),
		Vector3.new(0, 17.1, 1.9000000000000001),
		Vector3.new(0, 16.2, 0.9),
		Vector3.new(0, 16.1, 2),
		Vector3.new(0, 16.1, 3.3000000000000003),
		Vector3.new(0, 17, 2.7),
		Vector3.new(0, 16.900000000000002, 1.9000000000000001),
		Vector3.new(0, 16.2, 1),
		Vector3.new(0, 16.3, 2.4000000000000004),
		Vector3.new(0, 16.3, 3),
		Vector3.new(0, 16.8, 2.5),
		Vector3.new(0, 16.400000000000002, 1.5),
		Vector3.new(0, 16.5, 2.6),
		Vector3.new(0, 9.600000000000001, 4.800000000000001),
		Vector3.new(0, 11.8, 4.4),
		Vector3.new(0, 14.700000000000001, 4),
	},
	{
		Vector3.new(0, 14.700000000000001, 4),
		Vector3.new(0, 9.8, 5),
		Vector3.new(0, 14.700000000000001, 4.5),
		Vector3.new(0, 9.9, 5.7),
		Vector3.new(0, 17.7, 4.6000000000000005),
		Vector3.new(0, 10, 6.2),
	},
	{
		Vector3.new(0, 10, 6.2),
		Vector3.new(0, 17.6, 5.1000000000000005),
		Vector3.new(0, 10, 6.800000000000001),
		Vector3.new(0, 17.6, 5.7),
		Vector3.new(0, 10, 7.5),
	},
	{
		Vector3.new(0, 10, 7.5),
		Vector3.new(0, 17.5, 6.300000000000001),
		Vector3.new(0, 9.9, 8.1),
		Vector3.new(0, 17.5, 6.800000000000001),
		Vector3.new(0, 10, 8.700000000000001),
	},
	{
		Vector3.new(0, 10, 8.700000000000001),
		Vector3.new(0, 17.5, 7.300000000000001),
		Vector3.new(0, 10, 9.200000000000001),
		Vector3.new(0, 17.5, 7.800000000000001),
		Vector3.new(0, 10.100000000000001, 9.8),
		Vector3.new(0, 16.3, 8.6),
	},
	{
		Vector3.new(0, 16.3, 8.6),
		Vector3.new(0, 14.3, 9.3),
		Vector3.new(0, 10.200000000000001, 10.3),
		Vector3.new(0, 13.5, 9.700000000000001),
		Vector3.new(0, 10.200000000000001, 10.9),
		Vector3.new(0, 12.9, 10.4),
		Vector3.new(0, 12.200000000000001, 10.8),
		Vector3.new(0, 10.4, 11.4),
		Vector3.new(0, 16.8, 4.5),
		Vector3.new(0, 17.8, 4.4),
		Vector3.new(0, 17.900000000000002, 3.7),
		Vector3.new(0, 18.6, 2.4000000000000004),
		Vector3.new(0, 17.3, 8.6),
	},
	{
		Vector3.new(0, 17.3, 8.6),
		Vector3.new(0, 16.900000000000002, 9.200000000000001),
		Vector3.new(0, 16.3, 9.8),
		Vector3.new(0, 15.5, 10.3),
		Vector3.new(0, 15.200000000000001, 9.700000000000001),
		Vector3.new(0, 15.8, 10),
		Vector3.new(0, 15.5, 9.4),
		Vector3.new(0, 16.1, 9.700000000000001),
		Vector3.new(0, 15.9, 9.200000000000001),
		Vector3.new(0, 16.400000000000002, 9.5),
		Vector3.new(0, 16.400000000000002, 8.9),
		Vector3.new(0, 16.900000000000002, 8.8),
		Vector3.new(0, 17.400000000000002, 8.6),
		Vector3.new(0, 14.8, 9.5),
		Vector3.new(0, 14.100000000000001, 9.8),
		Vector3.new(0, 13.600000000000001, 10.200000000000001),
		Vector3.new(0, 14.9, 9.8),
		Vector3.new(0, 13.3, 10.5),
		Vector3.new(0, 18.1, 7.800000000000001),
		Vector3.new(0, 18.7, 7.9),
		Vector3.new(0, 19.200000000000003, 8.200000000000001),
		Vector3.new(0, 19.3, 9),
		Vector3.new(0, 19.8, 9.700000000000001),
		Vector3.new(0, 19.8, 8),
		Vector3.new(0, 20.200000000000003, 5.5),
		Vector3.new(0, 20.3, 4.800000000000001),
		Vector3.new(0, 20.6, 5.300000000000001),
		Vector3.new(0, 20.700000000000003, 5.9),
		Vector3.new(0, 20.5, 6.5),
		Vector3.new(0, 20.3, 8.200000000000001),
		Vector3.new(0, 20.200000000000003, 9.9),
		Vector3.new(0, 20.200000000000003, 12.100000000000001),
		Vector3.new(0, 20.400000000000002, 13.8),
	},
	{
		Vector3.new(0, 20.400000000000002, 13.8),
		Vector3.new(0, 20.700000000000003, 14.9),
		Vector3.new(0, 21.400000000000002, 14.9),
		Vector3.new(0, 22.6, 14.5),
		Vector3.new(0, 22.400000000000002, 13.700000000000001),
		Vector3.new(0, 22.3, 12.5),
		Vector3.new(0, 22.400000000000002, 11.9),
		Vector3.new(0, 22.8, 12.200000000000001),
		Vector3.new(0, 22.8, 13.5),
		Vector3.new(0, 23, 14),
		Vector3.new(0, 23.700000000000003, 14.3),
		Vector3.new(0, 24, 13.600000000000001),
		Vector3.new(0, 23.8, 11),
		Vector3.new(0, 23.1, 9.9),
		Vector3.new(0, 22.8, 8.5),
		Vector3.new(0, 22.900000000000002, 7),
		Vector3.new(0, 23.400000000000002, 5.9),
		Vector3.new(0, 24.3, 5.2),
		Vector3.new(0, 25.3, 5),
		Vector3.new(0, 25.8, 5.2),
		Vector3.new(0, 26.400000000000002, 5.6000000000000005),
		Vector3.new(0, 26.900000000000002, 6.5),
		Vector3.new(0, 27.200000000000003, 7.2),
		Vector3.new(0, 27.400000000000002, 8.6),
		Vector3.new(0, 27.3, 9.5),
		Vector3.new(0, 27, 10.4),
		Vector3.new(0, 27.1, 11.3),
		Vector3.new(0, 27.3, 11.9),
		Vector3.new(0, 27.3, 12.700000000000001),
		Vector3.new(0, 27.400000000000002, 13.700000000000001),
		Vector3.new(0, 27.1, 14.4),
		Vector3.new(0, 27.8, 14),
		Vector3.new(0, 28.900000000000002, 13.8),
		Vector3.new(0, 33.2, 13.600000000000001),
		Vector3.new(0, 32.6, 12.700000000000001),
	},
	{
		Vector3.new(0, 32.6, 12.700000000000001),
		Vector3.new(0, 33.300000000000004, 11.9),
		Vector3.new(0, 32.6, 11.100000000000001),
		Vector3.new(0, 33.4, 10.4),
		Vector3.new(0, 32.7, 9.600000000000001),
		Vector3.new(0, 33.5, 8.700000000000001),
		Vector3.new(0, 32.6, 8),
		Vector3.new(0, 33.300000000000004, 7),
		Vector3.new(0, 32.4, 6.4),
		Vector3.new(0, 33.1, 5.300000000000001),
		Vector3.new(0, 32.300000000000004, 4.800000000000001),
		Vector3.new(0, 32.800000000000004, 3.7),
		Vector3.new(0, 31.900000000000002, 3.3000000000000003),
		Vector3.new(0, 32, 2.7),
		Vector3.new(0, 32.4, 2.1),
		Vector3.new(0, 31.5, 1.8),
		Vector3.new(0, 31.900000000000002, 0.8),
		Vector3.new(0, 30.3, 1.4000000000000001),
		Vector3.new(0, 28.6, 1.9000000000000001),
		Vector3.new(0, 25.900000000000002, 2.4000000000000004),
		Vector3.new(0, 23.8, 2.6),
		Vector3.new(0, 23.6, 3.2),
		Vector3.new(0, 23.200000000000003, 3.6),
		Vector3.new(0, 23.200000000000003, 2.6),
		Vector3.new(0, 22.8, 1.9000000000000001),
		Vector3.new(0, 21.900000000000002, 2.4000000000000004),
		Vector3.new(0, 21.8, 3),
		Vector3.new(0, 22, 3.5),
		Vector3.new(0, 22.1, 2.9000000000000004),
		Vector3.new(0, 22.400000000000002, 2.2),
		Vector3.new(0, 22.900000000000002, 2.6),
		Vector3.new(0, 22.700000000000003, 3.5),
		Vector3.new(0, 22.3, 3),
		Vector3.new(0, 22.5, 2.5),
		Vector3.new(0, 21.6, 3),
		Vector3.new(0, 20.6, 2.9000000000000004),
		Vector3.new(0, 19.3, 2.7),
	},
	{
		Vector3.new(0, 19.3, 2.7),
		Vector3.new(0, 18.6, 3.5),
		Vector3.new(0, 18.2, 5.300000000000001),
		Vector3.new(0, 18.1, 7),
		Vector3.new(0, 18.1, 7.7),
		Vector3.new(0, 18.3, 6.800000000000001),
		Vector3.new(0, 18.6, 4.2),
		Vector3.new(0, 19.1, 2.8000000000000003),
		Vector3.new(0, 19.1, 3.6),
		Vector3.new(0, 18.8, 4.5),
		Vector3.new(0, 18.6, 6),
		Vector3.new(0, 18.6, 7.6000000000000005),
		Vector3.new(0, 18.900000000000002, 7),
		Vector3.new(0, 19.1, 4.5),
		Vector3.new(0, 19.700000000000003, 2.9000000000000004),
		Vector3.new(0, 19.5, 4.5),
		Vector3.new(0, 19.1, 7.9),
		Vector3.new(0, 19.700000000000003, 4.4),
		Vector3.new(0, 20.3, 3),
		Vector3.new(0, 20, 4.6000000000000005),
		Vector3.new(0, 19.900000000000002, 5.5),
		Vector3.new(0, 19.6, 9),
		Vector3.new(0, 19.5, 8.4),
	},
	{
		Vector3.new(0, 19.5, 8.4),
		Vector3.new(0, 20.200000000000003, 4.7),
		Vector3.new(0, 20.8, 3.2),
		Vector3.new(0, 20.5, 4.7),
		Vector3.new(0, 21.3, 3.2),
		Vector3.new(0, 20.8, 5.1000000000000005),
		Vector3.new(0, 21.700000000000003, 3.5),
		Vector3.new(0, 20.900000000000002, 5.800000000000001),
		Vector3.new(0, 20.8, 6.4),
		Vector3.new(0, 22.1, 3.8000000000000003),
		Vector3.new(0, 20.700000000000003, 7),
		Vector3.new(0, 22.6, 3.8000000000000003),
		Vector3.new(0, 20.6, 7.800000000000001),
		Vector3.new(0, 23.1, 3.8000000000000003),
	},
	{
		Vector3.new(0, 23.1, 3.8000000000000003),
		Vector3.new(0, 20.6, 8.6),
		Vector3.new(0, 23.8, 3.5),
		Vector3.new(0, 24, 2.9000000000000004),
		Vector3.new(0, 24, 3.7),
		Vector3.new(0, 20.400000000000002, 9.5),
		Vector3.new(0, 24.5, 3.2),
		Vector3.new(0, 24.900000000000002, 2.8000000000000003),
		Vector3.new(0, 20.400000000000002, 10.4),
	},
	{
		Vector3.new(0, 20.400000000000002, 10.4),
		Vector3.new(0, 25.200000000000003, 2.8000000000000003),
		Vector3.new(0, 24.1, 5.1000000000000005),
		Vector3.new(0, 25.700000000000003, 2.7),
		Vector3.new(0, 24.900000000000002, 4.9),
		Vector3.new(0, 26.3, 2.6),
		Vector3.new(0, 25.5, 4.9),
		Vector3.new(0, 27, 2.4000000000000004),
		Vector3.new(0, 26, 5.1000000000000005),
		Vector3.new(0, 27.6, 2.3000000000000003),
		Vector3.new(0, 26.400000000000002, 5.4),
	},
	{
		Vector3.new(0, 26.400000000000002, 5.4),
		Vector3.new(0, 28.3, 2.1),
		Vector3.new(0, 26.8, 5.800000000000001),
		Vector3.new(0, 28.900000000000002, 1.9000000000000001),
		Vector3.new(0, 27.1, 6.4),
		Vector3.new(0, 29.400000000000002, 1.7000000000000002),
		Vector3.new(0, 27.3, 7.1000000000000005),
		Vector3.new(0, 30, 1.6),
	},
	{
		Vector3.new(0, 30, 1.6),
		Vector3.new(0, 27.400000000000002, 7.7),
		Vector3.new(0, 30.6, 1.4000000000000001),
		Vector3.new(0, 27.6, 8.4),
		Vector3.new(0, 31.1, 1.1),
		Vector3.new(0, 27.6, 9.1),
	},
	{
		Vector3.new(0, 27.6, 9.1),
		Vector3.new(0, 31.400000000000002, 1.6),
		Vector3.new(0, 27.400000000000002, 10.100000000000001),
		Vector3.new(0, 27.200000000000003, 10.8),
		Vector3.new(0, 31.700000000000003, 2),
	},
	{
		Vector3.new(0, 31.700000000000003, 2),
		Vector3.new(0, 27.400000000000002, 11.4),
		Vector3.new(0, 32.1, 2.2),
		Vector3.new(0, 31.8, 3.3000000000000003),
		Vector3.new(0, 27.5, 12),
	},
	{
		Vector3.new(0, 27.5, 12),
		Vector3.new(0, 32.1, 3.4000000000000004),
		Vector3.new(0, 27.6, 12.700000000000001),
		Vector3.new(0, 32.4, 3.7),
	},
	{
		Vector3.new(0, 32.4, 3.7),
		Vector3.new(0, 27.700000000000003, 13.5),
		Vector3.new(0, 27.400000000000002, 14.200000000000001),
		Vector3.new(0, 32.300000000000004, 4.9),
		Vector3.new(0, 28, 13.700000000000001),
	},
	{
		Vector3.new(0, 28, 13.700000000000001),
		Vector3.new(0, 32.6, 5.2),
		Vector3.new(0, 28.700000000000003, 13.5),
		Vector3.new(0, 32.5, 6.6000000000000005),
		Vector3.new(0, 29.3, 13.600000000000001),
	},
	{
		Vector3.new(0, 29.3, 13.600000000000001),
		Vector3.new(0, 32.9, 7),
		Vector3.new(0, 32.7, 8.200000000000001),
		Vector3.new(0, 29.900000000000002, 13.600000000000001),
		Vector3.new(0, 32.9, 8.200000000000001),
		Vector3.new(0, 30.6, 13.5),
		Vector3.new(0, 32.7, 9.9),
		Vector3.new(0, 31.3, 13.5),
		Vector3.new(0, 32.5, 11.3),
	},
	{
		Vector3.new(0, 32.5, 11.3),
		Vector3.new(0, 31.8, 13.5),
		Vector3.new(0, 32.9, 11.700000000000001),
		Vector3.new(0, 32.9, 12.200000000000001),
		Vector3.new(0, 32.6, 12.9),
		Vector3.new(0, 32.300000000000004, 13.4),
		Vector3.new(0, 32.800000000000004, 13.100000000000001),
		Vector3.new(0, 32.800000000000004, 10.600000000000001),
		Vector3.new(0, 33, 10.100000000000001),
		Vector3.new(0, 33.1, 8.8),
		Vector3.new(0, 22.700000000000003, 7.4),
		Vector3.new(0, 20.400000000000002, 11.100000000000001),
		Vector3.new(0, 22.700000000000003, 7.9),
		Vector3.new(0, 20.400000000000002, 11.8),
	},
	{
		Vector3.new(0, 20.400000000000002, 11.8),
		Vector3.new(0, 22.700000000000003, 8.9),
		Vector3.new(0, 20.5, 12.4),
		Vector3.new(0, 22.8, 9.5),
		Vector3.new(0, 20.5, 13.200000000000001),
		Vector3.new(0, 23, 10.100000000000001),
		Vector3.new(0, 20.6, 13.700000000000001),
		Vector3.new(0, 23.3, 10.600000000000001),
		Vector3.new(0, 22.700000000000003, 11.700000000000001),
		Vector3.new(0, 23.5, 11.100000000000001),
		Vector3.new(0, 22.900000000000002, 12.200000000000001),
		Vector3.new(0, 23.700000000000003, 11.600000000000001),
		Vector3.new(0, 23, 12.8),
		Vector3.new(0, 23.700000000000003, 12.4),
		Vector3.new(0, 23.1, 13.5),
		Vector3.new(0, 23.8, 13),
	},
	{
		Vector3.new(0, 23.8, 13),
		Vector3.new(0, 23.3, 14),
		Vector3.new(0, 23.8, 13.700000000000001),
		Vector3.new(0, 22.200000000000003, 12.3),
		Vector3.new(0, 20.8, 14.200000000000001),
		Vector3.new(0, 22.1, 12.700000000000001),
		Vector3.new(0, 21, 14.700000000000001),
		Vector3.new(0, 22.200000000000003, 13.4),
		Vector3.new(0, 21.5, 14.700000000000001),
		Vector3.new(0, 22.3, 14),
		Vector3.new(0, 22.5, 12.200000000000001),
		Vector3.new(0, 22.6, 12.8),
		Vector3.new(0, 22.700000000000003, 13.8),
		Vector3.new(0, 23, 14.4),
		Vector3.new(0, 23.5, 14.600000000000001),
		Vector3.new(0, 24.200000000000003, 14.100000000000001),
		Vector3.new(0, 24.200000000000003, 13.600000000000001),
		Vector3.new(0, 24, 10.8),
		Vector3.new(0, 23.400000000000002, 9.9),
		Vector3.new(0, 23.1, 8.5),
		Vector3.new(0, 23.1, 7.6000000000000005),
		Vector3.new(0, 23.400000000000002, 6.6000000000000005),
		Vector3.new(0, 24, 5.800000000000001),
		Vector3.new(0, 24.8, 5.300000000000001),
		Vector3.new(0, 25.6, 5.4),
		Vector3.new(0, 26.400000000000002, 6),
		Vector3.new(0, 27, 7.300000000000001),
		Vector3.new(0, 27.1, 8),
		Vector3.new(0, 27.1, 9),
		Vector3.new(0, 26.8, 10.100000000000001),
		Vector3.new(0, 26.1, 11),
		Vector3.new(0, 25.3, 11.3),
	},
	{
		Vector3.new(0, 25.3, 11.3),
		Vector3.new(0, 24.200000000000003, 10.9),
		Vector3.new(0, 26.5, 10.9),
		Vector3.new(0, 26.8, 11.3),
		Vector3.new(0, 27.1, 12.4),
		Vector3.new(0, 27.1, 13.200000000000001),
		Vector3.new(0, 26.900000000000002, 14.100000000000001),
		Vector3.new(0, 26.6, 14.8),
		Vector3.new(0, 25.8, 15.5),
		Vector3.new(0, 25, 15.600000000000001),
		Vector3.new(0, 24.3, 15.200000000000001),
		Vector3.new(0, 24.1, 14.600000000000001),
		Vector3.new(0, 25.200000000000003, 13.100000000000001),
		Vector3.new(0, 25.1, 7.800000000000001),
		Vector3.new(0, 21.5, 2.7),
		Vector3.new(0, 22, 1.9000000000000001),
		Vector3.new(0, 22.400000000000002, 1.7000000000000002),
		Vector3.new(0, 23, 1.7000000000000002),
		Vector3.new(0, 23.400000000000002, 2),
		Vector3.new(0, 23.400000000000002, 3),
		Vector3.new(0, 20.400000000000002, 5.4),
		Vector3.new(0, 20.200000000000003, 6.9),
		Vector3.new(0, 19.900000000000002, 10.100000000000001),
	},
	{
		Vector3.new(0, 19.900000000000002, 10.100000000000001),
		Vector3.new(0, 25.5, 12.600000000000001),
		Vector3.new(0, 25.700000000000003, 13.200000000000001),
		Vector3.new(0, 25.200000000000003, 13.3),
		Vector3.new(0, 24.900000000000002, 12.700000000000001),
		Vector3.new(0, 25.6, 12.5),
		Vector3.new(0, 25.900000000000002, 13.3),
		Vector3.new(0, 25.400000000000002, 13.700000000000001),
		Vector3.new(0, 24.8, 13.3),
		Vector3.new(0, 24.900000000000002, 12.4),
		Vector3.new(0, 25.8, 12.200000000000001),
		Vector3.new(0, 26.200000000000003, 13),
		Vector3.new(0, 25.8, 13.8),
		Vector3.new(0, 25.3, 13.9),
		Vector3.new(0, 24.700000000000003, 13.5),
		Vector3.new(0, 24.5, 12.600000000000001),
		Vector3.new(0, 24.900000000000002, 12),
		Vector3.new(0, 25.400000000000002, 11.9),
		Vector3.new(0, 26, 12.100000000000001),
		Vector3.new(0, 26.3, 12.5),
		Vector3.new(0, 26.400000000000002, 13.100000000000001),
		Vector3.new(0, 25.900000000000002, 14),
		Vector3.new(0, 24.900000000000002, 14),
		Vector3.new(0, 24.5, 13.4),
		Vector3.new(0, 24.8, 14.100000000000001),
		Vector3.new(0, 25.200000000000003, 14.4),
		Vector3.new(0, 26.3, 14.100000000000001),
		Vector3.new(0, 26.700000000000003, 13),
		Vector3.new(0, 26.6, 12.4),
		Vector3.new(0, 26.3, 11.9),
		Vector3.new(0, 25.700000000000003, 11.600000000000001),
		Vector3.new(0, 24.900000000000002, 11.8),
		Vector3.new(0, 24.5, 12.200000000000001),
		Vector3.new(0, 24.700000000000003, 11.700000000000001),
		Vector3.new(0, 24.3, 11.3),
		Vector3.new(0, 24.5, 14.100000000000001),
		Vector3.new(0, 25.200000000000003, 14.600000000000001),
		Vector3.new(0, 25.8, 14.600000000000001),
		Vector3.new(0, 26.3, 14.4),
		Vector3.new(0, 26.700000000000003, 14),
		Vector3.new(0, 26.900000000000002, 12.700000000000001),
		Vector3.new(0, 26.700000000000003, 12.100000000000001),
	},
	{
		Vector3.new(0, 26.700000000000003, 12.100000000000001),
		Vector3.new(0, 26.1, 11.5),
		Vector3.new(0, 25.5, 11.5),
		Vector3.new(0, 26.3, 11.5),
		Vector3.new(0, 26.700000000000003, 14.200000000000001),
		Vector3.new(0, 26, 14.700000000000001),
		Vector3.new(0, 25, 14.8),
		Vector3.new(0, 24.5, 14.4),
		Vector3.new(0, 24.8, 15),
		Vector3.new(0, 25.900000000000002, 14.9),
		Vector3.new(0, 26.400000000000002, 14.700000000000001),
		Vector3.new(0, 25.700000000000003, 15.200000000000001),
		Vector3.new(0, 24.8, 15.100000000000001),
		Vector3.new(0, 25.700000000000003, 15.3),
		Vector3.new(0, 25.1, 8.1),
		Vector3.new(0, 24.700000000000003, 7.6000000000000005),
		Vector3.new(0, 25.1, 7.2),
		Vector3.new(0, 25.6, 7.6000000000000005),
		Vector3.new(0, 25.200000000000003, 8.1),
		Vector3.new(0, 24.5, 7.9),
		Vector3.new(0, 24.8, 7.1000000000000005),
		Vector3.new(0, 25.6, 7.2),
		Vector3.new(0, 25.700000000000003, 7.9),
		Vector3.new(0, 25.400000000000002, 8.3),
		Vector3.new(0, 24.900000000000002, 8.4),
		Vector3.new(0, 24.3, 7.7),
		Vector3.new(0, 24.8, 6.9),
		Vector3.new(0, 25.400000000000002, 6.9),
		Vector3.new(0, 26, 7.5),
		Vector3.new(0, 25.8, 8),
		Vector3.new(0, 25.400000000000002, 8.5),
		Vector3.new(0, 24.6, 8.5),
		Vector3.new(0, 24.200000000000003, 7.800000000000001),
		Vector3.new(0, 24.200000000000003, 7.2),
		Vector3.new(0, 24.6, 6.7),
		Vector3.new(0, 25.1, 6.6000000000000005),
		Vector3.new(0, 25.6, 6.800000000000001),
		Vector3.new(0, 26.1, 7.7),
		Vector3.new(0, 26, 8.3),
		Vector3.new(0, 25.200000000000003, 8.8),
		Vector3.new(0, 24.5, 8.6),
	},
	{
		Vector3.new(0, 24.5, 8.6),
		Vector3.new(0, 24, 7.7),
		Vector3.new(0, 24, 7.1000000000000005),
		Vector3.new(0, 24.400000000000002, 6.5),
		Vector3.new(0, 25, 6.300000000000001),
		Vector3.new(0, 26.1, 6.9),
		Vector3.new(0, 26.3, 7.5),
		Vector3.new(0, 26, 8.6),
		Vector3.new(0, 25.700000000000003, 8.9),
		Vector3.new(0, 25.1, 9),
		Vector3.new(0, 24.3, 8.6),
		Vector3.new(0, 23.900000000000002, 7.5),
		Vector3.new(0, 23.900000000000002, 6.800000000000001),
		Vector3.new(0, 24.3, 6.4),
		Vector3.new(0, 24.900000000000002, 6.1000000000000005),
		Vector3.new(0, 25.5, 6.2),
		Vector3.new(0, 26, 6.6000000000000005),
		Vector3.new(0, 26.3, 7.2),
		Vector3.new(0, 26.5, 7.800000000000001),
		Vector3.new(0, 26.3, 8.6),
		Vector3.new(0, 25.8, 9.200000000000001),
		Vector3.new(0, 24.700000000000003, 9.200000000000001),
		Vector3.new(0, 23.900000000000002, 8.5),
		Vector3.new(0, 23.700000000000003, 8),
		Vector3.new(0, 23.700000000000003, 7.5),
		Vector3.new(0, 23.8, 6.5),
		Vector3.new(0, 24.200000000000003, 6.2),
		Vector3.new(0, 25, 5.9),
		Vector3.new(0, 25.5, 6),
		Vector3.new(0, 26, 6.5),
		Vector3.new(0, 26.400000000000002, 6.9),
		Vector3.new(0, 26.6, 7.6000000000000005),
		Vector3.new(0, 26.6, 8.3),
		Vector3.new(0, 26.3, 9),
		Vector3.new(0, 25.8, 9.4),
		Vector3.new(0, 25.200000000000003, 9.5),
		Vector3.new(0, 24.5, 9.3),
		Vector3.new(0, 24.1, 8.9),
		Vector3.new(0, 23.5, 7.800000000000001),
		Vector3.new(0, 23.5, 7),
		Vector3.new(0, 23.700000000000003, 6.5),
		Vector3.new(0, 24.1, 6),
		Vector3.new(0, 24.900000000000002, 5.7),
		Vector3.new(0, 25.5, 5.800000000000001),
		Vector3.new(0, 26, 6.1000000000000005),
		Vector3.new(0, 26.400000000000002, 6.7),
		Vector3.new(0, 26.700000000000003, 7.4),
		Vector3.new(0, 26.8, 8.3),
		Vector3.new(0, 26.6, 9),
		Vector3.new(0, 26.200000000000003, 9.5),
		Vector3.new(0, 25.700000000000003, 9.700000000000001),
		Vector3.new(0, 25, 9.700000000000001),
		Vector3.new(0, 24.5, 9.5),
	},
	{
		Vector3.new(0, 24.5, 9.5),
		Vector3.new(0, 23.8, 8.9),
		Vector3.new(0, 23.5, 8.4),
		Vector3.new(0, 23.400000000000002, 7.800000000000001),
		Vector3.new(0, 23.3, 8.4),
		Vector3.new(0, 24, 9.4),
		Vector3.new(0, 24.5, 9.8),
		Vector3.new(0, 25.200000000000003, 10),
		Vector3.new(0, 25.8, 10),
		Vector3.new(0, 26.200000000000003, 9.8),
		Vector3.new(0, 26.8, 8.9),
		Vector3.new(0, 26.6, 9.8),
		Vector3.new(0, 25.6, 10.200000000000001),
		Vector3.new(0, 25, 10.200000000000001),
		Vector3.new(0, 24.5, 10),
		Vector3.new(0, 23.8, 9.5),
		Vector3.new(0, 23.5, 9.1),
		Vector3.new(0, 23.6, 9.600000000000001),
		Vector3.new(0, 24.1, 10),
		Vector3.new(0, 24.700000000000003, 10.3),
		Vector3.new(0, 25.3, 10.5),
		Vector3.new(0, 25.900000000000002, 10.4),
		Vector3.new(0, 26.6, 10),
		Vector3.new(0, 26, 10.600000000000001),
		Vector3.new(0, 25.400000000000002, 10.700000000000001),
		Vector3.new(0, 24.8, 10.5),
		Vector3.new(0, 24.3, 10.3),
		Vector3.new(0, 23.6, 9.9),
		Vector3.new(0, 23.900000000000002, 10.3),
		Vector3.new(0, 24.5, 10.600000000000001),
		Vector3.new(0, 25.200000000000003, 10.8),
		Vector3.new(0, 25.8, 10.8),
		Vector3.new(0, 25.1, 11),
		Vector3.new(0, 24.6, 10.9),
		Vector3.new(0, 24.1, 10.600000000000001),
		Vector3.new(0, 24.900000000000002, 5.5),
		Vector3.new(0, 25.700000000000003, 5.7),
		Vector3.new(0, 26.200000000000003, 6.1000000000000005),
		Vector3.new(0, 26.5, 6.7),
		Vector3.new(0, 26.8, 7.300000000000001),
		Vector3.new(0, 26.900000000000002, 8.4),
		Vector3.new(0, 26.900000000000002, 9.200000000000001),
		Vector3.new(0, 26.6, 10),
		Vector3.new(0, 26.200000000000003, 10.600000000000001),
	},
}
