local wires = {
	{
		Vector3.new(16.3, 0.9, -0.7000000000000001),
		Vector3.new(16, 0.9, -0.1),
		Vector3.new(13.9, 1, 1.3),
		Vector3.new(11.100000000000001, 1.1, 1.2000000000000002),
		Vector3.new(9.1, 1, 0),
		Vector3.new(8.8, 1, -0.6000000000000001),
		Vector3.new(8.6, 2.2, -0.5),
		Vector3.new(8.5, 2.9000000000000004, -0.9),
		Vector3.new(8.5, 3.4000000000000004, -2.1),
		Vector3.new(8.5, 3.1, -3.2),
		Vector3.new(8.6, 2.2, -3.7),
		Vector3.new(8.8, 1.1, -3.6),
		Vector3.new(8.8, 1.2000000000000002, -4.3),
		Vector3.new(8.9, 1.3, -11.5),
		Vector3.new(8.4, 3.2, -11.700000000000001),
		Vector3.new(8.5, 3.7, -13.100000000000001),
		Vector3.new(8.4, 3.3000000000000003, -14.4),
		Vector3.new(8.700000000000001, 1.7000000000000002, -14.700000000000001),
		Vector3.new(10.100000000000001, 1.9000000000000001, -16),
		Vector3.new(14.700000000000001, 1.8, -16),
	},
	{
		Vector3.new(14.700000000000001, 1.8, -16),
		Vector3.new(16.2, 1.7000000000000002, -14.700000000000001),
		Vector3.new(16.400000000000002, 2.3000000000000003, -14.9),
		Vector3.new(16.5, 3.2, -14.5),
		Vector3.new(16.400000000000002, 3.7, -13.200000000000001),
		Vector3.new(16.5, 3.2, -11.5),
		Vector3.new(16.1, 1.2000000000000002, -11.600000000000001),
		Vector3.new(16.3, 1.1, -3.7),
		Vector3.new(16.6, 3, -3.4000000000000004),
		Vector3.new(16.6, 3.3000000000000003, -2.2),
		Vector3.new(16.6, 2.9000000000000004, -1),
		Vector3.new(16.3, 0.9, -0.7000000000000001),
		Vector3.new(16, 0.9, -0.1),
		Vector3.new(15.9, 3.2, -0.1),
		Vector3.new(16, 3.8000000000000003, -1.2000000000000002),
		Vector3.new(16, 4, -2.2),
		Vector3.new(16, 4, -3.4000000000000004),
		Vector3.new(15.3, 4.2, -3.3000000000000003),
		Vector3.new(14.3, 4.1000000000000005, -2.7),
		Vector3.new(12.600000000000001, 4.1000000000000005, -2.4000000000000004),
		Vector3.new(10.9, 4.1000000000000005, -2.7),
		Vector3.new(9.8, 4.2, -3.3000000000000003),
		Vector3.new(9.200000000000001, 4.1000000000000005, -3.3000000000000003),
	},
	{
		Vector3.new(9.200000000000001, 4.1000000000000005, -3.3000000000000003),
		Vector3.new(8.5, 3.1, -3.2),
		Vector3.new(9.200000000000001, 4.1000000000000005, -3.3000000000000003),
		Vector3.new(9.1, 4, -2.1),
		Vector3.new(9.1, 3.9000000000000004, -1.1),
		Vector3.new(9.200000000000001, 3.2, 0),
		Vector3.new(9.1, 1, 0),
		Vector3.new(9, 2.2, 0.2),
		Vector3.new(11, 2.1, 1.3),
		Vector3.new(14, 2.1, 1.4000000000000001),
		Vector3.new(16.1, 2, 0.1),
		Vector3.new(14, 2.1, 1.4000000000000001),
		Vector3.new(14.5, 3.1, 0.8),
		Vector3.new(15.9, 3.2, -0.1),
		Vector3.new(14.5, 3.1, 0.8),
		Vector3.new(12.600000000000001, 3.1, 1),
		Vector3.new(10.700000000000001, 3.1, 0.7000000000000001),
		Vector3.new(9.200000000000001, 3.2, 0),
		Vector3.new(9.200000000000001, 2.7, 0.2),
	},
	{
		Vector3.new(9.200000000000001, 2.7, 0.2),
		Vector3.new(12.5, 3.2, -7.5),
		Vector3.new(11, 2.1, 1.3),
		Vector3.new(10.700000000000001, 3.1, 0.7000000000000001),
		Vector3.new(12.600000000000001, 3.1, 1),
		Vector3.new(12.5, 3.9000000000000004, -1.1),
		Vector3.new(12.600000000000001, 4.1000000000000005, -2.4000000000000004),
		Vector3.new(14.3, 4.1000000000000005, -2.7),
		Vector3.new(13.9, 3.9000000000000004, -1.2000000000000002),
		Vector3.new(13.9, 3.2, 0.6000000000000001),
		Vector3.new(14.5, 3.1, 0.8),
		Vector3.new(14.600000000000001, 3.4000000000000004, -0.1),
		Vector3.new(14.9, 3.8000000000000003, -1.1),
		Vector3.new(15.100000000000001, 4, -2.2),
		Vector3.new(15.3, 4.2, -3.3000000000000003),
		Vector3.new(14.3, 4.1000000000000005, -2.7),
		Vector3.new(12.600000000000001, 4.1000000000000005, -2.4000000000000004),
	},
	{
		Vector3.new(12.600000000000001, 4.1000000000000005, -2.4000000000000004),
		Vector3.new(10.9, 4.1000000000000005, -2.7),
		Vector3.new(11.200000000000001, 3.9000000000000004, -1.2000000000000002),
		Vector3.new(11.200000000000001, 3.5, 0),
		Vector3.new(11.200000000000001, 3.3000000000000003, 0.8),
		Vector3.new(10.700000000000001, 3.1, 0.7000000000000001),
		Vector3.new(10.5, 3.5, -0.1),
		Vector3.new(10.200000000000001, 3.9000000000000004, -1.1),
		Vector3.new(10, 4.1000000000000005, -2.1),
		Vector3.new(9.8, 4.2, -3.3000000000000003),
		Vector3.new(9.600000000000001, 4.5, -4.1000000000000005),
		Vector3.new(8.5, 3.2, -3.9000000000000004),
		Vector3.new(8.6, 3.4000000000000004, -6.6000000000000005),
		Vector3.new(9.1, 4, -6.300000000000001),
		Vector3.new(8.8, 3.9000000000000004, -8.700000000000001),
		Vector3.new(8.4, 3.4000000000000004, -9.200000000000001),
		Vector3.new(8.6, 3.4000000000000004, -6.6000000000000005),
		Vector3.new(8.4, 3.4000000000000004, -9.200000000000001),
		Vector3.new(8.4, 3.2, -11.700000000000001),
		Vector3.new(8.5, 3.7, -13.100000000000001),
		Vector3.new(8.4, 3.3000000000000003, -14.4),
		Vector3.new(8.6, 3.1, -15.100000000000001),
		Vector3.new(8.8, 3.8000000000000003, -15.100000000000001),
		Vector3.new(8.6, 4, -14.200000000000001),
		Vector3.new(8.8, 4.1000000000000005, -13.200000000000001),
		Vector3.new(8.8, 4, -11.5),
	},
	{
		Vector3.new(8.8, 4, -11.5),
		Vector3.new(8.8, 3.9000000000000004, -8.700000000000001),
		Vector3.new(9.700000000000001, 5.2, -9.200000000000001),
		Vector3.new(9.700000000000001, 5, -10.8),
		Vector3.new(8.8, 4, -11.5),
		Vector3.new(8.8, 4.1000000000000005, -13.200000000000001),
		Vector3.new(9.4, 4.7, -13.200000000000001),
		Vector3.new(9.700000000000001, 5, -10.8),
		Vector3.new(9.4, 4.7, -13.200000000000001),
		Vector3.new(9.200000000000001, 4.2, -15.100000000000001),
		Vector3.new(9.8, 4.3, -15.4),
		Vector3.new(11, 4.4, -15.8),
		Vector3.new(11.200000000000001, 5.800000000000001, -15.8),
		Vector3.new(8.700000000000001, 5.7, -15.9),
		Vector3.new(8.700000000000001, 5.800000000000001, -16.5),
		Vector3.new(8.700000000000001, 5.6000000000000005, -15.3),
		Vector3.new(8.700000000000001, 5.7, -15.9),
		Vector3.new(11.200000000000001, 5.800000000000001, -15.8),
		Vector3.new(16, 5.7, -16),
		Vector3.new(16, 5.6000000000000005, -15.4),
		Vector3.new(15.9, 5.7, -16.5),
		Vector3.new(16, 5.7, -16),
		Vector3.new(13.600000000000001, 5.9, -15.8),
	},
	{
		Vector3.new(13.600000000000001, 5.9, -15.8),
		Vector3.new(13.700000000000001, 4.4, -15.8),
		Vector3.new(12.5, 4.3, -15.9),
		Vector3.new(11, 4.4, -15.8),
		Vector3.new(12.5, 4.6000000000000005, -16.2),
		Vector3.new(13.9, 4.7, -16.2),
		Vector3.new(15.700000000000001, 4.2, -15.200000000000001),
		Vector3.new(15.600000000000001, 4.4, -14.3),
		Vector3.new(15.5, 4.7, -13.200000000000001),
		Vector3.new(16.400000000000002, 3.7, -13.200000000000001),
		Vector3.new(16.5, 3.2, -14.5),
		Vector3.new(16.3, 3.9000000000000004, -14.3),
		Vector3.new(15.600000000000001, 4.4, -14.3),
		Vector3.new(15.700000000000001, 4.2, -15.200000000000001),
		Vector3.new(15.600000000000001, 4.4, -14.3),
		Vector3.new(15.5, 4.7, -13.200000000000001),
		Vector3.new(15.4, 4.9, -10.700000000000001),
		Vector3.new(16.5, 3.2, -11.5),
		Vector3.new(16.400000000000002, 3.7, -13.200000000000001),
		Vector3.new(16.2, 3.9000000000000004, -11.3),
		Vector3.new(16.2, 3.9000000000000004, -8.8),
		Vector3.new(15.200000000000001, 5.2, -9.200000000000001),
		Vector3.new(15.100000000000001, 5.2, -7.2),
		Vector3.new(15.200000000000001, 5, -5.7),
		Vector3.new(15.700000000000001, 4.3, -4.3),
		Vector3.new(16, 3.9000000000000004, -4.5),
	},
	{
		Vector3.new(16, 3.9000000000000004, -4.5),
		Vector3.new(16.2, 3.9000000000000004, -8.8),
		Vector3.new(15.200000000000001, 5.2, -9.200000000000001),
		Vector3.new(15.4, 4.9, -10.700000000000001),
		Vector3.new(14.600000000000001, 5.1000000000000005, -10.600000000000001),
		Vector3.new(13.8, 5.2, -10.5),
		Vector3.new(12.5, 5.2, -10.4),
		Vector3.new(11.100000000000001, 5.2, -10.5),
		Vector3.new(10.4, 5.2, -10.600000000000001),
		Vector3.new(9.700000000000001, 5, -10.8),
		Vector3.new(9.700000000000001, 5.2, -9.200000000000001),
		Vector3.new(11.100000000000001, 5.4, -9.200000000000001),
		Vector3.new(12.5, 5.5, -9.200000000000001),
		Vector3.new(13.9, 5.300000000000001, -9.200000000000001),
		Vector3.new(15.200000000000001, 5.2, -9.200000000000001),
		Vector3.new(15.100000000000001, 5.2, -7.2),
		Vector3.new(13.9, 5.7, -7.4),
		Vector3.new(12.5, 5.7, -7.5),
		Vector3.new(11.3, 5.7, -7.7),
		Vector3.new(10.200000000000001, 5.300000000000001, -7.6000000000000005),
		Vector3.new(9.700000000000001, 5.2, -9.200000000000001),
		Vector3.new(10.200000000000001, 5.300000000000001, -7.6000000000000005),
		Vector3.new(10, 5.1000000000000005, -5.7),
		Vector3.new(9.3, 4.3, -4.2),
		Vector3.new(9.1, 4, -6.300000000000001),
	},
	{
		Vector3.new(9.1, 4, -6.300000000000001),
		Vector3.new(9.3, 4.3, -4.2),
		Vector3.new(9.8, 4.2, -3.3000000000000003),
		Vector3.new(10.9, 4.1000000000000005, -2.7),
		Vector3.new(12.600000000000001, 4.1000000000000005, -2.4000000000000004),
		Vector3.new(14.3, 4.1000000000000005, -2.7),
		Vector3.new(15.3, 4.2, -3.3000000000000003),
		Vector3.new(15.700000000000001, 4.3, -4.3),
		Vector3.new(15.200000000000001, 5, -5.7),
		Vector3.new(12.600000000000001, 5.300000000000001, -5.6000000000000005),
		Vector3.new(10, 5.1000000000000005, -5.7),
	},
}
