local wires = {
	{
		Vector3.new(-1.1, 3.5, -41.300000000000004),
		Vector3.new(-1.9000000000000001, 3.3000000000000003, -40.800000000000004),
		Vector3.new(-2.3000000000000003, 3.2, -40.1),
		Vector3.new(-2.7, 3.1, -39),
		Vector3.new(-3.2, 3.2, -37.7),
		Vector3.new(-4, 3.4000000000000004, -35.7),
		Vector3.new(-4.5, 3.5, -34.2),
		Vector3.new(-5, 3.6, -32.800000000000004),
		Vector3.new(-5.300000000000001, 3.6, -31.5),
		Vector3.new(-5.7, 3.8000000000000003, -30.5),
		Vector3.new(-6, 3.9000000000000004, -29.1),
		Vector3.new(-6.1000000000000005, 4, -27.8),
		Vector3.new(-6.1000000000000005, 4, -25.900000000000002),
		Vector3.new(-6.1000000000000005, 3.9000000000000004, -24.400000000000002),
		Vector3.new(-6.1000000000000005, 4, -23.5),
		Vector3.new(-6.1000000000000005, 4.1000000000000005, -19.6),
		Vector3.new(-6.2, 4.2, -16.8),
		Vector3.new(-6.2, 4.3, -11.700000000000001),
		Vector3.new(-6.2, 4.2, -9.9),
		Vector3.new(-6.2, 4.2, -8.4),
		Vector3.new(-6.2, 4.2, -7.300000000000001),
	},
	{
		Vector3.new(-6.2, 4.2, -7.300000000000001),
		Vector3.new(-6.1000000000000005, 4.1000000000000005, -3.5),
		Vector3.new(-6.2, 4.2, 2.3000000000000003),
		Vector3.new(-6.2, 4.3, 8.1),
		Vector3.new(-5.9, 4.3, 11.200000000000001),
		Vector3.new(-5.5, 4.5, 14.8),
		Vector3.new(-5.2, 5.300000000000001, 17.900000000000002),
		Vector3.new(-5, 6, 19.8),
		Vector3.new(-4.5, 7.300000000000001, 22.8),
		Vector3.new(-4, 8, 25.1),
		Vector3.new(-3.3000000000000003, 8.9, 28.400000000000002),
	},
	{
		Vector3.new(-3.3000000000000003, 8.9, 28.400000000000002),
		Vector3.new(-2.7, 9.4, 31.3),
		Vector3.new(-2.3000000000000003, 9.4, 33.300000000000004),
		Vector3.new(-1.9000000000000001, 9.5, 35.1),
		Vector3.new(-1.3, 9.4, 35.4),
		Vector3.new(-0.9, 9.4, 35.2),
		Vector3.new(-0.30000000000000004, 9.3, 33.4),
		Vector3.new(0.1, 9, 31.8),
		Vector3.new(0.6000000000000001, 8.700000000000001, 29.200000000000003),
		Vector3.new(1.1, 8.3, 27.1),
		Vector3.new(1.6, 7.6000000000000005, 24.6),
		Vector3.new(2.1, 6.5, 21.900000000000002),
		Vector3.new(2.5, 5.6000000000000005, 19.1),
		Vector3.new(2.8000000000000003, 4.2, 15.9),
		Vector3.new(3.1, 3.8000000000000003, 13.9),
		Vector3.new(3, 3.4000000000000004, 11.600000000000001),
		Vector3.new(3.1, 3.7, 7.7),
	},
	{
		Vector3.new(3.1, 3.7, 7.7),
		Vector3.new(3.4000000000000004, 4.1000000000000005, 2.5),
		Vector3.new(3.3000000000000003, 4, -3.5),
		Vector3.new(3.3000000000000003, 3.9000000000000004, -11.5),
		Vector3.new(3.2, 3.7, -17.900000000000002),
		Vector3.new(3.2, 3.6, -24.400000000000002),
		Vector3.new(3.4000000000000004, 4.2, -28.8),
	},
	{
		Vector3.new(3.4000000000000004, 4.2, -28.8),
		Vector3.new(3, 4, -31.3),
		Vector3.new(2.6, 3.9000000000000004, -32.800000000000004),
		Vector3.new(1.9000000000000001, 3.7, -35),
		Vector3.new(1, 3.4000000000000004, -37.6),
		Vector3.new(0.1, 3.2, -39.7),
		Vector3.new(-0.5, 3.2, -40.800000000000004),
		Vector3.new(-0.9, 3.5, -41.1),
		Vector3.new(-1.2000000000000002, 4, -40.7),
		Vector3.new(-1.2000000000000002, 4.6000000000000005, -39.800000000000004),
		Vector3.new(-1.2000000000000002, 6, -36.7),
		Vector3.new(-1.3, 6.7, -34.9),
		Vector3.new(-1.2000000000000002, 7.5, -33),
		Vector3.new(-1.2000000000000002, 8, -31.900000000000002),
		Vector3.new(-1.1, 10.100000000000001, -29),
		Vector3.new(-4, 10, -29),
		Vector3.new(-5.2, 10, -27.900000000000002),
		Vector3.new(-5.300000000000001, 9.8, -25.700000000000003),
		Vector3.new(-6.4, 7.800000000000001, -25.5),
	},
	{
		Vector3.new(-6.4, 7.800000000000001, -25.5),
		Vector3.new(-6.5, 7.5, -28.3),
		Vector3.new(-5.800000000000001, 7.5, -30.200000000000003),
		Vector3.new(-4.3, 7.800000000000001, -32),
		Vector3.new(1.7000000000000002, 7.9, -32.1),
		Vector3.new(3.3000000000000003, 7.6000000000000005, -30.6),
		Vector3.new(3.7, 7.5, -29.5),
		Vector3.new(3.7, 7.9, -25.6),
		Vector3.new(2.7, 9.700000000000001, -25.400000000000002),
		Vector3.new(2.4000000000000004, 10, -28.1),
		Vector3.new(1.5, 10, -29),
		Vector3.new(-1.1, 10.100000000000001, -28.900000000000002),
		Vector3.new(-1.3, 10.700000000000001, -28.1),
		Vector3.new(-1.4000000000000001, 11.3, -27),
		Vector3.new(-1.4000000000000001, 11.600000000000001, -26.200000000000003),
	},
	{
		Vector3.new(-1.4000000000000001, 11.600000000000001, -26.200000000000003),
		Vector3.new(-1.5, 11.600000000000001, -19.700000000000003),
		Vector3.new(-1.5, 11.600000000000001, -8.5),
		Vector3.new(-1.8, 11.5, 3.6),
	},
	{
		Vector3.new(-1.8, 11.5, 3.6),
		Vector3.new(-1.1, 11.600000000000001, 17.8),
		Vector3.new(-1.3, 12, 18.2),
		Vector3.new(-1.3, 12.8, 24.1),
		Vector3.new(-1.4000000000000001, 21.1, 30.5),
	},
	{
		Vector3.new(-1.4000000000000001, 21.1, 30.5),
		Vector3.new(-1.4000000000000001, 21.1, 40.300000000000004),
		Vector3.new(-1.4000000000000001, 19.5, 40.300000000000004),
		Vector3.new(-1.3, 19.3, 38.6),
		Vector3.new(-1.3, 10, 33.7),
		Vector3.new(-2, 9.9, 33.7),
		Vector3.new(-2.1, 19.3, 38.7),
		Vector3.new(-2.1, 19.400000000000002, 40.300000000000004),
	},
	{
		Vector3.new(-2.1, 19.400000000000002, 40.300000000000004),
		Vector3.new(-2.1, 21.1, 40.300000000000004),
		Vector3.new(-2.1, 21.1, 30.5),
		Vector3.new(-2.1, 12.700000000000001, 24.5),
		Vector3.new(-2.1, 12.200000000000001, 23.1),
		Vector3.new(-2, 11.9, 17.8),
		Vector3.new(-2.1, 11.3, 17.8),
		Vector3.new(-2.1, 10.9, 26),
	},
	{
		Vector3.new(-2.1, 10.9, 26),
		Vector3.new(-2.1, 9.9, 33.5),
		Vector3.new(-2.1, 19.400000000000002, 35.300000000000004),
		Vector3.new(-2.1, 19.5, 30.900000000000002),
		Vector3.new(-2.1, 19.8, 31.400000000000002),
		Vector3.new(-2.1, 19.8, 38.6),
	},
	{
		Vector3.new(-2.1, 19.8, 38.6),
		Vector3.new(-16.6, 19.8, 40.300000000000004),
		Vector3.new(-16.6, 19.8, 37.9),
		Vector3.new(-2.1, 19.8, 30.900000000000002),
		Vector3.new(-0.7000000000000001, 19.700000000000003, 30.900000000000002),
	},
	{
		Vector3.new(-0.7000000000000001, 19.700000000000003, 30.900000000000002),
		Vector3.new(14, 19.8, 37.9),
		Vector3.new(14, 19.8, 40.300000000000004),
		Vector3.new(-0.7000000000000001, 19.8, 38.6),
	},
	{
		Vector3.new(-0.7000000000000001, 19.8, 38.6),
		Vector3.new(-0.7000000000000001, 19.8, 31.1),
		Vector3.new(-0.7000000000000001, 19.200000000000003, 38.400000000000006),
		Vector3.new(-0.7000000000000001, 9.8, 33.6),
		Vector3.new(-0.7000000000000001, 10.5, 29.3),
		Vector3.new(-0.7000000000000001, 10.9, 26.900000000000002),
	},
	{
		Vector3.new(-0.7000000000000001, 10.9, 26.900000000000002),
		Vector3.new(-0.7000000000000001, 11.3, 17.8),
		Vector3.new(-3.1, 11.3, 17.900000000000002),
		Vector3.new(-3.7, 11, 17.900000000000002),
		Vector3.new(-4.4, 10.600000000000001, 17.900000000000002),
		Vector3.new(-4.800000000000001, 9.9, 17.900000000000002),
		Vector3.new(-5.2, 9.200000000000001, 17.8),
		Vector3.new(-5.300000000000001, 8.3, 17.7),
		Vector3.new(-5.9, 8.6, 18),
		Vector3.new(-6.9, 9.200000000000001, 18),
		Vector3.new(-7.6000000000000005, 9.600000000000001, 18),
		Vector3.new(-7.4, 9.1, 18.400000000000002),
		Vector3.new(-6.7, 8.6, 18.3),
		Vector3.new(-6.1000000000000005, 8.3, 18.5),
		Vector3.new(-5.4, 7.9, 18.400000000000002),
		Vector3.new(-5.2, 7.300000000000001, 18.2),
		Vector3.new(-5.2, 6.2, 18),
		Vector3.new(-5.1000000000000005, 4.6000000000000005, 18),
		Vector3.new(-4.6000000000000005, 3.9000000000000004, 18.400000000000002),
		Vector3.new(-3.9000000000000004, 3.7, 18.2),
		Vector3.new(-2.8000000000000003, 3.5, 17.8),
		Vector3.new(-1.7000000000000002, 3.6, 17.8),
		Vector3.new(-0.8, 3.6, 17.8),
		Vector3.new(0.30000000000000004, 3.6, 17.900000000000002),
		Vector3.new(1.4000000000000001, 3.6, 17.900000000000002),
		Vector3.new(2.2, 4, 17.8),
		Vector3.new(2.6, 4.5, 17.7),
		Vector3.new(2.7, 5.300000000000001, 17.5),
		Vector3.new(2.7, 5.800000000000001, 17.400000000000002),
		Vector3.new(2.7, 6.6000000000000005, 17.2),
		Vector3.new(2.7, 7.6000000000000005, 17.1),
		Vector3.new(3.2, 8.200000000000001, 17.1),
	},
	{
		Vector3.new(3.2, 8.200000000000001, 17.1),
		Vector3.new(4.9, 9.1, 16.8),
		Vector3.new(5.2, 8.200000000000001, 17.1),
		Vector3.new(5.5, 7.7, 17.1),
		Vector3.new(6, 7.2, 17.2),
		Vector3.new(6.6000000000000005, 6.9, 17.1),
		Vector3.new(7.2, 6.800000000000001, 17),
		Vector3.new(7.9, 7, 17),
		Vector3.new(8.6, 7.5, 17.1),
		Vector3.new(9.1, 8.3, 17.1),
		Vector3.new(9.3, 9.200000000000001, 17),
		Vector3.new(9.200000000000001, 9.9, 17),
		Vector3.new(8.8, 10.700000000000001, 17),
		Vector3.new(8.5, 11.100000000000001, 17.1),
		Vector3.new(7.7, 11.5, 17.1),
		Vector3.new(6.800000000000001, 11.600000000000001, 17),
		Vector3.new(6.2, 11.4, 17),
		Vector3.new(5.7, 11.100000000000001, 16.900000000000002),
		Vector3.new(5.2, 10.5, 16.900000000000002),
		Vector3.new(5, 9.8, 16.900000000000002),
		Vector3.new(4.6000000000000005, 9.4, 17.1),
		Vector3.new(4, 9, 17.1),
		Vector3.new(2.6, 8.5, 17.1),
		Vector3.new(2.4000000000000004, 9.5, 17.3),
		Vector3.new(2.2, 10.200000000000001, 17.3),
		Vector3.new(1.6, 10.5, 17.400000000000002),
		Vector3.new(0.8, 11.100000000000001, 17.6),
		Vector3.new(-0.1, 11.3, 17.6),
		Vector3.new(-1.6, 11.3, 17.5),
		Vector3.new(-1.3, 11.3, 14.4),
		Vector3.new(-2.1, 11.3, 14.600000000000001),
		Vector3.new(-3, 11.3, 14.4),
		Vector3.new(-3.8000000000000003, 11, 14.600000000000001),
		Vector3.new(-4.5, 10.600000000000001, 14.5),
		Vector3.new(-5.300000000000001, 9.700000000000001, 14.8),
		Vector3.new(-5.6000000000000005, 9.1, 14.5),
		Vector3.new(-6, 8.6, 14.5),
		Vector3.new(-7.300000000000001, 9.4, 14.100000000000001),
		Vector3.new(-7.5, 10.4, 14.200000000000001),
		Vector3.new(-7.7, 11, 14.3),
		Vector3.new(-8.1, 11.600000000000001, 14.200000000000001),
	},
	{
		Vector3.new(-8.1, 11.600000000000001, 14.200000000000001),
		Vector3.new(-9, 12, 14),
		Vector3.new(-9.600000000000001, 12.200000000000001, 13.9),
		Vector3.new(-10.200000000000001, 12.100000000000001, 13.8),
		Vector3.new(-11, 11.8, 13.9),
		Vector3.new(-12, 11.200000000000001, 13.8),
		Vector3.new(-12.200000000000001, 10.4, 13.8),
		Vector3.new(-12.4, 9.600000000000001, 13.600000000000001),
		Vector3.new(-12.4, 8.9, 13.700000000000001),
		Vector3.new(-12.200000000000001, 8.200000000000001, 13.700000000000001),
		Vector3.new(-11.9, 7.5, 13.700000000000001),
		Vector3.new(-11.3, 6.9, 13.8),
		Vector3.new(-10.700000000000001, 6.5, 13.9),
		Vector3.new(-9.8, 6.4, 13.9),
		Vector3.new(-8.700000000000001, 6.7, 13.9),
		Vector3.new(-8, 7.1000000000000005, 14.100000000000001),
		Vector3.new(-7.6000000000000005, 7.9, 14.3),
		Vector3.new(-7.4, 8.6, 14.4),
		Vector3.new(-6.7, 8.700000000000001, 14.100000000000001),
		Vector3.new(-5.7, 8, 14.200000000000001),
		Vector3.new(-5.7, 6.9, 14.200000000000001),
		Vector3.new(-5.7, 6, 14.200000000000001),
		Vector3.new(-5.7, 5.2, 14.100000000000001),
		Vector3.new(-5.5, 4.1000000000000005, 14.100000000000001),
		Vector3.new(-5.300000000000001, 3.2, 14),
		Vector3.new(-4.9, 2.5, 14.200000000000001),
		Vector3.new(-4.1000000000000005, 2.4000000000000004, 14.200000000000001),
		Vector3.new(-3, 2.4000000000000004, 14.100000000000001),
		Vector3.new(-2.2, 2.4000000000000004, 14),
		Vector3.new(-1.3, 2.3000000000000003, 13.8),
		Vector3.new(-0.4, 2.3000000000000003, 13.700000000000001),
		Vector3.new(0.7000000000000001, 2.2, 13.700000000000001),
		Vector3.new(1.8, 2.3000000000000003, 13.8),
		Vector3.new(2.5, 2.7, 14.100000000000001),
		Vector3.new(3, 3.3000000000000003, 14.200000000000001),
		Vector3.new(3, 4.5, 14.100000000000001),
		Vector3.new(3, 5.7, 14),
		Vector3.new(3, 6.7, 14),
		Vector3.new(3, 8.1, 13.9),
		Vector3.new(4.6000000000000005, 9, 13.700000000000001),
		Vector3.new(4.800000000000001, 8.1, 13.8),
	},
	{
		Vector3.new(4.800000000000001, 8.1, 13.8),
		Vector3.new(5, 7.6000000000000005, 13.700000000000001),
		Vector3.new(5.4, 6.9, 13.8),
		Vector3.new(6.300000000000001, 6.5, 13.700000000000001),
		Vector3.new(7.4, 6.5, 13.8),
		Vector3.new(8.200000000000001, 6.7, 13.9),
		Vector3.new(9, 7.1000000000000005, 14),
		Vector3.new(9.3, 7.9, 13.9),
		Vector3.new(9.600000000000001, 8.8, 13.9),
		Vector3.new(9.600000000000001, 9.700000000000001, 13.8),
		Vector3.new(9.3, 10.700000000000001, 13.9),
		Vector3.new(8.700000000000001, 11.600000000000001, 13.8),
		Vector3.new(7.9, 12, 13.9),
		Vector3.new(6.7, 12.100000000000001, 13.700000000000001),
		Vector3.new(6.1000000000000005, 12, 13.600000000000001),
		Vector3.new(5.5, 11.600000000000001, 13.5),
		Vector3.new(5, 11, 13.600000000000001),
		Vector3.new(4.6000000000000005, 10.200000000000001, 13.5),
		Vector3.new(4.5, 9.5, 13.5),
		Vector3.new(3.9000000000000004, 9, 13.5),
		Vector3.new(3.1, 8.5, 13.5),
		Vector3.new(2.9000000000000004, 9, 13.4),
		Vector3.new(2.7, 9.5, 13.4),
		Vector3.new(2.4000000000000004, 10, 13.5),
		Vector3.new(1.8, 10.4, 13.600000000000001),
		Vector3.new(1.2000000000000002, 10.8, 13.700000000000001),
		Vector3.new(0.5, 11.200000000000001, 13.700000000000001),
		Vector3.new(-0.4, 11.3, 13.600000000000001),
		Vector3.new(-1.1, 11.3, 13.700000000000001),
		Vector3.new(-1.7000000000000002, 11.3, 13.600000000000001),
		Vector3.new(-0.7000000000000001, 11.3, 14.200000000000001),
		Vector3.new(-0.5, 11.3, 17.3),
		Vector3.new(0.30000000000000004, 11.200000000000001, 17.400000000000002),
		Vector3.new(0, 11.3, 13.9),
		Vector3.new(1.2000000000000002, 10.8, 17.2),
	},
	{
		Vector3.new(1.2000000000000002, 10.8, 17.2),
		Vector3.new(1.6, 10.600000000000001, 14),
		Vector3.new(2.2, 10.100000000000001, 13.9),
		Vector3.new(1.9000000000000001, 10.4, 17),
		Vector3.new(3, 9.200000000000001, 13.8),
		Vector3.new(2.8000000000000003, 8.4, 16.6),
		Vector3.new(3.3000000000000003, 8.700000000000001, 17),
		Vector3.new(4.2, 9.200000000000001, 14),
		Vector3.new(4.9, 9.600000000000001, 16.5),
		Vector3.new(4.6000000000000005, 9.600000000000001, 14),
		Vector3.new(4.5, 9.4, 11.9),
		Vector3.new(4.6000000000000005, 10.100000000000001, 11.9),
		Vector3.new(4.800000000000001, 10.9, 11.8),
		Vector3.new(5.1000000000000005, 11.5, 11.8),
		Vector3.new(5.7, 11.9, 11.8),
		Vector3.new(6.4, 12.200000000000001, 11.9),
		Vector3.new(7.5, 12.200000000000001, 11.8),
		Vector3.new(8.3, 11.9, 11.9),
		Vector3.new(9.200000000000001, 11.4, 11.9),
		Vector3.new(9.5, 10.4, 11.8),
		Vector3.new(9.700000000000001, 9.1, 11.600000000000001),
		Vector3.new(9.4, 7.9, 11.600000000000001),
		Vector3.new(9, 7.1000000000000005, 11.5),
		Vector3.new(8.3, 6.7, 11.5),
	},
	{
		Vector3.new(8.3, 6.7, 11.5),
		Vector3.new(7, 6.4, 11.5),
		Vector3.new(6, 6.7, 11.600000000000001),
		Vector3.new(5.1000000000000005, 7.2, 11.5),
		Vector3.new(4.800000000000001, 7.9, 11.4),
		Vector3.new(4.6000000000000005, 8.700000000000001, 11.5),
		Vector3.new(3.4000000000000004, 8.3, 11.4),
		Vector3.new(3.3000000000000003, 7.1000000000000005, 11.3),
		Vector3.new(3.3000000000000003, 6.2, 11.5),
		Vector3.new(3.3000000000000003, 5.300000000000001, 11.5),
		Vector3.new(3.3000000000000003, 4.5, 11.5),
		Vector3.new(3.3000000000000003, 3.9000000000000004, 11.4),
		Vector3.new(2.5, 2.8000000000000003, 11.600000000000001),
		Vector3.new(1.8, 2.2, 11.600000000000001),
		Vector3.new(1.2000000000000002, 1.8, 11.5),
		Vector3.new(0.5, 1.6, 11.5),
		Vector3.new(-2.2, 1.5, 11.4),
		Vector3.new(-3.1, 1.7000000000000002, 11.5),
		Vector3.new(-3.6, 1.9000000000000001, 11.3),
		Vector3.new(-4.5, 2.2, 11.200000000000001),
		Vector3.new(-5, 2.5, 11.200000000000001),
		Vector3.new(-5.5, 3.2, 11.200000000000001),
		Vector3.new(-5.800000000000001, 3.7, 11.100000000000001),
		Vector3.new(-6, 5.1000000000000005, 11.100000000000001),
		Vector3.new(-6, 5.7, 11.100000000000001),
		Vector3.new(-6.1000000000000005, 7.300000000000001, 11),
		Vector3.new(-6, 8.3, 11.3),
		Vector3.new(-7.300000000000001, 9, 11.600000000000001),
		Vector3.new(-7.4, 8.3, 11.5),
		Vector3.new(-7.6000000000000005, 7.2, 11.5),
		Vector3.new(-8.5, 6.800000000000001, 11.4),
		Vector3.new(-10, 6.4, 11.700000000000001),
		Vector3.new(-10.700000000000001, 6.5, 11.700000000000001),
		Vector3.new(-11.4, 6.9, 11.700000000000001),
		Vector3.new(-12, 7.6000000000000005, 11.700000000000001),
		Vector3.new(-12.4, 9.1, 11.700000000000001),
		Vector3.new(-12.4, 10.100000000000001, 11.600000000000001),
		Vector3.new(-12, 10.9, 11.700000000000001),
	},
	{
		Vector3.new(-12, 10.9, 11.700000000000001),
		Vector3.new(-11.5, 11.700000000000001, 11.700000000000001),
		Vector3.new(-10.4, 12.200000000000001, 11.700000000000001),
		Vector3.new(-9.600000000000001, 12.3, 11.700000000000001),
		Vector3.new(-8.700000000000001, 12, 11.700000000000001),
		Vector3.new(-7.9, 11.600000000000001, 11.8),
		Vector3.new(-7.6000000000000005, 10.9, 12),
		Vector3.new(-7.300000000000001, 9.9, 11.9),
		Vector3.new(-7.300000000000001, 9.5, 11.5),
		Vector3.new(-5.9, 9, 11.3),
		Vector3.new(-5.6000000000000005, 9.4, 11.200000000000001),
		Vector3.new(-5.1000000000000005, 10, 11),
		Vector3.new(-4.2, 10.700000000000001, 11.100000000000001),
		Vector3.new(-3.4000000000000004, 11.200000000000001, 11.200000000000001),
		Vector3.new(-2.8000000000000003, 11.3, 11.3),
		Vector3.new(-1.9000000000000001, 11.3, 11.200000000000001),
		Vector3.new(-1.1, 11.3, 11),
		Vector3.new(-0.4, 11.3, 11),
		Vector3.new(0.4, 11.3, 11.200000000000001),
		Vector3.new(1, 10.9, 11),
		Vector3.new(1.6, 10.5, 11),
		Vector3.new(2.3000000000000003, 10, 10.9),
		Vector3.new(2.9000000000000004, 9.1, 10.4),
		Vector3.new(3.5, 8.8, 10.600000000000001),
		Vector3.new(4.6000000000000005, 9.600000000000001, 10.5),
		Vector3.new(4.9, 10.8, 10.5),
		Vector3.new(4.9, 11.4, 10.5),
		Vector3.new(5.6000000000000005, 11.700000000000001, 10.3),
		Vector3.new(6.2, 12.100000000000001, 10.4),
		Vector3.new(7, 12.200000000000001, 10.3),
		Vector3.new(7.800000000000001, 12.100000000000001, 10.3),
		Vector3.new(8.5, 11.8, 10.3),
		Vector3.new(9.200000000000001, 11.4, 10.3),
		Vector3.new(9.4, 10.5, 10.3),
		Vector3.new(9.600000000000001, 9.5, 10.200000000000001),
		Vector3.new(9.600000000000001, 8.700000000000001, 10.3),
		Vector3.new(9.4, 8, 10.3),
		Vector3.new(9.3, 7.300000000000001, 10.3),
		Vector3.new(8.4, 6.9, 10.4),
		Vector3.new(7.6000000000000005, 6.6000000000000005, 10.3),
		Vector3.new(6.4, 6.6000000000000005, 9.9),
		Vector3.new(5.7, 6.9, 9.8),
		Vector3.new(5.1000000000000005, 7.5, 9.600000000000001),
		Vector3.new(4.800000000000001, 8.200000000000001, 9.5),
	},
	{
		Vector3.new(4.800000000000001, 8.200000000000001, 9.5),
		Vector3.new(4.6000000000000005, 9, 9.5),
		Vector3.new(3.5, 8.4, 9.4),
		Vector3.new(3.3000000000000003, 7.9, 9.3),
		Vector3.new(3.5, 6.7, 9.4),
		Vector3.new(3.5, 5.7, 9.5),
		Vector3.new(3.5, 4.9, 9.600000000000001),
		Vector3.new(3.4000000000000004, 4.1000000000000005, 9.600000000000001),
		Vector3.new(2.9000000000000004, 3.2, 9.5),
		Vector3.new(2.3000000000000003, 2.5, 9.4),
		Vector3.new(2.3000000000000003, 1.6, 9.4),
		Vector3.new(2, 0.9, 9.4),
		Vector3.new(0.6000000000000001, 0.8, 9),
		Vector3.new(-0.7000000000000001, 0.7000000000000001, 8.8),
		Vector3.new(-1.7000000000000002, 0.7000000000000001, 8.9),
		Vector3.new(-2.5, 0.8, 8.9),
		Vector3.new(-3.2, 0.8, 9.200000000000001),
		Vector3.new(-4.3, 1, 9.1),
		Vector3.new(-4.9, 2.1, 9),
	},
	{
		Vector3.new(-4.9, 2.1, 9),
		Vector3.new(-39.6, 3.6, 10.200000000000001),
	},
	{
		Vector3.new(-39.6, 3.6, 10.200000000000001),
		Vector3.new(-41.1, 9.200000000000001, 11.4),
		Vector3.new(-41, 9.200000000000001, 9.600000000000001),
		Vector3.new(-39.7, 3.7, 5.1000000000000005),
	},
	{
		Vector3.new(-39.7, 3.7, 5.1000000000000005),
		Vector3.new(-5.5, 2.2, -3.9000000000000004),
		Vector3.new(-5.300000000000001, 2.7, -4.3),
		Vector3.new(-5.800000000000001, 3.4000000000000004, -4.5),
	},
	{
		Vector3.new(-5.800000000000001, 3.4000000000000004, -4.5),
		Vector3.new(-6.300000000000001, 4.4, -4.5),
		Vector3.new(-6.5, 5.1000000000000005, -4.6000000000000005),
		Vector3.new(-6.6000000000000005, 5.9, -4.6000000000000005),
		Vector3.new(-6.6000000000000005, 6.800000000000001, -4.6000000000000005),
		Vector3.new(-6.5, 7.6000000000000005, -4.5),
		Vector3.new(-6.5, 7.6000000000000005, -5.1000000000000005),
		Vector3.new(-5.7, 9.3, -5.1000000000000005),
		Vector3.new(-5.7, 9.3, -3.9000000000000004),
		Vector3.new(-6.4, 7.7, -3.8000000000000003),
		Vector3.new(-6.4, 7.6000000000000005, -4.4),
		Vector3.new(-6.5, 7.6000000000000005, -2.3000000000000003),
		Vector3.new(-5.7, 9.4, -2.3000000000000003),
		Vector3.new(-5.7, 9.3, -1),
		Vector3.new(-6.5, 7.6000000000000005, -1),
		Vector3.new(-6.5, 7.5, -2.2),
		Vector3.new(-6.5, 7.5, 0.6000000000000001),
		Vector3.new(-5.7, 9.3, 0.5),
		Vector3.new(-5.7, 9.4, 1.8),
		Vector3.new(-6.4, 7.6000000000000005, 1.8),
		Vector3.new(-6.5, 7.5, 0.7000000000000001),
		Vector3.new(-6.4, 7.7, -6.7),
		Vector3.new(-5.7, 9.3, -6.6000000000000005),
	},
	{
		Vector3.new(-5.7, 9.3, -6.6000000000000005),
		Vector3.new(-5.7, 9.3, -7.9),
		Vector3.new(-6.4, 7.7, -7.9),
		Vector3.new(-6.5, 7.6000000000000005, -6.7),
		Vector3.new(-6.5, 7.6000000000000005, -10.8),
		Vector3.new(-5.7, 9.3, -10.8),
		Vector3.new(-5.7, 9.3, -9.4),
		Vector3.new(-6.5, 7.6000000000000005, -9.5),
		Vector3.new(-6.5, 7.6000000000000005, -13.600000000000001),
		Vector3.new(-5.7, 9.3, -13.600000000000001),
		Vector3.new(-5.7, 9.3, -12.3),
		Vector3.new(-6.5, 7.6000000000000005, -12.3),
		Vector3.new(-6.5, 7.6000000000000005, -16.400000000000002),
		Vector3.new(-5.7, 9.4, -16.400000000000002),
		Vector3.new(-5.7, 9.4, -15.200000000000001),
		Vector3.new(-6.4, 7.6000000000000005, -15.100000000000001),
		Vector3.new(-6.5, 7.6000000000000005, -19.200000000000003),
		Vector3.new(-5.7, 9.3, -19.200000000000003),
	},
	{
		Vector3.new(-5.7, 9.3, -19.200000000000003),
		Vector3.new(-5.7, 9.3, -18),
		Vector3.new(-6.5, 7.6000000000000005, -18),
		Vector3.new(-6.5, 7.6000000000000005, -19.900000000000002),
		Vector3.new(-5.800000000000001, 9.3, -20),
		Vector3.new(-4.7, 10.4, -20),
		Vector3.new(-4.7, 10.4, -23.200000000000003),
		Vector3.new(-5.800000000000001, 9.3, -23.3),
		Vector3.new(-6.4, 8, -23.3),
		Vector3.new(-6.7, 6.300000000000001, -23.3),
		Vector3.new(-6.2, 4.2, -23.3),
		Vector3.new(-5, 2.4000000000000004, -23.200000000000003),
		Vector3.new(-4.800000000000001, 2.3000000000000003, -20.200000000000003),
		Vector3.new(-5.5, 3, -19.900000000000002),
		Vector3.new(-5.9, 3.6, -19.900000000000002),
		Vector3.new(-6.4, 4.6000000000000005, -19.900000000000002),
		Vector3.new(-6.7, 6.4, -19.900000000000002),
		Vector3.new(-6.5, 7.5, -20),
		Vector3.new(-4.5, 10.600000000000001, -19.900000000000002),
		Vector3.new(-3.5, 11.100000000000001, -19.8),
		Vector3.new(-2.6, 11.4, -19.900000000000002),
		Vector3.new(-0.8, 11.5, -19.700000000000003),
	},
	{
		Vector3.new(-0.8, 11.5, -19.700000000000003),
		Vector3.new(0.5, 11.3, -19.700000000000003),
		Vector3.new(1.6, 10.700000000000001, -19.6),
		Vector3.new(2.6, 9.8, -19.700000000000003),
		Vector3.new(3.2, 8.8, -19.6),
		Vector3.new(3.7, 7.7, -19.6),
		Vector3.new(3.9000000000000004, 6.4, -19.5),
		Vector3.new(3.8000000000000003, 5.300000000000001, -19.5),
		Vector3.new(3.3000000000000003, 4, -19.5),
		Vector3.new(2.7, 3, -19.5),
		Vector3.new(1.6, 2, -19.5),
		Vector3.new(0.4, 1.4000000000000001, -19.6),
		Vector3.new(-0.9, 1.1, -19.6),
		Vector3.new(-2.5, 1.2000000000000002, -19.6),
		Vector3.new(-3.5, 1.5, -19.700000000000003),
		Vector3.new(-4.3, 1.9000000000000001, -19.700000000000003),
		Vector3.new(-5.1000000000000005, 2.5, -19.8),
		Vector3.new(-5, 2.5, -29.200000000000003),
		Vector3.new(-4.7, 2.4000000000000004, -31.3),
		Vector3.new(-4.1000000000000005, 2.5, -33.4),
		Vector3.new(-3.6, 2.4000000000000004, -35.2),
		Vector3.new(-3, 2.5, -37.5),
	},
	{
		Vector3.new(-3, 2.5, -37.5),
		Vector3.new(-2.6, 2.4000000000000004, -38.900000000000006),
		Vector3.new(-2.1, 2.5, -40.2),
		Vector3.new(-1.7000000000000002, 2.8000000000000003, -41.300000000000004),
		Vector3.new(-1, 2.8000000000000003, -41.5),
		Vector3.new(-0.4, 2.6, -40.7),
		Vector3.new(-0.1, 2.5, -39.7),
		Vector3.new(0.30000000000000004, 2.4000000000000004, -37.800000000000004),
		Vector3.new(1.1, 2.4000000000000004, -35),
		Vector3.new(1.7000000000000002, 2.4000000000000004, -32.9),
		Vector3.new(2.2, 2.4000000000000004, -30.700000000000003),
		Vector3.new(2.3000000000000003, 2.5, -28.3),
		Vector3.new(1.9000000000000001, 2.2, -24.400000000000002),
	},
	{
		Vector3.new(1.9000000000000001, 2.2, -24.400000000000002),
		Vector3.new(2.1, 2.4000000000000004, -7.800000000000001),
		Vector3.new(2.6, 2.1, -6.9),
		Vector3.new(3.2, 1.9000000000000001, -5.300000000000001),
		Vector3.new(3.6, 2, -3.7),
	},
	{
		Vector3.new(3.6, 2, -3.7),
		Vector3.new(36.9, 3.2, 4.6000000000000005),
	},
	{
		Vector3.new(36.9, 3.2, 4.6000000000000005),
		Vector3.new(38.5, 9.200000000000001, 9.600000000000001),
		Vector3.new(38.5, 9.200000000000001, 11.4),
		Vector3.new(37, 3.1, 10.100000000000001),
	},
	{
		Vector3.new(37, 3.1, 10.100000000000001),
		Vector3.new(2.7, 1.9000000000000001, 9),
		Vector3.new(2.9000000000000004, 1.5, 8.1),
		Vector3.new(3.2, 1.5, 7.1000000000000005),
		Vector3.new(3.4000000000000004, 1.5, 6.1000000000000005),
	},
	{
		Vector3.new(3.4000000000000004, 1.5, 6.1000000000000005),
		Vector3.new(3.6, 1.5, 5),
		Vector3.new(3.8000000000000003, 1.5, 3.9000000000000004),
		Vector3.new(3.9000000000000004, 1.5, 2.8000000000000003),
		Vector3.new(4, 1.5, 1.4000000000000001),
		Vector3.new(3.9000000000000004, 1.5, 0.30000000000000004),
		Vector3.new(3.9000000000000004, 1.5, -1),
		Vector3.new(3.8000000000000003, 1.5, -2.2),
		Vector3.new(3.6, 1.5, -3.3000000000000003),
		Vector3.new(3.5, 1.7000000000000002, -4.1000000000000005),
		Vector3.new(3.1, 1.2000000000000002, -5),
		Vector3.new(2.8000000000000003, 1.2000000000000002, -6),
		Vector3.new(2.4000000000000004, 1.1, -6.800000000000001),
		Vector3.new(1.9000000000000001, 1.2000000000000002, -8),
		Vector3.new(1.3, 1.3, -8.8),
		Vector3.new(0.5, 1.4000000000000001, -9.600000000000001),
		Vector3.new(0.8, 1.6, -20.1),
		Vector3.new(0.7000000000000001, 1.5, -24.700000000000003),
		Vector3.new(1, 1.6, -28.5),
		Vector3.new(0.7000000000000001, 1.6, -30.6),
	},
	{
		Vector3.new(0.7000000000000001, 1.6, -30.6),
		Vector3.new(0.4, 1.7000000000000002, -33),
		Vector3.new(-0.2, 1.7000000000000002, -35.4),
		Vector3.new(-0.30000000000000004, 1.8, -36.7),
		Vector3.new(-0.5, 1.9000000000000001, -38.6),
		Vector3.new(-0.7000000000000001, 2.1, -40.300000000000004),
		Vector3.new(-1, 2.6, -41.300000000000004),
		Vector3.new(-1.5, 2.4000000000000004, -40.800000000000004),
		Vector3.new(-2, 2, -39.300000000000004),
		Vector3.new(-2.4000000000000004, 1.8, -37.2),
		Vector3.new(-2.9000000000000004, 1.7000000000000002, -34.300000000000004),
		Vector3.new(-3.2, 1.5, -31),
		Vector3.new(-3.4000000000000004, 1.4000000000000001, -29),
		Vector3.new(-3.3000000000000003, 1.4000000000000001, -22.8),
	},
	{
		Vector3.new(-3.3000000000000003, 1.4000000000000001, -22.8),
		Vector3.new(-3.2, 1.4000000000000001, -9.1),
		Vector3.new(-3.9000000000000004, 1.3, -8.1),
		Vector3.new(-4.3, 1.3, -7.300000000000001),
		Vector3.new(-4.7, 1.3, -6.5),
		Vector3.new(-5.1000000000000005, 1.2000000000000002, -5.2),
		Vector3.new(-5.4, 1.2000000000000002, -3.8000000000000003),
		Vector3.new(-5.7, 1.2000000000000002, -2.3000000000000003),
		Vector3.new(-5.9, 1.2000000000000002, 0.5),
		Vector3.new(-5.800000000000001, 1.3, 3.2),
		Vector3.new(-5.6000000000000005, 1.2000000000000002, 4.9),
		Vector3.new(-4.6000000000000005, 1.3, 8.700000000000001),
		Vector3.new(-4, 1.8, 10.100000000000001),
		Vector3.new(-4, 2.1, 12.3),
	},
	{
		Vector3.new(-4, 2.1, 12.3),
		Vector3.new(-5.1000000000000005, 2.7, 15.100000000000001),
		Vector3.new(-4.6000000000000005, 3.6, 17.8),
		Vector3.new(-1.7000000000000002, 8.8, 35.1),
		Vector3.new(-4.7, 6.2, 35.1),
		Vector3.new(-4.7, 6.2, 30.1),
		Vector3.new(-3.9000000000000004, 7.1000000000000005, 26.1),
	},
	{
		Vector3.new(-3.9000000000000004, 7.1000000000000005, 26.1),
		Vector3.new(-2, 9.1, 34.7),
		Vector3.new(-0.5, 8.9, 35.1),
		Vector3.new(2.1, 6.2, 35.1),
		Vector3.new(2.2, 6.1000000000000005, 30.200000000000003),
		Vector3.new(1.3, 7.1000000000000005, 25.900000000000002),
		Vector3.new(-0.5, 9.1, 34.6),
		Vector3.new(2.3000000000000003, 6.300000000000001, 34.5),
		Vector3.new(2.3000000000000003, 6.300000000000001, 33.6),
	},
	{
		Vector3.new(2.3000000000000003, 6.300000000000001, 33.6),
		Vector3.new(-0.1, 8.8, 33.7),
		Vector3.new(0.1, 8.6, 32.6),
		Vector3.new(2.3000000000000003, 6.300000000000001, 32.7),
		Vector3.new(2.3000000000000003, 6.300000000000001, 31.8),
		Vector3.new(0.30000000000000004, 8.3, 31.8),
		Vector3.new(0.5, 8.200000000000001, 30.700000000000003),
		Vector3.new(2.3000000000000003, 6.300000000000001, 30.8),
		Vector3.new(2.2, 6.4, 29.6),
		Vector3.new(0.6000000000000001, 8, 30.1),
		Vector3.new(0.8, 7.800000000000001, 29.200000000000003),
		Vector3.new(2.1, 6.6000000000000005, 29.1),
		Vector3.new(1.9000000000000001, 6.7, 28.3),
		Vector3.new(1, 7.7, 28.5),
		Vector3.new(1.1, 7.5, 27.700000000000003),
		Vector3.new(1.7000000000000002, 6.9, 27.6),
		Vector3.new(1.4000000000000001, 7.2, 26.400000000000002),
		Vector3.new(1.1, 7.5, 35),
		Vector3.new(1.8, 6.800000000000001, 35),
	},
	{
		Vector3.new(1.8, 6.800000000000001, 35),
		Vector3.new(1.5, 7.1000000000000005, 28),
		Vector3.new(1.1, 7.5, 28.900000000000002),
		Vector3.new(0.4, 8.3, 35),
		Vector3.new(-2.4000000000000004, 8.700000000000001, 35),
		Vector3.new(-2.4000000000000004, 8.700000000000001, 33.800000000000004),
		Vector3.new(-4.7, 6.4, 33.7),
		Vector3.new(-4.800000000000001, 6.300000000000001, 32.5),
		Vector3.new(-2.7, 8.4, 32.4),
		Vector3.new(-2.9000000000000004, 8.200000000000001, 31.5),
		Vector3.new(-4.7, 6.300000000000001, 31.400000000000002),
		Vector3.new(-4.800000000000001, 6.300000000000001, 30.6),
		Vector3.new(-3.1, 8, 30.5),
		Vector3.new(-3.3000000000000003, 7.800000000000001, 29.700000000000003),
		Vector3.new(-4.6000000000000005, 6.5, 29.5),
		Vector3.new(-4.4, 6.7, 28.400000000000002),
		Vector3.new(-3.5, 7.6000000000000005, 28.700000000000003),
	},
	{
		Vector3.new(-3.5, 7.6000000000000005, 28.700000000000003),
		Vector3.new(-3.7, 7.4, 27.5),
		Vector3.new(-4.2, 6.9, 27.700000000000003),
		Vector3.new(-3.9000000000000004, 7.1000000000000005, 26.700000000000003),
		Vector3.new(-3.6, 7.5, 35),
		Vector3.new(-2.9000000000000004, 8.1, 35),
		Vector3.new(-3.8000000000000003, 7.2, 27.400000000000002),
		Vector3.new(-4.3, 6.800000000000001, 35),
		Vector3.new(-1.4000000000000001, 9.700000000000001, 34.800000000000004),
		Vector3.new(-1.7000000000000002, 10.4, 33.9),
		Vector3.new(-0.9, 10.8, 34.1),
	},
	{
		Vector3.new(-0.9, 10.8, 34.1),
		Vector3.new(-0.7000000000000001, 12.700000000000001, 24.6),
		Vector3.new(-0.7000000000000001, 13.8, 25.3),
		Vector3.new(-0.7000000000000001, 11.700000000000001, 34.4),
		Vector3.new(-0.7000000000000001, 13, 35.1),
		Vector3.new(-0.7000000000000001, 16.1, 27),
		Vector3.new(-0.7000000000000001, 17.900000000000002, 28.200000000000003),
	},
	{
		Vector3.new(-0.7000000000000001, 17.900000000000002, 28.200000000000003),
		Vector3.new(-0.7000000000000001, 15.200000000000001, 36.2),
		Vector3.new(-0.7000000000000001, 16.7, 37),
		Vector3.new(-0.7000000000000001, 19.400000000000002, 29.200000000000003),
		Vector3.new(-0.7000000000000001, 12.600000000000001, 24.5),
		Vector3.new(-0.7000000000000001, 11.9, 17.8),
		Vector3.new(-1.9000000000000001, 12.100000000000001, 19.3),
		Vector3.new(-0.8, 12.200000000000001, 20.5),
	},
	{
		Vector3.new(-0.8, 12.200000000000001, 20.5),
		Vector3.new(-1.9000000000000001, 12.3, 21.6),
		Vector3.new(-0.9, 12.4, 22.8),
		Vector3.new(-1.9000000000000001, 12.600000000000001, 23.8),
		Vector3.new(-0.9, 13.3, 24.900000000000002),
		Vector3.new(-1.9000000000000001, 13.9, 25.400000000000002),
		Vector3.new(-0.8, 14.9, 26.1),
		Vector3.new(-1.9000000000000001, 15.9, 26.700000000000003),
		Vector3.new(-0.8, 17, 27.5),
		Vector3.new(-1.9000000000000001, 17.8, 28.1),
		Vector3.new(-0.9, 19, 28.900000000000002),
		Vector3.new(-1.9000000000000001, 19.5, 29.3),
		Vector3.new(-0.7000000000000001, 19.900000000000002, 29.6),
		Vector3.new(-0.7000000000000001, 21.1, 30.5),
		Vector3.new(-1.9000000000000001, 20.3, 29.900000000000002),
		Vector3.new(-2.3000000000000003, 19.8, 32.2),
	},
	{
		Vector3.new(-2.3000000000000003, 19.8, 32.2),
		Vector3.new(-16.400000000000002, 19.8, 38.400000000000006),
		Vector3.new(-16.400000000000002, 19.8, 39),
		Vector3.new(-2.3000000000000003, 19.8, 34.7),
		Vector3.new(-2.2, 19.8, 37.1),
	},
	{
		Vector3.new(-2.2, 19.8, 37.1),
		Vector3.new(-16.5, 19.8, 39.7),
		Vector3.new(-15.600000000000001, 19.8, 40),
		Vector3.new(-15.3, 19.8, 37.5),
		Vector3.new(-14, 19.8, 36.9),
		Vector3.new(-13.9, 19.8, 39.800000000000004),
		Vector3.new(-12.8, 19.8, 39.6),
		Vector3.new(-12.3, 19.8, 36),
		Vector3.new(-10.9, 19.8, 35.4),
		Vector3.new(-10.9, 19.8, 39.400000000000006),
		Vector3.new(-8.6, 19.8, 39.2),
	},
	{
		Vector3.new(-8.6, 19.8, 39.2),
		Vector3.new(-9.1, 19.8, 34.5),
		Vector3.new(-7.2, 19.8, 33.6),
		Vector3.new(-6.2, 19.8, 38.900000000000006),
		Vector3.new(-4.5, 19.8, 38.7),
		Vector3.new(-5.2, 19.8, 32.7),
		Vector3.new(-3.6, 19.8, 31.900000000000002),
		Vector3.new(-3.1, 19.8, 38.5),
		Vector3.new(-0.5, 19.8, 37.9),
	},
	{
		Vector3.new(-0.5, 19.8, 37.9),
		Vector3.new(13.8, 19.8, 39.800000000000004),
		Vector3.new(13.8, 19.8, 38.900000000000006),
		Vector3.new(-0.5, 19.8, 35.9),
		Vector3.new(-0.4, 19.8, 33.5),
	},
	{
		Vector3.new(-0.4, 19.8, 33.5),
		Vector3.new(13.700000000000001, 19.8, 38.400000000000006),
		Vector3.new(12.3, 19.8, 37.4),
		Vector3.new(11.700000000000001, 19.8, 39.800000000000004),
		Vector3.new(10, 19.8, 39.6),
		Vector3.new(10.9, 19.8, 36.6),
		Vector3.new(9.3, 19.8, 35.9),
		Vector3.new(8.200000000000001, 19.8, 39.5),
		Vector3.new(6.7, 19.8, 39.300000000000004),
		Vector3.new(8, 19.8, 35.300000000000004),
		Vector3.new(6.300000000000001, 19.8, 34.4),
	},
	{
		Vector3.new(6.300000000000001, 19.8, 34.4),
		Vector3.new(4.7, 19.8, 39),
		Vector3.new(3.2, 19.8, 38.900000000000006),
		Vector3.new(4.800000000000001, 19.8, 33.7),
		Vector3.new(2.3000000000000003, 19.8, 32.5),
		Vector3.new(0.6000000000000001, 19.8, 38.6),
		Vector3.new(0.1, 19.8, 31.400000000000002),
		Vector3.new(-0.7000000000000001, 21.1, 31),
	},
	{
		Vector3.new(-0.7000000000000001, 21.1, 31),
		Vector3.new(-0.7000000000000001, 21.1, 40.300000000000004),
		Vector3.new(-0.7000000000000001, 19.400000000000002, 40.300000000000004),
		Vector3.new(-0.7000000000000001, 19.400000000000002, 29.8),
		Vector3.new(-2.1, 19.8, 29.8),
		Vector3.new(-2.1, 18.900000000000002, 30.1),
		Vector3.new(-2.1, 18.400000000000002, 34.9),
		Vector3.new(-2.1, 17, 34.7),
		Vector3.new(-2.1, 18.1, 28.5),
		Vector3.new(-2.1, 17, 27.8),
	},
	{
		Vector3.new(-2.1, 17, 27.8),
		Vector3.new(-2.1, 15.200000000000001, 34.300000000000004),
		Vector3.new(-2.1, 14.8, 36),
		Vector3.new(-2.1, 16.3, 36.9),
		Vector3.new(-2.1, 17, 35.2),
		Vector3.new(-2.1, 18.400000000000002, 35.5),
		Vector3.new(-2.1, 17.900000000000002, 37.6),
		Vector3.new(-2.1, 19.3, 38.1),
		Vector3.new(-2.1, 19.400000000000002, 35.800000000000004),
		Vector3.new(-2.1, 10.4, 33.4),
		Vector3.new(-2.1, 11.8, 34.5),
		Vector3.new(-2.2, 13.600000000000001, 34.300000000000004),
		Vector3.new(-2.2, 14.200000000000001, 36.1),
		Vector3.new(-2.3000000000000003, 14.8, 34.5),
	},
	{
		Vector3.new(-2.3000000000000003, 14.8, 34.5),
		Vector3.new(-2.1, 16, 36.5),
		Vector3.new(-2.1, 16.5, 35.300000000000004),
		Vector3.new(-2.1, 17.3, 37.4),
		Vector3.new(-2.1, 17.7, 35.6),
		Vector3.new(-2.1, 19, 37.6),
		Vector3.new(-2.1, 19.3, 32.7),
		Vector3.new(-2.1, 10.5, 30.3),
		Vector3.new(-2.1, 10.3, 32),
		Vector3.new(-2.1, 19, 33.9),
		Vector3.new(-2.1, 19.200000000000003, 31.6),
	},
	{
		Vector3.new(-2.1, 19.200000000000003, 31.6),
		Vector3.new(-2.1, 10.9, 27.8),
		Vector3.new(-2.1, 11.200000000000001, 25),
		Vector3.new(-2.1, 19.1, 29.6),
		Vector3.new(-2.1, 16.400000000000002, 27.3),
		Vector3.new(-2.1, 12.9, 35.1),
		Vector3.new(-2.2, 11.5, 34.1),
	},
	{
		Vector3.new(-2.2, 11.5, 34.1),
		Vector3.new(-2.1, 14.700000000000001, 26.1),
		Vector3.new(-2.1, 13.200000000000001, 25.1),
		Vector3.new(-2.1, 10.100000000000001, 32.9),
		Vector3.new(-2.4000000000000004, 9.8, 32),
		Vector3.new(-2.8000000000000003, 10, 29.400000000000002),
		Vector3.new(-3.1, 9.9, 27.6),
		Vector3.new(-3.5, 10, 25.200000000000003),
		Vector3.new(-4.4, 10.5, 19),
		Vector3.new(-4.3, 10.700000000000001, 16.3),
	},
	{
		Vector3.new(-4.3, 10.700000000000001, 16.3),
		Vector3.new(-4.3, 10.700000000000001, 11.8),
	},
	{
		Vector3.new(-4.3, 10.700000000000001, 11.8),
		Vector3.new(-4.800000000000001, 10.3, -24.200000000000003),
	},
	{
		Vector3.new(-4.800000000000001, 10.3, -24.200000000000003),
		Vector3.new(-4.2, 10.8, -27.5),
		Vector3.new(-4, 10.3, -28.6),
		Vector3.new(-5.2, 10, -27.400000000000002),
		Vector3.new(-5.6000000000000005, 9.5, -25.400000000000002),
		Vector3.new(-6.5, 7.5, -26),
		Vector3.new(-6.5, 7.4, -28.3),
		Vector3.new(-5.7, 7.6000000000000005, -30.5),
		Vector3.new(-4.3, 7.9, -32),
		Vector3.new(-4.4, 6.7, -33.5),
		Vector3.new(-4, 6.2, -34.6),
		Vector3.new(-3.7, 5.6000000000000005, -35.9),
		Vector3.new(-3.1, 5, -37.4),
		Vector3.new(-2.6, 4.4, -38.800000000000004),
		Vector3.new(-2.3000000000000003, 4, -39.7),
		Vector3.new(-1.5, 3.6, -41),
		Vector3.new(-0.6000000000000001, 3.7, -40.6),
		Vector3.new(-0.4, 4.1000000000000005, -39.900000000000006),
		Vector3.new(0.1, 4.4, -38.900000000000006),
		Vector3.new(0.4, 4.800000000000001, -37.9),
		Vector3.new(0.7000000000000001, 5.2, -36.9),
		Vector3.new(1, 5.6000000000000005, -36.1),
		Vector3.new(1.2000000000000002, 6.2, -35.1),
		Vector3.new(1.4000000000000001, 6.7, -34.2),
		Vector3.new(1.7000000000000002, 7.4, -32.9),
	},
	{
		Vector3.new(1.7000000000000002, 7.4, -32.9),
		Vector3.new(1.1, 10.3, -28.700000000000003),
		Vector3.new(1.1, 10.9, -27.700000000000003),
		Vector3.new(1.1, 10.9, -26.700000000000003),
		Vector3.new(1.1, 11, -24.1),
		Vector3.new(1.5, 10.700000000000001, 0.7000000000000001),
	},
	{
		Vector3.new(1.5, 10.700000000000001, 0.7000000000000001),
		Vector3.new(1.4000000000000001, 10.8, 5.7),
		Vector3.new(1.5, 10.600000000000001, 13.3),
		Vector3.new(1.5, 10.600000000000001, 18.1),
		Vector3.new(1.4000000000000001, 10.600000000000001, 18.8),
		Vector3.new(1.4000000000000001, 10.5, 19.6),
		Vector3.new(1.3, 10.4, 20.400000000000002),
		Vector3.new(1.2000000000000002, 10.3, 21.1),
		Vector3.new(1.1, 10.3, 22),
		Vector3.new(1.1, 10.100000000000001, 23),
		Vector3.new(1, 10, 24.3),
		Vector3.new(0.8, 9.8, 26.200000000000003),
		Vector3.new(0.7000000000000001, 9.600000000000001, 27.3),
		Vector3.new(0.6000000000000001, 9.3, 28.6),
		Vector3.new(0.4, 9.200000000000001, 29.900000000000002),
		Vector3.new(0.2, 9.3, 30.8),
		Vector3.new(-0.30000000000000004, 9.600000000000001, 32.800000000000004),
		Vector3.new(-0.7000000000000001, 10.4, 33),
	},
	{
		Vector3.new(-0.7000000000000001, 10.4, 33),
		Vector3.new(-0.7000000000000001, 19, 37.2),
		Vector3.new(-0.7000000000000001, 19.200000000000003, 35.1),
		Vector3.new(-0.7000000000000001, 10.4, 31.700000000000003),
		Vector3.new(-0.7000000000000001, 10.700000000000001, 29.900000000000002),
		Vector3.new(-0.7000000000000001, 19.3, 32.800000000000004),
		Vector3.new(-0.7000000000000001, 19.200000000000003, 30.5),
	},
	{
		Vector3.new(-0.7000000000000001, 19.200000000000003, 30.5),
		Vector3.new(-0.7000000000000001, 10.8, 28.5),
		Vector3.new(-0.7000000000000001, 19, 29.700000000000003),
		Vector3.new(-0.7000000000000001, 11.200000000000001, 25.8),
		Vector3.new(-0.7000000000000001, 11.700000000000001, 18.400000000000002),
	},
	{
		Vector3.new(-0.7000000000000001, 11.700000000000001, 18.400000000000002),
		Vector3.new(-0.7000000000000001, 12.200000000000001, 26.1),
		Vector3.new(-2.1, 11.8, 27.900000000000002),
		Vector3.new(-2.1, 11.600000000000001, 18.400000000000002),
		Vector3.new(-2.2, 12, 20.6),
		Vector3.new(-2.1, 11.3, 21.400000000000002),
		Vector3.new(-2.1, 11.200000000000001, 22.900000000000002),
		Vector3.new(-2.1, 12.200000000000001, 24.1),
		Vector3.new(-2.4000000000000004, 10.9, 24.200000000000003),
		Vector3.new(-3.5, 10.3, 24.200000000000003),
		Vector3.new(-3.9000000000000004, 9.600000000000001, 24.3),
		Vector3.new(-4.2, 8.6, 24.400000000000002),
		Vector3.new(-4.2, 7.5, 24.400000000000002),
		Vector3.new(-4.2, 6.800000000000001, 24.400000000000002),
		Vector3.new(-3.9000000000000004, 6.2, 24.400000000000002),
		Vector3.new(-3.3000000000000003, 5.6000000000000005, 24.400000000000002),
		Vector3.new(-2.3000000000000003, 5.6000000000000005, 24.400000000000002),
		Vector3.new(-1.5, 5.6000000000000005, 24.3),
		Vector3.new(-0.7000000000000001, 5.6000000000000005, 24.400000000000002),
		Vector3.new(0, 5.6000000000000005, 24.3),
		Vector3.new(1, 5.800000000000001, 24.3),
	},
	{
		Vector3.new(1, 5.800000000000001, 24.3),
		Vector3.new(1.4000000000000001, 6.2, 24.200000000000003),
		Vector3.new(1.6, 6.800000000000001, 24.1),
		Vector3.new(1.7000000000000002, 7.7, 23.900000000000002),
		Vector3.new(1.7000000000000002, 8.3, 23.8),
		Vector3.new(1.7000000000000002, 8.8, 23.8),
		Vector3.new(1.4000000000000001, 9.600000000000001, 23.6),
		Vector3.new(0.6000000000000001, 10.5, 23.5),
		Vector3.new(-0.4, 11, 23.400000000000002),
		Vector3.new(-0.7000000000000001, 11.600000000000001, 23.3),
		Vector3.new(-0.7000000000000001, 12.200000000000001, 23.3),
		Vector3.new(-1.7000000000000002, 12.3, 22.400000000000002),
		Vector3.new(-2.3000000000000003, 11.100000000000001, 22.400000000000002),
		Vector3.new(-2.9000000000000004, 10.9, 22.400000000000002),
		Vector3.new(-3.6, 10.600000000000001, 22.400000000000002),
		Vector3.new(-4.1000000000000005, 9.9, 22.400000000000002),
		Vector3.new(-4.4, 9.3, 22.400000000000002),
		Vector3.new(-4.6000000000000005, 8.5, 22.5),
		Vector3.new(-4.6000000000000005, 7.7, 22.400000000000002),
		Vector3.new(-4.6000000000000005, 6.7, 22.5),
		Vector3.new(-4.4, 5.800000000000001, 22.6),
		Vector3.new(-3.9000000000000004, 5.300000000000001, 22.5),
		Vector3.new(-3.2, 5, 22.400000000000002),
		Vector3.new(-2.3000000000000003, 5, 22.3),
		Vector3.new(-1.4000000000000001, 4.9, 22.200000000000003),
		Vector3.new(-0.4, 4.9, 22.200000000000003),
		Vector3.new(0.4, 4.9, 22.200000000000003),
		Vector3.new(1.1, 4.9, 22.1),
		Vector3.new(1.5, 5.2, 21.900000000000002),
		Vector3.new(1.9000000000000001, 5.6000000000000005, 21.8),
		Vector3.new(2.1, 7.1000000000000005, 21.6),
		Vector3.new(2.2, 8, 21.5),
		Vector3.new(2.1, 8.700000000000001, 21.6),
		Vector3.new(1.9000000000000001, 9.3, 21.5),
		Vector3.new(1.5, 10, 21.5),
		Vector3.new(0.8, 10.700000000000001, 21.3),
		Vector3.new(0.2, 11.100000000000001, 21.200000000000003),
		Vector3.new(-0.5, 11.100000000000001, 21.1),
		Vector3.new(-1, 12.200000000000001, 21.200000000000003),
		Vector3.new(-1.8, 12.200000000000001, 21.1),
		Vector3.new(-2.6, 11.100000000000001, 21.400000000000002),
		Vector3.new(-3.3000000000000003, 10.9, 21.400000000000002),
		Vector3.new(-4.2, 10.100000000000001, 21.3),
		Vector3.new(-4.5, 9.600000000000001, 21.200000000000003),
		Vector3.new(-4.9, 8.700000000000001, 21.1),
	},
	{
		Vector3.new(-4.9, 8.700000000000001, 21.1),
		Vector3.new(-4.9, 7.7, 21.1),
		Vector3.new(-4.9, 6.9, 21.200000000000003),
		Vector3.new(-4.9, 6.2, 21.200000000000003),
		Vector3.new(-4.800000000000001, 5.6000000000000005, 21.200000000000003),
		Vector3.new(-4.3, 5, 21.1),
		Vector3.new(-3.7, 4.6000000000000005, 21.1),
		Vector3.new(-2.8000000000000003, 4.6000000000000005, 21),
		Vector3.new(-1.8, 4.5, 20.900000000000002),
		Vector3.new(-0.9, 4.5, 20.700000000000003),
		Vector3.new(-0.1, 4.4, 20.6),
		Vector3.new(0.5, 4.4, 20.5),
		Vector3.new(1.3, 4.4, 20.5),
		Vector3.new(1.8, 4.7, 20.400000000000002),
		Vector3.new(2.3000000000000003, 5.2, 20.3),
		Vector3.new(2.4000000000000004, 6.4, 20.1),
		Vector3.new(2.4000000000000004, 7.1000000000000005, 20.1),
		Vector3.new(2.4000000000000004, 7.800000000000001, 20),
		Vector3.new(3, 8.1, 20.1),
		Vector3.new(5.2, 9.4, 20.200000000000003),
		Vector3.new(4.7, 9.4, 20.1),
		Vector3.new(2.4000000000000004, 8.3, 20.1),
		Vector3.new(2.3000000000000003, 9.1, 20.1),
		Vector3.new(2, 9.600000000000001, 20.1),
		Vector3.new(1.6, 10.100000000000001, 20.1),
		Vector3.new(1.1, 10.700000000000001, 20.1),
		Vector3.new(0.5, 11.200000000000001, 20.1),
		Vector3.new(-0.5, 11.200000000000001, 20),
		Vector3.new(-0.9, 12.100000000000001, 19.900000000000002),
		Vector3.new(-1.8, 12.100000000000001, 20),
		Vector3.new(-2.3000000000000003, 11.200000000000001, 20.200000000000003),
		Vector3.new(-3, 11.100000000000001, 20.400000000000002),
		Vector3.new(-3.7, 10.8, 20.200000000000003),
		Vector3.new(-4.5, 9.8, 20.3),
		Vector3.new(-4.9, 9.1, 20.3),
		Vector3.new(-5, 8.1, 20.3),
		Vector3.new(-7.6000000000000005, 9.600000000000001, 20.3),
		Vector3.new(-7.4, 9.1, 20.200000000000003),
	},
	{
		Vector3.new(-7.4, 9.1, 20.200000000000003),
		Vector3.new(-5, 7.6000000000000005, 20.3),
		Vector3.new(-5, 6.7, 20),
		Vector3.new(-5, 5.4, 19.8),
		Vector3.new(-4.7, 4.7, 19.700000000000003),
		Vector3.new(-3.9000000000000004, 4.2, 19.900000000000002),
		Vector3.new(-2.5, 4.1000000000000005, 19.5),
		Vector3.new(-1.1, 4.1000000000000005, 19.400000000000002),
		Vector3.new(0.4, 4, 19.200000000000003),
		Vector3.new(1.7000000000000002, 4.1000000000000005, 19.3),
		Vector3.new(2.1, 4.5, 19.200000000000003),
		Vector3.new(2.5, 5, 19.1),
		Vector3.new(2.5, 6.1000000000000005, 18.7),
		Vector3.new(2.6, 7.800000000000001, 18.6),
		Vector3.new(5.1000000000000005, 9.5, 19),
		Vector3.new(2.5, 8.4, 18.7),
		Vector3.new(2.4000000000000004, 9.3, 18.7),
		Vector3.new(1.9000000000000001, 10.200000000000001, 18.6),
		Vector3.new(0.9, 11, 18.6),
		Vector3.new(0.1, 11.200000000000001, 18.6),
		Vector3.new(-0.5, 11.3, 18.8),
		Vector3.new(-2.5, 11.3, 19.200000000000003),
		Vector3.new(-3.5, 11, 19),
		Vector3.new(-4.7, 9.8, 19),
		Vector3.new(-5.1000000000000005, 8.3, 19),
		Vector3.new(-7.7, 9.600000000000001, 19.1),
	},
	{
		Vector3.new(-7.7, 9.600000000000001, 19.1),
		Vector3.new(-5.1000000000000005, 7.7, 19.200000000000003),
		Vector3.new(-7.9, 9.3, 18.6),
		Vector3.new(-8.4, 9.8, 18.8),
		Vector3.new(-9.1, 10.8, 18.8),
		Vector3.new(-9.9, 10.9, 18.8),
		Vector3.new(-10.600000000000001, 10.8, 18.8),
		Vector3.new(-11.3, 9.9, 18.8),
		Vector3.new(-11.200000000000001, 8.4, 18.8),
		Vector3.new(-10.600000000000001, 7.7, 18.8),
		Vector3.new(-9.9, 7.5, 18.8),
		Vector3.new(-9.200000000000001, 7.7, 18.8),
		Vector3.new(-8.5, 8.4, 18.8),
		Vector3.new(-8.4, 9.700000000000001, 18.8),
		Vector3.new(-5.2, 8.4, 18.3),
		Vector3.new(5.7, 9.700000000000001, 18.8),
		Vector3.new(6.300000000000001, 10.8, 18.8),
		Vector3.new(7.2, 10.9, 18.8),
		Vector3.new(7.9, 10.700000000000001, 18.8),
		Vector3.new(8.5, 9.9, 18.8),
		Vector3.new(8.5, 8.3, 18.8),
		Vector3.new(7.800000000000001, 7.7, 18.8),
	},
	{
		Vector3.new(7.800000000000001, 7.7, 18.8),
		Vector3.new(6.5, 7.6000000000000005, 18.8),
		Vector3.new(5.9, 8.4, 18.8),
		Vector3.new(5.6000000000000005, 9.4, 18.8),
		Vector3.new(5.1000000000000005, 9.600000000000001, 7.2),
		Vector3.new(5.6000000000000005, 11.100000000000001, 7.2),
		Vector3.new(6.5, 11.600000000000001, 7.2),
		Vector3.new(7.6000000000000005, 11.600000000000001, 7.2),
		Vector3.new(8.5, 11.100000000000001, 7.2),
		Vector3.new(9.1, 10.100000000000001, 7.2),
		Vector3.new(9, 8.8, 7.2),
		Vector3.new(8.6, 7.800000000000001, 7.2),
		Vector3.new(7.7, 7.300000000000001, 7.2),
		Vector3.new(6.6000000000000005, 7.2, 7.2),
		Vector3.new(5.800000000000001, 7.800000000000001, 7.2),
		Vector3.new(5.300000000000001, 9, 7.2),
		Vector3.new(5.7, 7.800000000000001, 7.2),
	},
	{
		Vector3.new(5.7, 7.800000000000001, 7.2),
		Vector3.new(5.800000000000001, 8.3, 18.8),
		Vector3.new(7.1000000000000005, 7.6000000000000005, 18.8),
		Vector3.new(7.2, 7.1000000000000005, 7.2),
		Vector3.new(9.1, 8.8, 7.1000000000000005),
	},
	{
		Vector3.new(9.1, 8.8, 7.1000000000000005),
		Vector3.new(8.5, 9.200000000000001, 18.8),
		Vector3.new(8.3, 10.4, 18.7),
		Vector3.new(8.8, 10.600000000000001, 7.2),
		Vector3.new(8.6, 7.9, 7),
	},
	{
		Vector3.new(8.6, 7.9, 7),
		Vector3.new(8.3, 8.3, 18.8),
		Vector3.new(8.3, 10.4, 18.7),
		Vector3.new(7.2, 10.9, 18.8),
		Vector3.new(7.1000000000000005, 11.600000000000001, 7.2),
		Vector3.new(5.9, 11.200000000000001, 7),
	},
	{
		Vector3.new(5.9, 11.200000000000001, 7),
		Vector3.new(5.9, 10.3, 18.8),
		Vector3.new(2.7, 6.7, 17.400000000000002),
		Vector3.new(-0.2, 5.800000000000001, 5.800000000000001),
	},
	{
		Vector3.new(-0.2, 5.800000000000001, 5.800000000000001),
		Vector3.new(-1.5, 5.7, -23.5),
	},
	{
		Vector3.new(-1.5, 5.7, -23.5),
		Vector3.new(-1.2000000000000002, 3.9000000000000004, -36.7),
		Vector3.new(3.2, 5.4, -29.5),
		Vector3.new(-0.2, 3.6, -40.300000000000004),
		Vector3.new(0.7000000000000001, 4.2, -38),
		Vector3.new(1.3, 4.5, -36.5),
	},
	{
		Vector3.new(1.3, 4.5, -36.5),
		Vector3.new(1.9000000000000001, 4.9, -34.9),
		Vector3.new(2.7, 5.2, -33.1),
		Vector3.new(3.4000000000000004, 5.5, -31.3),
		Vector3.new(3.9000000000000004, 5.9, -29.400000000000002),
		Vector3.new(3.9000000000000004, 6, -27.400000000000002),
		Vector3.new(3.9000000000000004, 6.1000000000000005, -24.900000000000002),
		Vector3.new(3.9000000000000004, 6.300000000000001, -20.400000000000002),
	},
	{
		Vector3.new(3.9000000000000004, 6.300000000000001, -20.400000000000002),
		Vector3.new(3.9000000000000004, 6.2, 4.3),
		Vector3.new(3.7, 6.2, 7.4),
		Vector3.new(3.4000000000000004, 6.1000000000000005, 10.4),
		Vector3.new(3.2, 6.300000000000001, 12.3),
		Vector3.new(2.8000000000000003, 6.4, 16),
	},
	{
		Vector3.new(2.8000000000000003, 6.4, 16),
		Vector3.new(2.6, 6.7, 18.1),
		Vector3.new(2.5, 7.2, 19.200000000000003),
		Vector3.new(2.3000000000000003, 7.300000000000001, 20.900000000000002),
		Vector3.new(1.9000000000000001, 8.4, 22.900000000000002),
		Vector3.new(1, 9.700000000000001, 25.3),
		Vector3.new(2, 8.9, 22.5),
		Vector3.new(-3.6, 6.2, 5.800000000000001),
	},
	{
		Vector3.new(-3.6, 6.2, 5.800000000000001),
		Vector3.new(-3.2, 5.800000000000001, -23.5),
	},
	{
		Vector3.new(-3.2, 5.800000000000001, -23.5),
		Vector3.new(-2.1, 4.1000000000000005, -37.6),
		Vector3.new(-2.6, 3.6, -39.400000000000006),
		Vector3.new(-3.2, 3.9000000000000004, -37.7),
		Vector3.new(-3.8000000000000003, 4.2, -36.2),
		Vector3.new(-4.7, 4.6000000000000005, -34),
		Vector3.new(-5.4, 5, -32.2),
		Vector3.new(-5.9, 5.300000000000001, -30.200000000000003),
		Vector3.new(-6.4, 5.800000000000001, -28.400000000000002),
		Vector3.new(-6.6000000000000005, 6.2, -27),
		Vector3.new(-6.6000000000000005, 6.1000000000000005, -25.400000000000002),
		Vector3.new(-6.7, 6, -23.400000000000002),
		Vector3.new(-6.2, 8.700000000000001, -23.200000000000003),
		Vector3.new(-5.300000000000001, 10, -23.3),
	},
	{
		Vector3.new(-5.300000000000001, 10, -23.3),
		Vector3.new(-4.800000000000001, 10.3, -22.5),
		Vector3.new(-4.7, 10.4, -20.8),
		Vector3.new(-5.300000000000001, 9.9, -20),
		Vector3.new(-6.6000000000000005, 6.1000000000000005, -19.900000000000002),
		Vector3.new(-6.6000000000000005, 6, -10.700000000000001),
		Vector3.new(-6.6000000000000005, 5.9, -2.3000000000000003),
		Vector3.new(-6.5, 5.7, 6.9),
		Vector3.new(-6.2, 5.7, 9.8),
	},
	{
		Vector3.new(-6.2, 5.7, 9.8),
		Vector3.new(-5.800000000000001, 5.7, 12.8),
		Vector3.new(-5.5, 6, 15.5),
		Vector3.new(-5.1000000000000005, 6.6000000000000005, 19),
		Vector3.new(-4.7, 7.6000000000000005, 21.8),
		Vector3.new(-4.4, 8.3, 23.3),
		Vector3.new(-3.8000000000000003, 9.3, 25.8),
		Vector3.new(-3.3000000000000003, 9.8, 27.200000000000003),
	},
	{
		Vector3.new(-3.3000000000000003, 9.8, 27.200000000000003),
		Vector3.new(3.1, 6.5, 5.800000000000001),
		Vector3.new(3.7, 7.7, 1.9000000000000001),
		Vector3.new(2.9000000000000004, 9.4, 1.8),
		Vector3.new(2.9000000000000004, 9.4, 0.5),
		Vector3.new(3.7, 7.6000000000000005, 0.5),
		Vector3.new(3.7, 7.6000000000000005, 1.9000000000000001),
		Vector3.new(3.7, 7.6000000000000005, -2.2),
	},
	{
		Vector3.new(3.7, 7.6000000000000005, -2.2),
		Vector3.new(2.9000000000000004, 9.4, -2.3000000000000003),
		Vector3.new(2.9000000000000004, 9.4, -0.9),
		Vector3.new(3.7, 7.7, -1),
		Vector3.new(3.7, 7.6000000000000005, -5.1000000000000005),
		Vector3.new(3, 9.3, -5.1000000000000005),
		Vector3.new(3, 9.3, -3.8000000000000003),
		Vector3.new(3.7, 7.7, -3.9000000000000004),
		Vector3.new(3.7, 7.6000000000000005, -7.9),
		Vector3.new(3, 9.3, -8),
		Vector3.new(2.9000000000000004, 9.4, -6.6000000000000005),
		Vector3.new(3.7, 7.6000000000000005, -6.7),
		Vector3.new(3.7, 7.6000000000000005, -10.700000000000001),
		Vector3.new(3, 9.3, -10.700000000000001),
		Vector3.new(3, 9.3, -9.5),
		Vector3.new(3.7, 7.6000000000000005, -9.5),
		Vector3.new(3.7, 7.6000000000000005, -13.600000000000001),
	},
	{
		Vector3.new(3.7, 7.6000000000000005, -13.600000000000001),
		Vector3.new(3, 9.3, -13.600000000000001),
		Vector3.new(3, 9.3, -12.3),
		Vector3.new(3.7, 7.6000000000000005, -12.3),
		Vector3.new(3.7, 7.6000000000000005, -16.400000000000002),
		Vector3.new(3, 9.3, -16.5),
		Vector3.new(2.9000000000000004, 9.4, -15.100000000000001),
		Vector3.new(3.7, 7.6000000000000005, -15.200000000000001),
		Vector3.new(3.7, 7.4, -19.200000000000003),
		Vector3.new(3, 9.3, -19.200000000000003),
		Vector3.new(3, 9.3, -17.900000000000002),
		Vector3.new(3.7, 7.6000000000000005, -18.1),
		Vector3.new(3.7, 7.800000000000001, -25.3),
		Vector3.new(2.9000000000000004, 9.600000000000001, -25.6),
	},
	{
		Vector3.new(2.9000000000000004, 9.600000000000001, -25.6),
		Vector3.new(2.8000000000000003, 9.600000000000001, 3.5),
		Vector3.new(2.6, 9.700000000000001, 10.4),
	},
	{
		Vector3.new(2.6, 9.700000000000001, 10.4),
		Vector3.new(2.6, 9.8, 13),
		Vector3.new(2.5, 9.9, 12.100000000000001),
		Vector3.new(1.7000000000000002, 10.4, 12.3),
		Vector3.new(1.1, 10.9, 12.3),
		Vector3.new(0.4, 11.3, 12.3),
		Vector3.new(-0.7000000000000001, 11.3, 12.5),
		Vector3.new(-1.8, 11.3, 12.700000000000001),
		Vector3.new(-3, 11.3, 12.700000000000001),
		Vector3.new(-3.9000000000000004, 10.9, 12.8),
		Vector3.new(-4.7, 10.4, 12.9),
		Vector3.new(-5.7, 9.4, 13),
		Vector3.new(-6.4, 8.9, 13),
		Vector3.new(-7.1000000000000005, 9.3, 12.9),
		Vector3.new(-7.4, 10.3, 12.8),
		Vector3.new(-7.800000000000001, 11.700000000000001, 12.700000000000001),
		Vector3.new(-8.6, 11.9, 12.700000000000001),
		Vector3.new(-9.8, 12.3, 12.5),
		Vector3.new(-11.4, 11.700000000000001, 12.700000000000001),
		Vector3.new(-12.100000000000001, 10.9, 12.700000000000001),
		Vector3.new(-12.4, 9.600000000000001, 12.5),
		Vector3.new(-12.4, 8.6, 12.700000000000001),
		Vector3.new(-11.9, 7.300000000000001, 12.8),
		Vector3.new(-10.9, 6.6000000000000005, 12.700000000000001),
		Vector3.new(-9.8, 6.4, 12.700000000000001),
		Vector3.new(-8.8, 6.6000000000000005, 13),
		Vector3.new(-8.200000000000001, 7, 13),
		Vector3.new(-7.5, 8, 12.9),
		Vector3.new(-7.300000000000001, 8.9, 12.5),
	},
	{
		Vector3.new(-7.300000000000001, 8.9, 12.5),
		Vector3.new(-8.4, 9.1, 18.8),
		Vector3.new(-7.9, 9.200000000000001, 7.2),
		Vector3.new(-8, 10.3, 7.2),
		Vector3.new(-8.6, 11.200000000000001, 7.2),
		Vector3.new(-9.8, 11.700000000000001, 7.2),
		Vector3.new(-11.100000000000001, 11.3, 7.2),
		Vector3.new(-11.8, 10.200000000000001, 7.2),
		Vector3.new(-11.9, 8.8, 7.2),
		Vector3.new(-11.3, 7.800000000000001, 7.2),
		Vector3.new(-9.9, 7.2, 7.2),
		Vector3.new(-8.8, 7.5, 7.2),
		Vector3.new(-7.9, 9, 7.2),
		Vector3.new(-7.6000000000000005, 9.5, 7.9),
		Vector3.new(-6.2, 8.6, 7.9),
		Vector3.new(-6.1000000000000005, 8.700000000000001, 11.100000000000001),
	},
	{
		Vector3.new(-6.1000000000000005, 8.700000000000001, 11.100000000000001),
		Vector3.new(-7.300000000000001, 9, 9.8),
		Vector3.new(-8.5, 7.4, 7.6000000000000005),
		Vector3.new(-7.6000000000000005, 7.2, 10.9),
		Vector3.new(-8.6, 7.9, 18.6),
		Vector3.new(-11.3, 9.4, 19),
		Vector3.new(-11.8, 10.100000000000001, 7),
		Vector3.new(-11.5, 10.8, 7.1000000000000005),
		Vector3.new(-10.5, 11.8, 7.4),
		Vector3.new(-9.8, 11.700000000000001, 7.9),
		Vector3.new(-8.1, 10.9, 7.2),
	},
	{
		Vector3.new(-8.1, 10.9, 7.2),
		Vector3.new(-8.6, 10.4, 18.7),
		Vector3.new(-11.100000000000001, 10.4, 18.8),
		Vector3.new(-10.8, 7.5, 7.2),
		Vector3.new(-9.3, 7.300000000000001, 8.700000000000001),
		Vector3.new(-9.4, 7, 11.100000000000001),
		Vector3.new(-10, 7, 15.100000000000001),
		Vector3.new(-9.9, 7.5, 18.3),
	},
	{
		Vector3.new(-9.9, 7.5, 18.3),
		Vector3.new(-8.5, 8.5, 19),
		Vector3.new(-4.800000000000001, 7.800000000000001, 17.5),
		Vector3.new(-1.3, 6.2, 5.800000000000001),
	},
	{
		Vector3.new(-1.3, 6.2, 5.800000000000001),
		Vector3.new(-0.8, 6.800000000000001, -23.5),
	},
	{
		Vector3.new(-0.8, 6.800000000000001, -23.5),
		Vector3.new(-5, 9.600000000000001, -14.5),
		Vector3.new(-6.2, 8.4, -14.3),
		Vector3.new(-5, 10.200000000000001, -14.3),
		Vector3.new(-4.2, 10.700000000000001, -14.200000000000001),
		Vector3.new(-2.8000000000000003, 11.4, -13.8),
		Vector3.new(-1.3, 11.600000000000001, -13.8),
		Vector3.new(-0.5, 11.5, -13.700000000000001),
		Vector3.new(0.6000000000000001, 11.200000000000001, -13.5),
		Vector3.new(1.6, 10.700000000000001, -13.5),
		Vector3.new(2.2, 10.200000000000001, -13.600000000000001),
		Vector3.new(3.2, 8.9, -13.9),
		Vector3.new(3.7, 8, -14.100000000000001),
		Vector3.new(3.8000000000000003, 7, -14.100000000000001),
		Vector3.new(3.9000000000000004, 6.4, -14.100000000000001),
		Vector3.new(3.8000000000000003, 5.800000000000001, -14.100000000000001),
		Vector3.new(3.7, 5.1000000000000005, -14.100000000000001),
		Vector3.new(3.6, 4.5, -14.100000000000001),
		Vector3.new(3.1, 3.6, -14.100000000000001),
		Vector3.new(2.7, 3, -14.100000000000001),
		Vector3.new(2.3000000000000003, 2.5, -14.100000000000001),
		Vector3.new(1.8, 2.1, -14.100000000000001),
		Vector3.new(1.1, 1.7000000000000002, -14.100000000000001),
		Vector3.new(0.30000000000000004, 1.3, -14.200000000000001),
		Vector3.new(-0.5, 1.2000000000000002, -14.200000000000001),
		Vector3.new(-1.5, 1, -14.200000000000001),
		Vector3.new(-2.2, 1.1, -14.200000000000001),
		Vector3.new(-2.7, 1.2000000000000002, -14.200000000000001),
		Vector3.new(-3.8000000000000003, 1.6, -14.3),
		Vector3.new(-4.4, 2, -14.3),
	},
	{
		Vector3.new(-4.4, 2, -14.3),
		Vector3.new(-5, 2.5, -14.3),
		Vector3.new(-5.5, 3.1, -14.4),
		Vector3.new(-5.9, 3.7, -14.3),
		Vector3.new(-6.300000000000001, 4.5, -14.3),
		Vector3.new(-6.5, 5.300000000000001, -14.200000000000001),
		Vector3.new(-6.7, 6.4, -14.3),
		Vector3.new(-6.5, 7.4, -14.200000000000001),
		Vector3.new(-6.2, 8.3, -14.200000000000001),
		Vector3.new(-5.6000000000000005, 9.5, -14.3),
		Vector3.new(-4.3, 10.8, -14.100000000000001),
		Vector3.new(-1.7000000000000002, 11.600000000000001, -13.700000000000001),
		Vector3.new(-1.6, 11.600000000000001, -5.1000000000000005),
		Vector3.new(-3.2, 11.3, -5.1000000000000005),
		Vector3.new(-3.9000000000000004, 10.9, -5.2),
		Vector3.new(-5, 10.100000000000001, -5.2),
		Vector3.new(-6.1000000000000005, 8.5, -5.5),
		Vector3.new(-6.5, 7.2, -5.7),
		Vector3.new(-6.7, 6.300000000000001, -5.7),
		Vector3.new(-6.5, 5.300000000000001, -5.9),
		Vector3.new(-6.300000000000001, 4.4, -5.7),
		Vector3.new(-5.7, 3.3000000000000003, -5.800000000000001),
		Vector3.new(-5, 2.4000000000000004, -5.800000000000001),
		Vector3.new(-5.1000000000000005, 1.7000000000000002, -5.7),
		Vector3.new(-4.800000000000001, 0.9, -5.6000000000000005),
		Vector3.new(-4.3, 0.4, -5.5),
		Vector3.new(-3.7, 0, -5.5),
		Vector3.new(-2.9000000000000004, 0, -5.4),
	},
	{
		Vector3.new(-2.9000000000000004, 0, -5.4),
		Vector3.new(-1.8, 0, -5.4),
		Vector3.new(-0.7000000000000001, 0, -5.4),
		Vector3.new(0.30000000000000004, 0, -5.4),
		Vector3.new(1.2000000000000002, 0, -5.300000000000001),
		Vector3.new(2.1, 0.2, -5.300000000000001),
		Vector3.new(2.7, 0.8, -5.5),
		Vector3.new(3, 1.8, -5.9),
		Vector3.new(2.9000000000000004, 2.4000000000000004, -5.9),
		Vector3.new(2.6, 2.9000000000000004, -6),
		Vector3.new(3.1, 3.4000000000000004, -6.1000000000000005),
		Vector3.new(3.4000000000000004, 4.2, -6.1000000000000005),
		Vector3.new(3.7, 5, -6),
		Vector3.new(3.8000000000000003, 5.800000000000001, -6),
		Vector3.new(3.9000000000000004, 6.5, -5.9),
		Vector3.new(3.7, 7.4, -5.9),
		Vector3.new(3.6, 8.1, -6),
		Vector3.new(3.2, 8.9, -6),
		Vector3.new(2.5, 9.9, -6),
		Vector3.new(2, 10.4, -5.9),
		Vector3.new(1.5, 10.700000000000001, -5.9),
		Vector3.new(0.9, 11.100000000000001, -5.9),
		Vector3.new(0.2, 11.3, -5.9),
		Vector3.new(-0.6000000000000001, 11.5, -5.800000000000001),
		Vector3.new(-1.2000000000000002, 11.600000000000001, -5.800000000000001),
		Vector3.new(-1.4000000000000001, 11.600000000000001, -5),
		Vector3.new(-1.3, 11.600000000000001, -4.4),
		Vector3.new(-1.5, 11.600000000000001, -10),
		Vector3.new(-2.4000000000000004, 11.4, -10.100000000000001),
		Vector3.new(-3.2, 11.3, -10.200000000000001),
		Vector3.new(-4.2, 10.8, -10.200000000000001),
		Vector3.new(-4.9, 10.3, -10.200000000000001),
		Vector3.new(-5.6000000000000005, 9.5, -10.200000000000001),
		Vector3.new(-5.7, 9.3, -10.9),
		Vector3.new(-6.6000000000000005, 7.6000000000000005, -10.9),
		Vector3.new(-6.5, 7.4, -10.100000000000001),
		Vector3.new(-6.6000000000000005, 6.6000000000000005, -10.100000000000001),
		Vector3.new(-6.6000000000000005, 5.7, -10.100000000000001),
	},
	{
		Vector3.new(-6.6000000000000005, 5.7, -10.100000000000001),
		Vector3.new(-6.4, 4.800000000000001, -10.100000000000001),
		Vector3.new(-5.9, 3.5, -10.200000000000001),
		Vector3.new(-5.300000000000001, 2.9000000000000004, -10.3),
		Vector3.new(-4.6000000000000005, 2.1, -10.3),
		Vector3.new(-4, 1.8, -10.3),
		Vector3.new(-3.4000000000000004, 1.5, -10.4),
		Vector3.new(-2.7, 1.2000000000000002, -10.4),
		Vector3.new(-1.7000000000000002, 1.1, -10.5),
		Vector3.new(-1.1, 1.1, -10.5),
		Vector3.new(-0.1, 1.2000000000000002, -10.600000000000001),
		Vector3.new(0.8, 1.5, -10.700000000000001),
		Vector3.new(1.6, 1.9000000000000001, -10.700000000000001),
		Vector3.new(2.3000000000000003, 2.5, -10.700000000000001),
		Vector3.new(2.7, 3, -10.9),
		Vector3.new(3.1, 3.5, -10.8),
		Vector3.new(3.6, 4.4, -10.700000000000001),
		Vector3.new(3.8000000000000003, 5.5, -10.8),
		Vector3.new(3.9000000000000004, 6.4, -11.4),
		Vector3.new(3.8000000000000003, 7.300000000000001, -11.5),
		Vector3.new(3.6, 8, -11.5),
		Vector3.new(2.9000000000000004, 9.4, -11.5),
		Vector3.new(2.5, 9.9, -10.100000000000001),
		Vector3.new(2, 10.4, -10.100000000000001),
		Vector3.new(1.1, 11, -10),
		Vector3.new(0.4, 11.3, -10),
		Vector3.new(-0.5, 11.5, -10.100000000000001),
		Vector3.new(-1.3, 11.600000000000001, -10.100000000000001),
	},
	{
		Vector3.new(-1.3, 11.600000000000001, -10.100000000000001),
		Vector3.new(-1.5, 11.600000000000001, 3.1),
		Vector3.new(-1.9000000000000001, 11.5, 0.6000000000000001),
		Vector3.new(-3, 11.3, 0.1),
		Vector3.new(-3.7, 11, 0),
		Vector3.new(-4.6000000000000005, 10.5, -0.1),
		Vector3.new(-5.2, 9.9, -0.30000000000000004),
		Vector3.new(-5.7, 9.3, -0.30000000000000004),
		Vector3.new(-6.1000000000000005, 8.6, -0.4),
		Vector3.new(-6.4, 8, -0.4),
		Vector3.new(-6.5, 7.2, -0.4),
		Vector3.new(-6.7, 6.4, -0.4),
		Vector3.new(-6.5, 5, -0.4),
		Vector3.new(-6.300000000000001, 4.4, -0.30000000000000004),
		Vector3.new(-6, 3.8000000000000003, -0.4),
		Vector3.new(-5.6000000000000005, 3.1, -0.30000000000000004),
		Vector3.new(-5.9, 2.3000000000000003, -0.30000000000000004),
		Vector3.new(-6, 1.5, -0.4),
		Vector3.new(-5.800000000000001, 1, -0.4),
		Vector3.new(-5.4, 0.6000000000000001, -0.30000000000000004),
		Vector3.new(-4.9, 0, -0.4),
		Vector3.new(-2.4000000000000004, 0, -0.30000000000000004),
		Vector3.new(-1.3, 0, -0.2),
		Vector3.new(1.1, 0, 0.1),
		Vector3.new(2.2, 0, 0.2),
	},
	{
		Vector3.new(2.2, 0, 0.2),
		Vector3.new(3.1, 0.2, 0.2),
		Vector3.new(3.5, 0.7000000000000001, 0.1),
		Vector3.new(3.8000000000000003, 1.3, -0.2),
		Vector3.new(3.9000000000000004, 2.3000000000000003, 0),
		Vector3.new(3.7, 2.9000000000000004, 0),
		Vector3.new(3.3000000000000003, 3.4000000000000004, -0.2),
		Vector3.new(3.6, 4.6000000000000005, -0.2),
		Vector3.new(3.8000000000000003, 5.4, -0.30000000000000004),
		Vector3.new(3.9000000000000004, 6.5, -0.4),
		Vector3.new(3.8000000000000003, 7.1000000000000005, -0.4),
		Vector3.new(3.6, 8, -0.30000000000000004),
		Vector3.new(3.3000000000000003, 8.8, -0.30000000000000004),
		Vector3.new(2.9000000000000004, 9.4, -0.30000000000000004),
		Vector3.new(2.5, 9.9, -0.30000000000000004),
		Vector3.new(1.9000000000000001, 10.4, -0.4),
		Vector3.new(1.2000000000000002, 10.9, -0.4),
		Vector3.new(0.5, 11.200000000000001, -0.5),
		Vector3.new(-0.30000000000000004, 11.4, -0.5),
		Vector3.new(-1.1, 11.600000000000001, -0.5),
		Vector3.new(-1.9000000000000001, 11.5, -0.5),
		Vector3.new(-3.2, 11.200000000000001, -0.30000000000000004),
		Vector3.new(-4.2, 10.8, -0.1),
		Vector3.new(-4.5, 10.5, 5.7),
		Vector3.new(-4.1000000000000005, 10.8, 5.7),
		Vector3.new(-3.4000000000000004, 11.100000000000001, 5.800000000000001),
		Vector3.new(-2.6, 11.4, 5.800000000000001),
		Vector3.new(-1.9000000000000001, 11.5, 5.800000000000001),
		Vector3.new(-1.2000000000000002, 11.3, 5.800000000000001),
		Vector3.new(-0.5, 11.4, 5.800000000000001),
		Vector3.new(0, 11.3, 5.800000000000001),
		Vector3.new(0.7000000000000001, 11, 5.800000000000001),
		Vector3.new(2, 10.100000000000001, 5.800000000000001),
		Vector3.new(2.5, 9.600000000000001, 5.800000000000001),
		Vector3.new(3.1, 9.1, 5.800000000000001),
		Vector3.new(3.2, 8.5, 5.800000000000001),
		Vector3.new(3.4000000000000004, 8, 5.800000000000001),
		Vector3.new(3.6, 7.300000000000001, 5.800000000000001),
		Vector3.new(3.8000000000000003, 6.6000000000000005, 5.800000000000001),
		Vector3.new(3.8000000000000003, 5.5, 5.7),
	},
	{
		Vector3.new(3.8000000000000003, 5.5, 5.7),
		Vector3.new(3.7, 4.7, 5.800000000000001),
		Vector3.new(3.3000000000000003, 4, 5.800000000000001),
		Vector3.new(2.9000000000000004, 3.4000000000000004, 5.800000000000001),
		Vector3.new(3.3000000000000003, 2.9000000000000004, 5.800000000000001),
		Vector3.new(3.5, 2.2, 5.9),
		Vector3.new(4, 1.5, 5.9),
		Vector3.new(3.3000000000000003, 1, 5.800000000000001),
		Vector3.new(2.8000000000000003, 0.4, 5.9),
		Vector3.new(1.3, 0, 5.9),
		Vector3.new(0.1, 0, 5.9),
		Vector3.new(-1.1, 0, 6.1000000000000005),
		Vector3.new(-2.1, 0, 6.2),
		Vector3.new(-3.1, 0, 6.2),
		Vector3.new(-4, 0, 6.300000000000001),
		Vector3.new(-4.5, 0.2, 6.300000000000001),
		Vector3.new(-5.1000000000000005, 0.8, 6.300000000000001),
		Vector3.new(-5.4, 1.5, 6.5),
		Vector3.new(-5.4, 2.2, 6.4),
		Vector3.new(-5.300000000000001, 2.9000000000000004, 6.4),
		Vector3.new(-6, 3.8000000000000003, 6.4),
		Vector3.new(-6.2, 4.5, 6.4),
		Vector3.new(-6.300000000000001, 5, 6.4),
		Vector3.new(-6.6000000000000005, 5.9, 6.300000000000001),
		Vector3.new(-6.6000000000000005, 6.6000000000000005, 6.2),
		Vector3.new(-6.5, 7.1000000000000005, 6.2),
		Vector3.new(-6.4, 7.800000000000001, 6.2),
		Vector3.new(-6.2, 8.3, 6),
		Vector3.new(-5.7, 9.1, 6),
		Vector3.new(-5.300000000000001, 9.8, 5.9),
		Vector3.new(-0.8, 7.2, -1.6),
	},
	{
		Vector3.new(-0.8, 7.2, -1.6),
		Vector3.new(-2.2, 6.5, -23.5),
		Vector3.new(-1.5, 4.1000000000000005, -39),
	},
	{
		Vector3.new(-1.5, 4.1000000000000005, -39),
		Vector3.new(-1.4000000000000001, 3.4000000000000004, -41.7),
		Vector3.new(-1, 3.4000000000000004, -42),
		Vector3.new(-2.4000000000000004, 5.1000000000000005, -35.7),
		Vector3.new(-2.8000000000000003, 6.6000000000000005, -33.5),
		Vector3.new(-2.6, 7.9, -32.1),
		Vector3.new(-3.5, 7.7, -32),
		Vector3.new(-3.6, 10.100000000000001, -29),
		Vector3.new(-0.2, 11.100000000000001, -24.5),
		Vector3.new(0.6000000000000001, 10.8, -25.5),
		Vector3.new(1.8, 9.8, -25.400000000000002),
		Vector3.new(3.4000000000000004, 8, -25),
		Vector3.new(3.7, 6.6000000000000005, -24.8),
		Vector3.new(3.3000000000000003, 6.4, -29.1),
	},
	{
		Vector3.new(3.3000000000000003, 6.4, -29.1),
		Vector3.new(1.8, 5.4, -33.5),
		Vector3.new(0.30000000000000004, 4.7, -36.300000000000004),
		Vector3.new(-1.4000000000000001, 3.2, -42.300000000000004),
		Vector3.new(-1.4000000000000001, 3.3000000000000003, -42.800000000000004),
	},
}
