local wires = {
	{
		Vector3.new(0, 0, 0),
		Vector3.new(2.1, 3.1, 0),
		Vector3.new(2.8000000000000003, 4, 0),
		Vector3.new(3.7, 4.4, 0),
		Vector3.new(4.800000000000001, 5.300000000000001, 0),
		Vector3.new(6.2, 6.2, 0),
		Vector3.new(7.1000000000000005, 7.6000000000000005, 0),
		Vector3.new(9.3, 9.600000000000001, 0),
		Vector3.new(11.100000000000001, 11.200000000000001, 0),
		Vector3.new(14.100000000000001, 13.3, 0),
		Vector3.new(16.2, 14.600000000000001, 0),
		Vector3.new(18.3, 16.1, 0),
		Vector3.new(20.3, 17.900000000000002, 0),
		Vector3.new(23.3, 19.8, 0),
		Vector3.new(27, 21.8, 0),
		Vector3.new(28.400000000000002, 22.400000000000002, 0),
	},
	{
		Vector3.new(28.400000000000002, 22.400000000000002, 0),
		Vector3.new(29, 25, 0),
		Vector3.new(29.8, 26.400000000000002, 0),
		Vector3.new(30.400000000000002, 27.200000000000003, 0),
		Vector3.new(31.200000000000003, 27.200000000000003, 0),
		Vector3.new(32.300000000000004, 26.5, 0),
		Vector3.new(33.4, 25.200000000000003, 0),
		Vector3.new(34, 24.6, 0),
		Vector3.new(31.900000000000002, 21.8, 0),
		Vector3.new(29.6, 21, 0),
		Vector3.new(29, 20.700000000000003, 0),
		Vector3.new(28.200000000000003, 19.6, 0),
		Vector3.new(28.1, 18.8, 0),
		Vector3.new(28.200000000000003, 17.6, 0),
		Vector3.new(29.1, 16.6, 0),
		Vector3.new(31, 15.9, 0),
		Vector3.new(33.6, 16, 0),
		Vector3.new(35, 16.8, 0),
		Vector3.new(35.5, 18.2, 0),
		Vector3.new(35.4, 19.6, 0),
		Vector3.new(35, 20.8, 0),
		Vector3.new(34.1, 21.200000000000003, 0),
		Vector3.new(33, 21.8, 0),
		Vector3.new(32.300000000000004, 21.8, 0),
		Vector3.new(30.900000000000002, 20.400000000000002, 0),
		Vector3.new(30.200000000000003, 20.1, 0),
		Vector3.new(29.8, 19.700000000000003, 0),
	},
	{
		Vector3.new(29.8, 19.700000000000003, 0),
		Vector3.new(29.700000000000003, 18.900000000000002, 0),
		Vector3.new(29.700000000000003, 17.900000000000002, 0),
		Vector3.new(30.400000000000002, 17.1, 0),
		Vector3.new(31.5, 16.7, 0),
		Vector3.new(32.4, 16.900000000000002, 0),
		Vector3.new(33.4, 17.5, 0),
		Vector3.new(33.9, 18.1, 0),
		Vector3.new(34.2, 19, 0),
		Vector3.new(34.2, 19.700000000000003, 0),
		Vector3.new(33.5, 20.3, 0),
		Vector3.new(32.1, 20.6, 0),
		Vector3.new(30.900000000000002, 20.5, 0),
		Vector3.new(31.900000000000002, 21.8, 0),
		Vector3.new(33.5, 21.6, 0),
		Vector3.new(34.300000000000004, 21.1, 0),
		Vector3.new(35.1, 20.8, 0),
		Vector3.new(35.300000000000004, 19.900000000000002, 0),
		Vector3.new(35.6, 18.7, 0),
		Vector3.new(35.4, 17.6, 0),
		Vector3.new(34.9, 16.8, 0),
		Vector3.new(34.1, 16.2, 0),
		Vector3.new(35.7, 15.5, 0),
		Vector3.new(34.9, 15.200000000000001, 0),
		Vector3.new(34.1, 14.700000000000001, 0),
		Vector3.new(33.7, 14.3, 0),
		Vector3.new(34, 13.600000000000001, 0),
		Vector3.new(34.5, 13.3, 0),
		Vector3.new(35.1, 12.4, 0),
		Vector3.new(35.800000000000004, 11.4, 0),
		Vector3.new(37.1, 11.600000000000001, 0),
		Vector3.new(37.6, 11.700000000000001, 0),
		Vector3.new(38.300000000000004, 12.3, 0),
		Vector3.new(38.800000000000004, 12.600000000000001, 0),
		Vector3.new(39.300000000000004, 12.8, 0),
		Vector3.new(40, 13.3, 0),
		Vector3.new(40, 14.100000000000001, 0),
		Vector3.new(39.7, 14.600000000000001, 0),
		Vector3.new(39.2, 15.100000000000001, 0),
		Vector3.new(38.7, 15.100000000000001, 0),
	},
	{
		Vector3.new(38.7, 15.100000000000001, 0),
		Vector3.new(37.9, 15.100000000000001, 0),
		Vector3.new(37.4, 15.100000000000001, 0),
		Vector3.new(36.5, 15.3, 0),
		Vector3.new(35.7, 15.5, 0),
		Vector3.new(34.9, 15.200000000000001, 0),
		Vector3.new(34.2, 14.700000000000001, 0),
		Vector3.new(33.7, 14.4, 0),
		Vector3.new(33.800000000000004, 13.600000000000001, 0),
		Vector3.new(34.7, 13.200000000000001, 0),
		Vector3.new(35.4, 11.8, 0),
		Vector3.new(36.2, 11.200000000000001, 0),
		Vector3.new(36, 9.8, 0),
		Vector3.new(31.6, 8.3, 0),
		Vector3.new(36, 9.8, 0),
		Vector3.new(40.400000000000006, 7, 0),
		Vector3.new(36, 9.700000000000001, 0),
		Vector3.new(36.2, 11.200000000000001, 0),
		Vector3.new(37.7, 11.700000000000001, 0),
		Vector3.new(38.800000000000004, 12.600000000000001, 0),
		Vector3.new(39.800000000000004, 13, 0),
		Vector3.new(40, 13.700000000000001, 0),
		Vector3.new(40, 14.5, 0),
	},
	{
		Vector3.new(40, 14.5, 0),
		Vector3.new(43.5, 15.600000000000001, 0),
		Vector3.new(44.5, 14.4, 0),
		Vector3.new(45.7, 13.9, 0),
		Vector3.new(46.900000000000006, 13.700000000000001, 0),
		Vector3.new(48.300000000000004, 13.700000000000001, 0),
		Vector3.new(49.300000000000004, 13.8, 0),
		Vector3.new(50.300000000000004, 14.200000000000001, 0),
		Vector3.new(51.400000000000006, 14.8, 0),
		Vector3.new(52, 15.8, 0),
		Vector3.new(51.900000000000006, 17, 0),
		Vector3.new(51.5, 17.6, 0),
		Vector3.new(50.900000000000006, 18.2, 0),
		Vector3.new(50.5, 18.7, 0),
		Vector3.new(49.300000000000004, 19.200000000000003, 0),
		Vector3.new(48.1, 19.400000000000002, 0),
		Vector3.new(46.7, 19.200000000000003, 0),
		Vector3.new(45.5, 18.900000000000002, 0),
		Vector3.new(44.800000000000004, 18.6, 0),
		Vector3.new(44.400000000000006, 18.1, 0),
		Vector3.new(43.900000000000006, 17.6, 0),
		Vector3.new(43.7, 16.8, 0),
		Vector3.new(43.6, 15.8, 0),
		Vector3.new(45, 15.9, 0),
		Vector3.new(45.400000000000006, 15, 0),
		Vector3.new(46.400000000000006, 14.4, 0),
		Vector3.new(47.400000000000006, 14.4, 0),
		Vector3.new(48.1, 14.4, 0),
		Vector3.new(48.800000000000004, 14.700000000000001, 0),
		Vector3.new(49.6, 15.200000000000001, 0),
		Vector3.new(50.1, 16.2, 0),
		Vector3.new(50.2, 17.3, 0),
		Vector3.new(49.400000000000006, 18.3, 0),
		Vector3.new(48.7, 18.5, 0),
	},
	{
		Vector3.new(48.7, 18.5, 0),
		Vector3.new(47.900000000000006, 18.8, 0),
		Vector3.new(47.2, 18.8, 0),
		Vector3.new(46.800000000000004, 18.6, 0),
		Vector3.new(45.6, 18, 0),
		Vector3.new(45.2, 17.400000000000002, 0),
		Vector3.new(45.1, 16.6, 0),
		Vector3.new(45, 15.9, 0),
		Vector3.new(40, 14.5, 0),
		Vector3.new(39.2, 15.100000000000001, 0),
		Vector3.new(37.1, 15, 0),
		Vector3.new(35.800000000000004, 15.5, 0),
		Vector3.new(34.1, 16.3, 0),
		Vector3.new(35, 16.8, 0),
		Vector3.new(35.4, 17.900000000000002, 0),
		Vector3.new(35.6, 18.900000000000002, 0),
		Vector3.new(35.1, 20.700000000000003, 0),
		Vector3.new(34.2, 21.200000000000003, 0),
		Vector3.new(33.7, 21.5, 0),
		Vector3.new(32, 21.8, 0),
		Vector3.new(34, 24.6, 0),
		Vector3.new(35.800000000000004, 24.700000000000003, 0),
		Vector3.new(40.800000000000004, 24.700000000000003, 0),
	},
	{
		Vector3.new(40.800000000000004, 24.700000000000003, 0),
		Vector3.new(46.5, 24, 0),
		Vector3.new(51.400000000000006, 22.6, 0),
		Vector3.new(55.800000000000004, 21.200000000000003, 0),
		Vector3.new(59.400000000000006, 20.6, 0),
		Vector3.new(63.5, 19.5, 0),
		Vector3.new(63.300000000000004, 18.8, 0),
		Vector3.new(62, 18.1, 0),
		Vector3.new(61.7, 17.5, 0),
		Vector3.new(62, 17, 0),
		Vector3.new(62.5, 16.7, 0),
		Vector3.new(65.2, 15, 0),
		Vector3.new(67.4, 13.3, 0),
		Vector3.new(70.10000000000001, 11.600000000000001, 0),
	},
	{
		Vector3.new(70.10000000000001, 11.600000000000001, 0),
		Vector3.new(72.5, 10.3, 0),
		Vector3.new(76, 8.4, 0),
		Vector3.new(78.2, 6.9, 0),
		Vector3.new(81.10000000000001, 4.5, 0),
		Vector3.new(84.9, 0.30000000000000004, 0),
		Vector3.new(86.7, -2.4000000000000004, 0),
		Vector3.new(88.4, -5.1000000000000005, 0),
		Vector3.new(89.7, -9.1, 0),
		Vector3.new(90.60000000000001, -14.3, 0),
	},
	{
		Vector3.new(90.60000000000001, -14.3, 0),
		Vector3.new(90.30000000000001, -18.7, 0),
		Vector3.new(89.80000000000001, -22.1, 0),
		Vector3.new(89.4, -26.200000000000003, 0),
		Vector3.new(87.4, -34.300000000000004, 0),
		Vector3.new(84.2, -38.300000000000004, 0),
		Vector3.new(80.80000000000001, -41.6, 0),
		Vector3.new(75.2, -45.1, 0),
	},
	{
		Vector3.new(75.2, -45.1, 0),
		Vector3.new(71.4, -46.1, 0),
		Vector3.new(65.8, -46.7, 0),
		Vector3.new(60.7, -47.800000000000004, 0),
		Vector3.new(60, -47.800000000000004, 0),
		Vector3.new(59.7, -48.7, 0),
		Vector3.new(59.400000000000006, -49.400000000000006, 0),
		Vector3.new(58.900000000000006, -49.7, 0),
		Vector3.new(56, -50.2, 0),
		Vector3.new(50.7, -50.5, 0),
		Vector3.new(49.5, -50.400000000000006, 0),
		Vector3.new(50.400000000000006, -47.7, 0),
		Vector3.new(49.400000000000006, -50, 0),
		Vector3.new(47.5, -50, 0),
		Vector3.new(46.5, -49.900000000000006, 0),
		Vector3.new(47.400000000000006, -48.1, 0),
	},
	{
		Vector3.new(47.400000000000006, -48.1, 0),
		Vector3.new(46.6, -49.800000000000004, 0),
		Vector3.new(45.5, -49.400000000000006, 0),
		Vector3.new(46, -48, 0),
		Vector3.new(45.6, -49.1, 0),
		Vector3.new(44.800000000000004, -48.400000000000006, 0),
		Vector3.new(44.400000000000006, -48, 0),
		Vector3.new(46.2, -45.400000000000006, 0),
		Vector3.new(46.800000000000004, -43.5, 0),
		Vector3.new(46.7, -41.2, 0),
		Vector3.new(47.300000000000004, -39.400000000000006, 0),
		Vector3.new(48.400000000000006, -36.6, 0),
		Vector3.new(49.1, -35.4, 0),
		Vector3.new(50.7, -34.4, 0),
		Vector3.new(51.900000000000006, -33.9, 0),
		Vector3.new(55, -32.7, 0),
		Vector3.new(56.400000000000006, -32.7, 0),
		Vector3.new(58.1, -32.800000000000004, 0),
		Vector3.new(56.800000000000004, -32.7, 0),
		Vector3.new(55.1, -32.7, 0),
	},
	{
		Vector3.new(55.1, -32.7, 0),
		Vector3.new(50.6, -34.5, 0),
		Vector3.new(49.1, -35.4, 0),
		Vector3.new(46.800000000000004, -40.800000000000004, 0),
		Vector3.new(46.800000000000004, -43.400000000000006, 0),
		Vector3.new(46.300000000000004, -45.300000000000004, 0),
		Vector3.new(44.400000000000006, -47.7, 0),
		Vector3.new(44.900000000000006, -48.6, 0),
		Vector3.new(35.300000000000004, -48.400000000000006, 0),
		Vector3.new(30.900000000000002, -48.1, 0),
	},
	{
		Vector3.new(30.900000000000002, -48.1, 0),
		Vector3.new(26.200000000000003, -47.300000000000004, 0),
		Vector3.new(22.200000000000003, -46.5, 0),
		Vector3.new(21.400000000000002, -45.6, 0),
		Vector3.new(21.5, -42.6, 0),
		Vector3.new(21.400000000000002, -40.6, 0),
		Vector3.new(20.900000000000002, -38.2, 0),
		Vector3.new(20, -36.7, 0),
		Vector3.new(18.8, -35, 0),
		Vector3.new(16.900000000000002, -34, 0),
		Vector3.new(14.5, -33.300000000000004, 0),
		Vector3.new(12.200000000000001, -32.7, 0),
		Vector3.new(10.5, -32.7, 0),
		Vector3.new(8.5, -32.5, 0),
		Vector3.new(6.4, -33, 0),
		Vector3.new(4.9, -34.300000000000004, 0),
		Vector3.new(6.2, -33.2, 0),
	},
	{
		Vector3.new(6.2, -33.2, 0),
		Vector3.new(8.6, -32.5, 0),
		Vector3.new(12.200000000000001, -32.7, 0),
		Vector3.new(16.900000000000002, -34, 0),
		Vector3.new(18.900000000000002, -35.1, 0),
		Vector3.new(21.1, -38.6, 0),
		Vector3.new(21.6, -43.1, 0),
		Vector3.new(21.400000000000002, -45.5, 0),
		Vector3.new(20.5, -45.6, 0),
		Vector3.new(20.1, -46.800000000000004, 0),
		Vector3.new(19.5, -47.300000000000004, 0),
		Vector3.new(18.7, -47.5, 0),
		Vector3.new(17.2, -48.1, 0),
		Vector3.new(15.3, -48.2, 0),
		Vector3.new(14.600000000000001, -48.300000000000004, 0),
		Vector3.new(14.100000000000001, -48.2, 0),
		Vector3.new(13.9, -46.7, 0),
		Vector3.new(14, -48.2, 0),
		Vector3.new(12.5, -48.300000000000004, 0),
	},
	{
		Vector3.new(12.5, -48.300000000000004, 0),
		Vector3.new(11.8, -46.2, 0),
		Vector3.new(12.100000000000001, -48.300000000000004, 0),
		Vector3.new(10.3, -48.300000000000004, 0),
		Vector3.new(9.3, -48.2, 0),
		Vector3.new(9, -45.900000000000006, 0),
		Vector3.new(9, -47.900000000000006, 0),
		Vector3.new(7.9, -47.7, 0),
		Vector3.new(7.2, -47.5, 0),
		Vector3.new(6.5, -47.1, 0),
		Vector3.new(6.1000000000000005, -46.1, 0),
		Vector3.new(6, -45, 0),
		Vector3.new(6.6000000000000005, -43.900000000000006, 0),
		Vector3.new(6.9, -43.400000000000006, 0),
		Vector3.new(7.2, -42, 0),
		Vector3.new(6.6000000000000005, -40.400000000000006, 0),
		Vector3.new(6.2, -39.1, 0),
		Vector3.new(5.800000000000001, -38.300000000000004, 0),
		Vector3.new(5.5, -37, 0),
		Vector3.new(5.300000000000001, -36.6, 0),
		Vector3.new(5.300000000000001, -35.7, 0),
		Vector3.new(4.9, -34.300000000000004, 0),
		Vector3.new(5.300000000000001, -36.6, 0),
		Vector3.new(5.6000000000000005, -37.5, 0),
		Vector3.new(6, -39, 0),
		Vector3.new(7.1000000000000005, -41.800000000000004, 0),
		Vector3.new(7, -43.300000000000004, 0),
	},
	{
		Vector3.new(7, -43.300000000000004, 0),
		Vector3.new(3.5, -41.1, 0),
		Vector3.new(2.3000000000000003, -39.300000000000004, 0),
		Vector3.new(0.6000000000000001, -36.800000000000004, 0),
		Vector3.new(-0.9, -34.7, 0),
		Vector3.new(-1.9000000000000001, -32.4, 0),
		Vector3.new(-3.2, -29.1, 0),
		Vector3.new(-4.3, -25.5, 0),
		Vector3.new(-5.1000000000000005, -20.900000000000002, 0),
		Vector3.new(-5.9, -16.8, 0),
		Vector3.new(-5.6000000000000005, -12.100000000000001, 0),
	},
	{
		Vector3.new(-5.6000000000000005, -12.100000000000001, 0),
		Vector3.new(-4.1000000000000005, -7, 0),
		Vector3.new(-2.2, -3, 0),
		Vector3.new(0, 0, 0),
	},
}
