local wires = {
	{
		Vector3.new(0, 0, 0),
		Vector3.new(0, 13.700000000000001, 0),
		Vector3.new(-0.9, 13.3, 0),
		Vector3.new(-3.6, 14, 0),
		Vector3.new(0.5, 19.5, 0),
		Vector3.new(-1.1, 19.700000000000003, 0),
		Vector3.new(-4.3, 19.3, 0),
		Vector3.new(-12.200000000000001, 15.8, 0),
	},
	{
		Vector3.new(-12.200000000000001, 15.8, 0),
		Vector3.new(-15, 20, 0),
		Vector3.new(-16.6, 22.1, 0),
		Vector3.new(-14.600000000000001, 22.700000000000003, 0),
		Vector3.new(-13.3, 22.8, 0),
		Vector3.new(-12.3, 22.400000000000002, 0),
		Vector3.new(-4.800000000000001, 22.400000000000002, 0),
		Vector3.new(2.5, 22.3, 0),
		Vector3.new(3.2, 23.5, 0),
		Vector3.new(1.8, 23.5, 0),
		Vector3.new(1.2000000000000002, 24.1, 0),
	},
	{
		Vector3.new(1.2000000000000002, 24.1, 0),
		Vector3.new(10.200000000000001, 25.6, 0),
		Vector3.new(18, 25.700000000000003, 0),
		Vector3.new(21, 25.3, 0),
		Vector3.new(19.1, 23.5, 0),
		Vector3.new(18.400000000000002, 25.3, 0),
		Vector3.new(18.900000000000002, 23.400000000000002, 0),
	},
	{
		Vector3.new(18.900000000000002, 23.400000000000002, 0),
		Vector3.new(6.6000000000000005, 25.6, 0),
		Vector3.new(5.800000000000001, 25.6, 0),
		Vector3.new(5.4, 24.6, 0),
		Vector3.new(5.5, 23.700000000000003, 0),
		Vector3.new(3.3000000000000003, 23.400000000000002, 0),
		Vector3.new(6, 22.6, 0),
		Vector3.new(6.4, 23.200000000000003, 0),
		Vector3.new(7.800000000000001, 23.200000000000003, 0),
		Vector3.new(9.600000000000001, 23.200000000000003, 0),
		Vector3.new(13.100000000000001, 23.200000000000003, 0),
		Vector3.new(13.600000000000001, 22.8, 0),
		Vector3.new(15.5, 23.1, 0),
		Vector3.new(18.6, 23.1, 0),
		Vector3.new(18.1, 21.900000000000002, 0),
	},
	{
		Vector3.new(18.1, 21.900000000000002, 0),
		Vector3.new(0.4, 21.900000000000002, 0),
		Vector3.new(-5.1000000000000005, 21.900000000000002, 0),
		Vector3.new(-5, 20.700000000000003, 0),
		Vector3.new(-4.5, 19.400000000000002, 0),
		Vector3.new(-12, 19.400000000000002, 0),
		Vector3.new(-11.4, 16.400000000000002, 0),
	},
	{
		Vector3.new(-11.4, 16.400000000000002, 0),
		Vector3.new(-9.1, 16.2, 0),
		Vector3.new(-7, 19.400000000000002, 0),
		Vector3.new(-4.3, 19.400000000000002, 0),
		Vector3.new(0, 19.700000000000003, 0),
		Vector3.new(0.5, 17.900000000000002, 0),
		Vector3.new(-1.9000000000000001, 16.1, 0),
		Vector3.new(-3.1, 15.100000000000001, 0),
		Vector3.new(-3.6, 14.100000000000001, 0),
		Vector3.new(-0.9, 13.3, 0),
		Vector3.new(0.1, 13.700000000000001, 0),
		Vector3.new(2.5, 16.5, 0),
		Vector3.new(2.5, 17.3, 0),
		Vector3.new(3.3000000000000003, 17.900000000000002, 0),
		Vector3.new(4.3, 17.8, 0),
		Vector3.new(4.2, 19.1, 0),
		Vector3.new(3.4000000000000004, 19.1, 0),
		Vector3.new(3, 18.7, 0),
		Vector3.new(3.4000000000000004, 18.3, 0),
		Vector3.new(4.3, 17.8, 0),
		Vector3.new(5.2, 17.2, 0),
	},
	{
		Vector3.new(5.2, 17.2, 0),
		Vector3.new(7.300000000000001, 17, 0),
		Vector3.new(8.200000000000001, 16.900000000000002, 0),
		Vector3.new(8.9, 17.400000000000002, 0),
		Vector3.new(9.4, 17, 0),
		Vector3.new(10, 16.7, 0),
		Vector3.new(10.100000000000001, 16.1, 0),
		Vector3.new(11.700000000000001, 16, 0),
		Vector3.new(12.3, 14.9, 0),
		Vector3.new(12.200000000000001, 14.200000000000001, 0),
		Vector3.new(14.8, 14.3, 0),
		Vector3.new(16.8, 15.9, 0),
		Vector3.new(16.900000000000002, 16.400000000000002, 0),
		Vector3.new(18, 17, 0),
		Vector3.new(18, 17.6, 0),
		Vector3.new(17.5, 18.1, 0),
		Vector3.new(17.3, 18.7, 0),
		Vector3.new(16.8, 18.7, 0),
		Vector3.new(16.3, 18.400000000000002, 0),
		Vector3.new(15.600000000000001, 17.1, 0),
		Vector3.new(14.8, 16.3, 0),
		Vector3.new(14.3, 18, 0),
		Vector3.new(14.8, 18.2, 0),
		Vector3.new(15.200000000000001, 18.3, 0),
		Vector3.new(16.2, 18.400000000000002, 0),
		Vector3.new(16.8, 18.7, 0),
		Vector3.new(17.3, 18.7, 0),
		Vector3.new(17.8, 18.400000000000002, 0),
		Vector3.new(19.5, 18.3, 0),
		Vector3.new(20, 18.6, 0),
		Vector3.new(25.6, 18.6, 0),
		Vector3.new(26.1, 17, 0),
		Vector3.new(26.700000000000003, 16.3, 0),
	},
	{
		Vector3.new(26.700000000000003, 16.3, 0),
		Vector3.new(26.8, 14.8, 0),
		Vector3.new(27.1, 14.3, 0),
		Vector3.new(26.1, 14.200000000000001, 0),
		Vector3.new(26.8, 14.8, 0),
		Vector3.new(26.700000000000003, 16.3, 0),
		Vector3.new(26.400000000000002, 16.900000000000002, 0),
		Vector3.new(27.3, 17, 0),
		Vector3.new(27.8, 15.9, 0),
		Vector3.new(28.200000000000003, 15.600000000000001, 0),
		Vector3.new(29.8, 12.5, 0),
		Vector3.new(29.5, 12.100000000000001, 0),
		Vector3.new(28.900000000000002, 11.8, 0),
		Vector3.new(30.400000000000002, 11.9, 0),
		Vector3.new(29.900000000000002, 12.600000000000001, 0),
		Vector3.new(28.3, 15.5, 0),
		Vector3.new(28.5, 16.2, 0),
		Vector3.new(26.200000000000003, 19.700000000000003, 0),
		Vector3.new(32.5, 19.700000000000003, 0),
		Vector3.new(38.400000000000006, 20.6, 0),
		Vector3.new(39, 20.200000000000003, 0),
	},
	{
		Vector3.new(39, 20.200000000000003, 0),
		Vector3.new(58.2, 20.400000000000002, 0),
		Vector3.new(58.800000000000004, 20.700000000000003, 0),
		Vector3.new(58.7, 21.8, 0),
	},
	{
		Vector3.new(58.7, 21.8, 0),
		Vector3.new(39.400000000000006, 22.1, 0),
		Vector3.new(38.800000000000004, 21.6, 0),
		Vector3.new(32, 22.5, 0),
	},
	{
		Vector3.new(32, 22.5, 0),
		Vector3.new(18.6, 22.5, 0),
		Vector3.new(18.2, 21.900000000000002, 0),
		Vector3.new(16.7, 19.400000000000002, 0),
		Vector3.new(16.7, 21.1, 0),
		Vector3.new(19.1, 20.8, 0),
		Vector3.new(25.400000000000002, 20.400000000000002, 0),
		Vector3.new(25.200000000000003, 21.6, 0),
		Vector3.new(26.1, 22.400000000000002, 0),
		Vector3.new(27.200000000000003, 21, 0),
		Vector3.new(28.700000000000003, 20.900000000000002, 0),
		Vector3.new(28.700000000000003, 21.8, 0),
		Vector3.new(30.5, 21.900000000000002, 0),
		Vector3.new(31.1, 21.3, 0),
	},
	{
		Vector3.new(31.1, 21.3, 0),
		Vector3.new(32.5, 21.1, 0),
		Vector3.new(33.2, 20.400000000000002, 0),
		Vector3.new(32.4, 19.700000000000003, 0),
		Vector3.new(28.700000000000003, 20.900000000000002, 0),
		Vector3.new(27.200000000000003, 21, 0),
		Vector3.new(26.400000000000002, 20.3, 0),
		Vector3.new(25.400000000000002, 20.5, 0),
		Vector3.new(24.900000000000002, 19.700000000000003, 0),
		Vector3.new(24.200000000000003, 19.3, 0),
		Vector3.new(20.6, 19.200000000000003, 0),
		Vector3.new(20, 18.7, 0),
		Vector3.new(19.5, 18.3, 0),
		Vector3.new(20, 19.400000000000002, 0),
		Vector3.new(20.6, 19.200000000000003, 0),
		Vector3.new(20, 18.7, 0),
		Vector3.new(19.5, 18.3, 0),
		Vector3.new(17.8, 18.400000000000002, 0),
		Vector3.new(17.400000000000002, 18.7, 0),
		Vector3.new(16.8, 18.7, 0),
		Vector3.new(16.3, 18.400000000000002, 0),
		Vector3.new(15.3, 18.3, 0),
		Vector3.new(14.700000000000001, 18.8, 0),
		Vector3.new(14.700000000000001, 18.2, 0),
		Vector3.new(15.3, 18.400000000000002, 0),
		Vector3.new(15.3, 19.400000000000002, 0),
		Vector3.new(9, 19.400000000000002, 0),
		Vector3.new(5.800000000000001, 19.1, 0),
	},
	{
		Vector3.new(5.800000000000001, 19.1, 0),
		Vector3.new(5.800000000000001, 18.6, 0),
		Vector3.new(5.4, 18.3, 0),
		Vector3.new(5.4, 19.1, 0),
		Vector3.new(4.3, 19.1, 0),
		Vector3.new(4.3, 17.8, 0),
		Vector3.new(5.2, 17.5, 0),
		Vector3.new(8.5, 17.6, 0),
		Vector3.new(8.4, 19, 0),
		Vector3.new(7.7, 19.200000000000003, 0),
		Vector3.new(8.9, 19.400000000000002, 0),
		Vector3.new(9, 18.5, 0),
		Vector3.new(9.4, 17.400000000000002, 0),
		Vector3.new(10, 17.1, 0),
		Vector3.new(9.9, 19.3, 0),
		Vector3.new(10.700000000000001, 19.400000000000002, 0),
		Vector3.new(10.8, 18.400000000000002, 0),
		Vector3.new(11.4, 18.1, 0),
		Vector3.new(13.100000000000001, 18.1, 0),
		Vector3.new(13.100000000000001, 18.8, 0),
		Vector3.new(10.9, 18.7, 0),
		Vector3.new(10.8, 19.400000000000002, 0),
		Vector3.new(12.5, 20, 0),
		Vector3.new(12.600000000000001, 21.400000000000002, 0),
		Vector3.new(2.9000000000000004, 21.400000000000002, 0),
	},
	{
		Vector3.new(2.9000000000000004, 21.400000000000002, 0),
		Vector3.new(2.3000000000000003, 20.700000000000003, 0),
		Vector3.new(2.9000000000000004, 20.3, 0),
		Vector3.new(10.8, 19.900000000000002, 0),
		Vector3.new(15.200000000000001, 19.400000000000002, 0),
		Vector3.new(15.3, 18.400000000000002, 0),
		Vector3.new(16.2, 18.400000000000002, 0),
		Vector3.new(16.7, 18.7, 0),
		Vector3.new(19.1, 18.400000000000002, 0),
		Vector3.new(20, 19.400000000000002, 0),
		Vector3.new(20.5, 19.200000000000003, 0),
		Vector3.new(24.200000000000003, 19.200000000000003, 0),
		Vector3.new(24.900000000000002, 19.700000000000003, 0),
		Vector3.new(25.3, 20.400000000000002, 0),
		Vector3.new(26.400000000000002, 20.3, 0),
		Vector3.new(27.200000000000003, 21, 0),
		Vector3.new(28.700000000000003, 20.900000000000002, 0),
		Vector3.new(28.700000000000003, 21.8, 0),
		Vector3.new(30.5, 21.900000000000002, 0),
		Vector3.new(31.1, 21.3, 0),
		Vector3.new(32.5, 21.200000000000003, 0),
		Vector3.new(33.300000000000004, 20.400000000000002, 0),
		Vector3.new(33, 21, 0),
		Vector3.new(33.5, 21.5, 0),
	},
}
