local wires = {
	{
		Vector3.new(-0.4, 0.5, -0.1),
		Vector3.new(-1.2000000000000002, 0.5, 0),
		Vector3.new(0.1, 0.6000000000000001, 0),
		Vector3.new(-1.2000000000000002, 0.6000000000000001, 0.1),
		Vector3.new(0.1, 0.5, 0),
		Vector3.new(-1.2000000000000002, 0.6000000000000001, 0.1),
		Vector3.new(0.1, 0.6000000000000001, -0.1),
		Vector3.new(-1.2000000000000002, 0.6000000000000001, 0),
		Vector3.new(-0.6000000000000001, 0.6000000000000001, 0),
		Vector3.new(-1.2000000000000002, 0.6000000000000001, 0.1),
		Vector3.new(-0.6000000000000001, 0.5, 0),
		Vector3.new(-1.2000000000000002, 0.6000000000000001, 0.1),
		Vector3.new(-0.6000000000000001, 0.5, 0),
		Vector3.new(-1.1, 0.6000000000000001, 0.1),
		Vector3.new(-0.30000000000000004, 0.6000000000000001, 0),
		Vector3.new(-1, 0.6000000000000001, 0.1),
		Vector3.new(-0.30000000000000004, 0.5, 0),
		Vector3.new(-1, 0.5, 0),
		Vector3.new(-0.30000000000000004, 0.6000000000000001, 0),
		Vector3.new(-0.8, 0.5, 0),
		Vector3.new(0.1, 0.6000000000000001, 0.1),
		Vector3.new(-0.9, 0.6000000000000001, 0.1),
		Vector3.new(-0.1, 0.5, -0.1),
		Vector3.new(-0.6000000000000001, 0.5, 0),
		Vector3.new(-0.1, 0.6000000000000001, -0.1),
		Vector3.new(-1.2000000000000002, 0.6000000000000001, 0),
		Vector3.new(0.1, 0.5, -0.1),
		Vector3.new(-1.2000000000000002, 0.6000000000000001, -0.1),
		Vector3.new(0.1, 0.6000000000000001, -0.1),
		Vector3.new(-1.2000000000000002, 0.6000000000000001, 0),
		Vector3.new(0.1, 0.5, 0),
		Vector3.new(-1.1, 0.6000000000000001, -0.1),
		Vector3.new(0.1, 0.5, -0.1),
		Vector3.new(-1, 0.6000000000000001, -0.1),
		Vector3.new(0.1, 0.6000000000000001, -0.1),
		Vector3.new(-1, 0.6000000000000001, -0.1),
		Vector3.new(0.1, 0.5, 0),
		Vector3.new(-0.9, 0.6000000000000001, -0.1),
		Vector3.new(0.1, 0.6000000000000001, -0.1),
		Vector3.new(-0.8, 0.5, 0),
	},
	{
		Vector3.new(-0.8, 0.5, 0),
		Vector3.new(0.1, 0.5, -0.1),
		Vector3.new(-0.8, 0.6000000000000001, 0),
		Vector3.new(0.1, 0.7000000000000001, 0),
		Vector3.new(-0.8, 0.6000000000000001, -0.1),
		Vector3.new(-0.30000000000000004, 0.5, 0),
		Vector3.new(-1.2000000000000002, 0.6000000000000001, 0.1),
		Vector3.new(0.2, 0.6000000000000001, -0.1),
		Vector3.new(-1.2000000000000002, 0.5, 0),
		Vector3.new(0.2, 0.6000000000000001, 0),
		Vector3.new(-1.2000000000000002, 0.5, 0),
		Vector3.new(0.2, 0.6000000000000001, 0.1),
		Vector3.new(-1.2000000000000002, 0.6000000000000001, 0.1),
		Vector3.new(0.2, 0.5, 0.1),
		Vector3.new(-1.1, 0.6000000000000001, 0.1),
		Vector3.new(0.2, 0.5, 0),
		Vector3.new(-1.2000000000000002, 0.5, 0.1),
		Vector3.new(0.2, 0.6000000000000001, -0.1),
		Vector3.new(-1.1, 0.5, 0),
		Vector3.new(0.2, 0.6000000000000001, -0.1),
		Vector3.new(-1, 0.6000000000000001, 0.1),
		Vector3.new(0.2, 0.5, -0.1),
		Vector3.new(-1, 0.5, 0),
		Vector3.new(0.2, 0.6000000000000001, -0.1),
		Vector3.new(-0.9, 0.6000000000000001, 0.1),
		Vector3.new(0.1, 0.5, -0.1),
		Vector3.new(-0.6000000000000001, 0.6000000000000001, 0),
		Vector3.new(-1.2000000000000002, 0.6000000000000001, 0),
		Vector3.new(-0.30000000000000004, 0.2, -0.1),
		Vector3.new(-1, 0.30000000000000004, -0.1),
		Vector3.new(-0.30000000000000004, 0.30000000000000004, 0),
		Vector3.new(-1, 0.30000000000000004, 0),
		Vector3.new(-2.1, -0.1, 0),
	},
	{
		Vector3.new(-2.1, -0.1, 0),
		Vector3.new(0.7000000000000001, 0.30000000000000004, 0),
		Vector3.new(-2, -0.1, 0),
		Vector3.new(0.6000000000000001, 0.2, 0),
		Vector3.new(-2, -0.1, 0),
		Vector3.new(-0.9, 0.30000000000000004, 0),
		Vector3.new(0.7000000000000001, 0.30000000000000004, 0),
		Vector3.new(-0.8, 0.30000000000000004, -0.1),
		Vector3.new(0.6000000000000001, 0.2, -0.1),
		Vector3.new(-1, 0.30000000000000004, 0),
		Vector3.new(0.6000000000000001, 0.30000000000000004, 0),
		Vector3.new(-0.5, 0.1, -0.1),
		Vector3.new(0.6000000000000001, 0.30000000000000004, -0.1),
		Vector3.new(-0.30000000000000004, 0.30000000000000004, -0.1),
		Vector3.new(0.6000000000000001, 0.30000000000000004, -0.1),
		Vector3.new(-0.1, 0.30000000000000004, -0.1),
		Vector3.new(0.6000000000000001, 0.30000000000000004, -0.1),
		Vector3.new(-0.7000000000000001, 0.30000000000000004, -0.1),
		Vector3.new(-0.1, 0.30000000000000004, -0.1),
		Vector3.new(-0.7000000000000001, 0.30000000000000004, -0.1),
		Vector3.new(-2.2, 0.30000000000000004, 0),
		Vector3.new(-0.30000000000000004, 0.30000000000000004, 0),
		Vector3.new(-2, 0.2, 0),
		Vector3.new(0.7000000000000001, 0.30000000000000004, 0),
	},
	{
		Vector3.new(0.7000000000000001, 0.30000000000000004, 0),
		Vector3.new(-2.2, 0.2, 0),
		Vector3.new(0.7000000000000001, 0.30000000000000004, 0),
		Vector3.new(-2, 0.2, 0),
		Vector3.new(-0.30000000000000004, 0.30000000000000004, 0),
		Vector3.new(0.7000000000000001, 0.2, 0.1),
		Vector3.new(-2.2, 0.2, 0),
		Vector3.new(0.7000000000000001, 0.30000000000000004, 0.1),
		Vector3.new(-0.1, 0.30000000000000004, 0.1),
		Vector3.new(0.7000000000000001, 0.30000000000000004, 0.1),
		Vector3.new(-0.1, 0.30000000000000004, 0.1),
		Vector3.new(0.6000000000000001, 0.30000000000000004, 0.1),
		Vector3.new(-0.1, 0.30000000000000004, 0.1),
		Vector3.new(0.6000000000000001, 0.2, -0.1),
		Vector3.new(-0.1, 0.30000000000000004, 0.1),
		Vector3.new(0.6000000000000001, 0.30000000000000004, 0.1),
		Vector3.new(-0.1, 0.30000000000000004, 0.1),
		Vector3.new(0.6000000000000001, 0.30000000000000004, 0.1),
		Vector3.new(-0.1, 0.30000000000000004, 0.1),
		Vector3.new(0.6000000000000001, 0.2, -0.1),
		Vector3.new(-0.1, 0.30000000000000004, 0.1),
		Vector3.new(0.6000000000000001, 0.30000000000000004, 0.1),
		Vector3.new(-0.1, 0.30000000000000004, 0.1),
		Vector3.new(0.6000000000000001, 0.30000000000000004, 0.1),
		Vector3.new(-0.1, 0.30000000000000004, 0.1),
		Vector3.new(0.5, 0.2, -0.1),
		Vector3.new(-0.1, 0.30000000000000004, 0.1),
		Vector3.new(0.5, 0.2, -0.1),
		Vector3.new(-2, 0.30000000000000004, 0.1),
		Vector3.new(0.5, 0.2, -0.1),
	},
	{
		Vector3.new(0.5, 0.2, -0.1),
		Vector3.new(-2, 0.2, 0.1),
		Vector3.new(0.6000000000000001, 0.2, -0.1),
		Vector3.new(-2, 0.30000000000000004, 0),
		Vector3.new(-0.1, 0.30000000000000004, 0.1),
		Vector3.new(-1.3, 0.2, 0.1),
		Vector3.new(0.5, 0.2, 0.1),
		Vector3.new(-0.1, 0.30000000000000004, 0.1),
		Vector3.new(0.6000000000000001, 0.30000000000000004, 0.1),
		Vector3.new(-0.1, 0.30000000000000004, 0.1),
		Vector3.new(0.6000000000000001, 0.2, 0.1),
		Vector3.new(-1.9000000000000001, 0.30000000000000004, 0.1),
		Vector3.new(0.1, 0.2, -0.1),
		Vector3.new(-1.9000000000000001, 0.30000000000000004, 0.1),
		Vector3.new(0.1, 0.2, -0.1),
		Vector3.new(-2.1, 0.30000000000000004, 0.1),
		Vector3.new(0.1, 0.2, -0.1),
		Vector3.new(-0.6000000000000001, 0.1, 0.1),
		Vector3.new(0.2, 0.2, -0.1),
		Vector3.new(-0.6000000000000001, 0.1, 0.1),
		Vector3.new(-1.1, 0.30000000000000004, 0),
		Vector3.new(-0.30000000000000004, 0.2, -0.1),
		Vector3.new(-1.6, 0.30000000000000004, 0.1),
		Vector3.new(-1.1, 0.30000000000000004, 0.1),
		Vector3.new(-1.6, 0.30000000000000004, 0.1),
		Vector3.new(-2.2, 0.30000000000000004, 0.1),
		Vector3.new(-1.6, 0.30000000000000004, 0.1),
		Vector3.new(-0.30000000000000004, 0.2, -0.1),
		Vector3.new(-1.2000000000000002, -0.1, 0.1),
	},
	{
		Vector3.new(-1.2000000000000002, -0.1, 0.1),
		Vector3.new(-0.30000000000000004, 0.2, -0.1),
		Vector3.new(-1.3, -0.2, 0.1),
		Vector3.new(-0.30000000000000004, 0.2, -0.1),
		Vector3.new(-1.1, 0, 0),
		Vector3.new(-0.30000000000000004, 0.2, -0.1),
		Vector3.new(-1.1, 0, 0.1),
		Vector3.new(-1.6, -0.1, 0.1),
		Vector3.new(-0.8, 0.2, -0.1),
		Vector3.new(-1.6, 0, 0.1),
		Vector3.new(-0.8, 0.2, -0.1),
		Vector3.new(-1.2000000000000002, -0.2, 0.1),
		Vector3.new(-0.7000000000000001, 0.2, -0.1),
		Vector3.new(-1.4000000000000001, 0, 0),
		Vector3.new(-0.7000000000000001, 0.2, -0.1),
		Vector3.new(-1.3, 0.2, 0),
		Vector3.new(-1.7000000000000002, 0, 0),
		Vector3.new(-1.2000000000000002, 0.30000000000000004, -0.1),
		Vector3.new(-1.6, -0.1, 0),
		Vector3.new(-1.1, 0.2, 0.1),
		Vector3.new(-1.6, 0.1, 0.1),
		Vector3.new(-1.1, 0.30000000000000004, 0.1),
		Vector3.new(-1.9000000000000001, 0.30000000000000004, -0.1),
		Vector3.new(-0.8, 0, 0),
		Vector3.new(-1.9000000000000001, 0.2, -0.1),
		Vector3.new(-1, 0, 0),
		Vector3.new(-1.9000000000000001, 0.2, -0.1),
		Vector3.new(-0.30000000000000004, 0.30000000000000004, 0),
		Vector3.new(-1, 0.30000000000000004, 0.1),
		Vector3.new(-1.9000000000000001, 0.2, -0.1),
		Vector3.new(-1, 0.30000000000000004, 0.1),
		Vector3.new(-1.6, 0.30000000000000004, 0),
		Vector3.new(-1, 0.30000000000000004, 0.1),
		Vector3.new(-1.9000000000000001, 0.30000000000000004, -0.1),
		Vector3.new(-0.8, 0.30000000000000004, 0.1),
		Vector3.new(-2, 0.2, 0.1),
		Vector3.new(-1.6, 0.30000000000000004, 0),
		Vector3.new(-2.2, 0.30000000000000004, 0.1),
		Vector3.new(-1.6, 0.30000000000000004, 0),
		Vector3.new(-2.2, 0.30000000000000004, 0.1),
		Vector3.new(-1, 0.1, 0.1),
		Vector3.new(-2.1, 0, -0.1),
		Vector3.new(-0.9, 0.1, 0.1),
		Vector3.new(-2.1, 0, -0.1),
		Vector3.new(-0.8, 0.1, 0.1),
		Vector3.new(0.7000000000000001, 0.30000000000000004, 0.1),
	},
	{
		Vector3.new(0.7000000000000001, 0.30000000000000004, 0.1),
		Vector3.new(-0.1, 0.30000000000000004, 0.1),
		Vector3.new(0.7000000000000001, 0.30000000000000004, 0.1),
		Vector3.new(-0.1, 0.30000000000000004, 0.1),
		Vector3.new(0.7000000000000001, 0.2, 0.1),
		Vector3.new(0.1, 0.2, 0.1),
		Vector3.new(0.7000000000000001, 0.2, 0.1),
		Vector3.new(-2, 0, -0.1),
		Vector3.new(0.7000000000000001, 0.2, 0.1),
		Vector3.new(-0.1, 0.2, 0.1),
		Vector3.new(0.7000000000000001, 0.2, 0.1),
		Vector3.new(0.1, 0.2, 0.1),
		Vector3.new(0.7000000000000001, 0.30000000000000004, 0.1),
		Vector3.new(-0.1, 0.30000000000000004, 0.1),
		Vector3.new(-2, 0, -0.1),
		Vector3.new(-0.4, 0.1, 0),
		Vector3.new(-0.8, 0.30000000000000004, 0.1),
		Vector3.new(-1.2000000000000002, -0.1, 0),
		Vector3.new(-0.8, 0.2, 0.1),
		Vector3.new(0.6000000000000001, 0.2, 0.1),
		Vector3.new(-1.2000000000000002, -0.1, 0),
		Vector3.new(0.1, 0.2, 0.1),
		Vector3.new(-1.2000000000000002, -0.1, 0),
		Vector3.new(0.1, 0.2, 0.1),
		Vector3.new(0.7000000000000001, 0.30000000000000004, 0.1),
		Vector3.new(-1.2000000000000002, -0.1, 0),
		Vector3.new(-2, 0, 0.1),
		Vector3.new(-1.2000000000000002, -0.1, 0),
		Vector3.new(-2.1, 0, 0.1),
		Vector3.new(-1.2000000000000002, -0.1, 0),
		Vector3.new(-2, 0, 0.1),
		Vector3.new(-1.2000000000000002, -0.1, 0),
		Vector3.new(-1.9000000000000001, 0.30000000000000004, 0.1),
		Vector3.new(-1.2000000000000002, -0.1, 0),
		Vector3.new(-1.9000000000000001, 0.2, 0.1),
	},
	{
		Vector3.new(-1.9000000000000001, 0.2, 0.1),
		Vector3.new(0.7000000000000001, 0.30000000000000004, 0),
		Vector3.new(-1.9000000000000001, 0.30000000000000004, 0.1),
		Vector3.new(-1.3, 0.30000000000000004, 0.1),
		Vector3.new(-0.1, 0.2, -0.1),
		Vector3.new(-1.2000000000000002, 0.30000000000000004, 0.1),
		Vector3.new(-0.1, 0.2, 0),
		Vector3.new(0.7000000000000001, 0.2, 0),
		Vector3.new(-0.1, 0.2, -0.1),
		Vector3.new(0.7000000000000001, 0.2, 0),
		Vector3.new(-0.1, 0.2, -0.1),
		Vector3.new(-0.8, 0.2, 0.1),
		Vector3.new(0.2, 0.2, 0.1),
		Vector3.new(-0.4, 0.1, 0),
		Vector3.new(0.2, 0.2, 0.1),
		Vector3.new(-0.4, 0.1, -0.1),
		Vector3.new(0.2, 0.2, 0.1),
		Vector3.new(-0.30000000000000004, 0.2, -0.1),
		Vector3.new(0.6000000000000001, 0.2, 0.1),
		Vector3.new(-0.1, 0.30000000000000004, 0.1),
		Vector3.new(0.6000000000000001, 0.30000000000000004, 0.1),
		Vector3.new(-0.1, 0.30000000000000004, 0.1),
		Vector3.new(0.6000000000000001, 0.30000000000000004, 0.1),
		Vector3.new(-0.1, 0.30000000000000004, 0.1),
		Vector3.new(0.6000000000000001, 0.30000000000000004, 0.1),
		Vector3.new(-0.1, 0.30000000000000004, -0.1),
		Vector3.new(0.6000000000000001, 0.2, 0),
		Vector3.new(-0.1, 0.30000000000000004, -0.1),
		Vector3.new(0.6000000000000001, 0.30000000000000004, 0),
		Vector3.new(-0.1, 0.30000000000000004, -0.1),
		Vector3.new(0.7000000000000001, 0.30000000000000004, -0.1),
		Vector3.new(-0.1, 0.30000000000000004, -0.1),
		Vector3.new(0.6000000000000001, 0.30000000000000004, 0),
		Vector3.new(-0.1, 0.30000000000000004, -0.1),
		Vector3.new(0.7000000000000001, 0.30000000000000004, -0.1),
		Vector3.new(-0.2, 0.1, 0),
		Vector3.new(0.7000000000000001, 0.30000000000000004, -0.1),
		Vector3.new(-0.1, 0.30000000000000004, -0.1),
		Vector3.new(0.7000000000000001, 0.30000000000000004, 0),
		Vector3.new(-0.30000000000000004, 0.30000000000000004, 0),
		Vector3.new(0.7000000000000001, 0.30000000000000004, 0),
		Vector3.new(-0.1, 0.30000000000000004, -0.1),
		Vector3.new(0.7000000000000001, 0.30000000000000004, -0.1),
	},
	{
		Vector3.new(0.7000000000000001, 0.30000000000000004, -0.1),
		Vector3.new(-0.1, 0.30000000000000004, 0),
		Vector3.new(0.7000000000000001, 0.30000000000000004, -0.1),
		Vector3.new(-0.1, 0.30000000000000004, 0),
		Vector3.new(0.7000000000000001, 0.30000000000000004, 0),
		Vector3.new(-0.1, 0.30000000000000004, 0),
		Vector3.new(0.7000000000000001, 0.30000000000000004, 0),
		Vector3.new(-0.1, 0.30000000000000004, 0),
		Vector3.new(0.7000000000000001, 0.30000000000000004, 0),
		Vector3.new(-0.30000000000000004, 0.30000000000000004, 0),
		Vector3.new(0.7000000000000001, 0.2, -0.1),
		Vector3.new(0.1, 0.2, -0.1),
		Vector3.new(0.7000000000000001, 0.2, -0.1),
		Vector3.new(-0.4, 0.1, 0),
		Vector3.new(0.7000000000000001, 0.30000000000000004, -0.1),
		Vector3.new(-0.4, 0.30000000000000004, 0),
		Vector3.new(0.7000000000000001, 0.30000000000000004, -0.1),
		Vector3.new(-0.4, 0.30000000000000004, 0),
		Vector3.new(0.7000000000000001, 0.30000000000000004, 0),
		Vector3.new(-0.1, 0.2, -0.1),
		Vector3.new(0.7000000000000001, 0.2, 0),
		Vector3.new(-0.1, 0.30000000000000004, -0.1),
		Vector3.new(0.6000000000000001, 0.30000000000000004, -0.1),
		Vector3.new(-0.1, 0.30000000000000004, -0.1),
		Vector3.new(0.6000000000000001, 0.30000000000000004, -0.1),
		Vector3.new(-0.1, 0.30000000000000004, -0.1),
		Vector3.new(0.6000000000000001, 0.30000000000000004, -0.1),
		Vector3.new(-0.1, 0.30000000000000004, -0.1),
		Vector3.new(0.7000000000000001, 0.30000000000000004, -0.1),
		Vector3.new(-0.1, 0.30000000000000004, -0.1),
		Vector3.new(0.7000000000000001, 0.30000000000000004, -0.1),
		Vector3.new(-0.1, 0.2, 0),
		Vector3.new(0.6000000000000001, 0.30000000000000004, -0.1),
		Vector3.new(-0.1, 0.30000000000000004, -0.1),
		Vector3.new(0.6000000000000001, 0.30000000000000004, -0.1),
		Vector3.new(-0.1, 0.30000000000000004, -0.1),
		Vector3.new(0.6000000000000001, 0.30000000000000004, -0.1),
		Vector3.new(-0.1, 0.30000000000000004, -0.1),
		Vector3.new(0.7000000000000001, 0.30000000000000004, 0),
		Vector3.new(-0.1, 0.30000000000000004, -0.1),
		Vector3.new(0.6000000000000001, 0.30000000000000004, -0.1),
		Vector3.new(-0.1, 0.30000000000000004, -0.1),
		Vector3.new(0.6000000000000001, 0.30000000000000004, -0.1),
		Vector3.new(-0.1, 0.30000000000000004, -0.1),
		Vector3.new(0.6000000000000001, 0.30000000000000004, -0.1),
		Vector3.new(-0.1, 0.30000000000000004, -0.1),
	},
	{
		Vector3.new(-0.1, 0.30000000000000004, -0.1),
		Vector3.new(-2, 0.30000000000000004, -0.1),
		Vector3.new(0.6000000000000001, 0.2, -0.1),
		Vector3.new(-2.2, 0.30000000000000004, 0),
		Vector3.new(0.2, 0.2, -0.1),
		Vector3.new(-2, 0.2, 0),
		Vector3.new(0.5, 0.2, -0.1),
		Vector3.new(-2, 0.30000000000000004, 0),
		Vector3.new(-1.1, 0.2, -0.1),
		Vector3.new(0.7000000000000001, 0.30000000000000004, 0),
		Vector3.new(-1.2000000000000002, 0.2, -0.1),
		Vector3.new(0.1, 0.2, -0.1),
		Vector3.new(-0.8, 0.30000000000000004, -0.1),
		Vector3.new(0.6000000000000001, 0.2, -0.1),
		Vector3.new(-0.1, 0.30000000000000004, -0.1),
		Vector3.new(-0.8, 0.1, 0),
		Vector3.new(-1.9000000000000001, 0.30000000000000004, -0.1),
		Vector3.new(-0.9, 0.1, -0.1),
		Vector3.new(-1.9000000000000001, 0.30000000000000004, -0.1),
		Vector3.new(-0.6000000000000001, 0.1, -0.1),
		Vector3.new(-1, 0.30000000000000004, -0.1),
		Vector3.new(-0.5, 0.1, -0.1),
		Vector3.new(-1, 0.30000000000000004, -0.1),
		Vector3.new(-0.4, 0.1, 0),
		Vector3.new(-1, 0.1, -0.1),
		Vector3.new(-1.6, 0.30000000000000004, -0.1),
		Vector3.new(-2.2, 0.30000000000000004, -0.1),
		Vector3.new(-1.6, 0.30000000000000004, -0.1),
		Vector3.new(-2.2, 0.30000000000000004, -0.1),
		Vector3.new(-1.6, 0.30000000000000004, -0.1),
		Vector3.new(-2.2, 0.30000000000000004, -0.1),
	},
	{
		Vector3.new(-2.2, 0.30000000000000004, -0.1),
		Vector3.new(-1.6, 0.30000000000000004, -0.1),
		Vector3.new(-2.2, 0.30000000000000004, 0),
		Vector3.new(-1.3, 0.30000000000000004, 0),
		Vector3.new(-1.2000000000000002, -0.2, -0.1),
		Vector3.new(-2.2, 0.30000000000000004, 0.1),
		Vector3.new(-1.6, 0.30000000000000004, 0),
		Vector3.new(-2.2, 0.30000000000000004, 0.1),
		Vector3.new(-1.3, -0.2, -0.1),
		Vector3.new(-1.6, 0.30000000000000004, 0),
		Vector3.new(-1.2000000000000002, -0.2, -0.1),
		Vector3.new(-2, 0.2, -0.1),
		Vector3.new(-1.2000000000000002, -0.2, 0),
		Vector3.new(-1.1, 0.30000000000000004, 0),
		Vector3.new(-1.4000000000000001, -0.2, -0.1),
		Vector3.new(-1.6, 0.30000000000000004, 0),
		Vector3.new(-1, 0.30000000000000004, -0.1),
		Vector3.new(-1.5, 0.1, -0.1),
		Vector3.new(-0.30000000000000004, 0.30000000000000004, 0),
		Vector3.new(-1.6, -0.1, -0.1),
		Vector3.new(-0.8, 0.30000000000000004, -0.1),
		Vector3.new(-1.2000000000000002, -0.2, 0),
		Vector3.new(-2.2, 0, -0.1),
		Vector3.new(-1.6, -0.1, 0),
		Vector3.new(-1, 0, 0),
		Vector3.new(-1.5, 0.2, -0.1),
		Vector3.new(-1, 0, 0),
		Vector3.new(-1.6, -0.1, -0.1),
		Vector3.new(-1.1, 0, 0),
		Vector3.new(-1.6, 0.1, -0.1),
		Vector3.new(-1, 0, 0),
		Vector3.new(-1.6, 0.1, -0.1),
		Vector3.new(-1, 0, 0),
		Vector3.new(-1.5, 0.2, -0.1),
		Vector3.new(-1, 0, 0),
		Vector3.new(-1.6, 0.30000000000000004, -0.1),
		Vector3.new(-0.8, 0, 0),
		Vector3.new(-1.3, 0.30000000000000004, -0.1),
		Vector3.new(-0.8, 0, 0),
		Vector3.new(-0.1, 0.30000000000000004, 0),
		Vector3.new(-1.9000000000000001, 0.2, -0.1),
		Vector3.new(-0.8, 0, 0),
		Vector3.new(-2, 0, -0.1),
		Vector3.new(-0.8, 0, 0),
		Vector3.new(-2.2, 0.2, -0.1),
		Vector3.new(-0.8, 0.1, 0),
		Vector3.new(-2, 0, -0.1),
		Vector3.new(-0.8, 0.1, -0.1),
	},
	{
		Vector3.new(-0.8, 0.1, -0.1),
		Vector3.new(-1.9000000000000001, 0.2, -0.1),
		Vector3.new(-0.8, 0.1, -0.1),
		Vector3.new(-1.7000000000000002, 0, -0.1),
		Vector3.new(-1, 0.1, -0.1),
		Vector3.new(-2.2, 0.30000000000000004, -0.1),
		Vector3.new(-1.1, 0.30000000000000004, -0.1),
		Vector3.new(-2.2, 0, 0),
		Vector3.new(-0.9, 0.30000000000000004, -0.1),
		Vector3.new(-1.5, 0.2, -0.1),
		Vector3.new(-0.9, 0.1, -0.1),
		Vector3.new(0.7000000000000001, 0.30000000000000004, 0),
		Vector3.new(-1.6, 0.30000000000000004, -0.1),
		Vector3.new(-0.1, 0.2, 0),
		Vector3.new(0.7000000000000001, 0.2, -0.1),
		Vector3.new(0.1, 0.2, -0.1),
		Vector3.new(-1.1, 0.2, -0.1),
		Vector3.new(0.6000000000000001, 0.2, -0.1),
		Vector3.new(-1.3, 0.2, -0.1),
		Vector3.new(-0.2, 0.1, -0.1),
		Vector3.new(-0.8, 0.1, -0.1),
		Vector3.new(-1.6, 0.1, -0.1),
		Vector3.new(-0.8, 0.1, 0),
		Vector3.new(-0.1, 0.2, -0.1),
		Vector3.new(0.7000000000000001, 0.30000000000000004, 0),
		Vector3.new(-1.6, 0.2, -0.1),
		Vector3.new(-2.1, 0, -0.1),
		Vector3.new(-1.3, 0.2, -0.1),
		Vector3.new(-2, 0, -0.1),
		Vector3.new(-1.5, 0, 0),
		Vector3.new(-2, 0, -0.1),
		Vector3.new(-1, 0.1, -0.1),
		Vector3.new(-1.9000000000000001, 0.2, -0.1),
		Vector3.new(-1.3, 0.30000000000000004, -0.1),
		Vector3.new(-0.7000000000000001, 0.2, -0.1),
		Vector3.new(-1.4000000000000001, -0.2, -0.1),
		Vector3.new(-0.8, 0.2, -0.1),
		Vector3.new(-1.4000000000000001, -0.2, 0),
		Vector3.new(-0.7000000000000001, 0.2, -0.1),
	},
	{
		Vector3.new(-0.7000000000000001, 0.2, -0.1),
		Vector3.new(-1.3, -0.2, 0),
		Vector3.new(-0.30000000000000004, 0.2, -0.1),
		Vector3.new(-1.2000000000000002, -0.2, 0),
		Vector3.new(0.1, 0.2, -0.1),
		Vector3.new(-1.1, 0, -0.1),
		Vector3.new(0.2, 0.2, -0.1),
		Vector3.new(-1.5, -0.2, -0.1),
		Vector3.new(0.5, 0.2, -0.1),
		Vector3.new(-2, 0.2, 0),
		Vector3.new(-1.1, -0.2, 0),
		Vector3.new(-2, 0.2, 0),
		Vector3.new(-0.1, 0.30000000000000004, -0.1),
		Vector3.new(0.6000000000000001, 0.30000000000000004, -0.1),
		Vector3.new(-0.1, 0.30000000000000004, -0.1),
		Vector3.new(0.6000000000000001, 0.30000000000000004, -0.1),
		Vector3.new(-0.1, 0.30000000000000004, -0.1),
		Vector3.new(-1, 0.1, 0),
		Vector3.new(0.6000000000000001, 0.30000000000000004, -0.1),
		Vector3.new(-1.1, -0.1, 0),
		Vector3.new(0.6000000000000001, 0.30000000000000004, -0.1),
		Vector3.new(-1.1, -0.1, 0),
		Vector3.new(0.6000000000000001, 0.2, 0),
		Vector3.new(-0.1, 0.30000000000000004, -0.1),
		Vector3.new(-1, 0.1, 0),
		Vector3.new(-0.1, 0.2, -0.1),
		Vector3.new(-1.1, 0, 0),
		Vector3.new(-2.1, -0.1, 0),
		Vector3.new(-1.6, -0.1, -0.1),
		Vector3.new(-2.1, -0.1, 0),
		Vector3.new(-1.6, 0, -0.1),
		Vector3.new(-2.1, 0, 0),
		Vector3.new(-1, 0, 0),
	},
	{
		Vector3.new(-1, 0, 0),
		Vector3.new(-2.1, -0.1, 0),
		Vector3.new(-1.1, 0, 0),
		Vector3.new(-2.1, -0.1, 0),
		Vector3.new(-0.9, 0.30000000000000004, 0),
		Vector3.new(-1.4000000000000001, 0, 0),
		Vector3.new(-0.8, 0.30000000000000004, 0.1),
		Vector3.new(-1.3, 0.2, 0),
		Vector3.new(-0.8, 0.30000000000000004, -0.1),
		Vector3.new(-1.3, 0.2, 0),
		Vector3.new(-0.7000000000000001, 0.30000000000000004, -0.1),
		Vector3.new(-1.4000000000000001, 0, 0),
		Vector3.new(-0.7000000000000001, 0.30000000000000004, -0.1),
		Vector3.new(-1.3, 0.2, 0),
		Vector3.new(-0.7000000000000001, 0.30000000000000004, -0.1),
		Vector3.new(-0.2, 0.1, 0),
		Vector3.new(-1.2000000000000002, 0.1, 0),
		Vector3.new(-0.1, 0.2, 0),
		Vector3.new(0.7000000000000001, 0.30000000000000004, 0),
		Vector3.new(-1.2000000000000002, 0.1, 0),
		Vector3.new(0.6000000000000001, 0.2, 0),
		Vector3.new(-1.2000000000000002, 0, 0),
		Vector3.new(0.6000000000000001, 0.2, 0),
		Vector3.new(-1.2000000000000002, -0.2, 0),
		Vector3.new(-0.1, 0.2, 0),
		Vector3.new(0.7000000000000001, 0.2, 0),
		Vector3.new(-0.1, 0.2, 0),
		Vector3.new(0.6000000000000001, 0.2, 0),
		Vector3.new(-0.1, 0.2, 0),
		Vector3.new(-1.3, 0, 0),
		Vector3.new(-0.2, 0.2, 0),
		Vector3.new(-1.4000000000000001, 0.1, 0),
		Vector3.new(-0.1, 0.2, 0),
		Vector3.new(0.7000000000000001, 0.2, 0),
		Vector3.new(-0.1, 0.2, 0),
		Vector3.new(0.7000000000000001, 0.2, 0),
		Vector3.new(-1.5, 0.1, 0),
	},
	{
		Vector3.new(-1.5, 0.1, 0),
		Vector3.new(0.7000000000000001, 0.30000000000000004, 0),
		Vector3.new(-0.4, 0.1, 0),
		Vector3.new(-1.6, 0.1, -0.1),
		Vector3.new(0.7000000000000001, 0.30000000000000004, 0),
		Vector3.new(-0.1, 0.30000000000000004, 0),
		Vector3.new(0.7000000000000001, 0.30000000000000004, 0),
		Vector3.new(-0.4, 0.1, 0),
		Vector3.new(-1.2000000000000002, 0.1, 0),
		Vector3.new(-0.1, 0.2, 0.1),
		Vector3.new(0.7000000000000001, 0.2, 0.1),
		Vector3.new(-1.2000000000000002, 0.1, 0),
		Vector3.new(0.6000000000000001, 0.2, 0.1),
		Vector3.new(-0.1, 0.30000000000000004, 0.1),
		Vector3.new(0.7000000000000001, 0.2, 0.1),
		Vector3.new(-1.2000000000000002, 0, 0),
		Vector3.new(-0.1, 0.30000000000000004, 0.1),
		Vector3.new(0.6000000000000001, 0.30000000000000004, 0.1),
		Vector3.new(-0.1, 0.30000000000000004, 0.1),
		Vector3.new(0.6000000000000001, 0.30000000000000004, 0.1),
		Vector3.new(-0.1, 0.30000000000000004, 0.1),
		Vector3.new(-1.3, 0, 0),
		Vector3.new(-0.1, 0.30000000000000004, 0.1),
		Vector3.new(-1.2000000000000002, 0.1, 0.1),
		Vector3.new(-2, 0.30000000000000004, 0.1),
		Vector3.new(-1.4000000000000001, 0, 0),
		Vector3.new(-2, 0.2, 0.1),
		Vector3.new(-1.4000000000000001, 0, 0),
		Vector3.new(-2.2, 0.2, 0.1),
		Vector3.new(-1.5, 0, 0),
		Vector3.new(-2.2, 0.30000000000000004, 0),
		Vector3.new(-1.3, 0.2, 0.1),
		Vector3.new(0.6000000000000001, 0.2, 0.1),
		Vector3.new(-1.6, 0.30000000000000004, 0.1),
	},
	{
		Vector3.new(-1.6, 0.30000000000000004, 0.1),
		Vector3.new(-2.2, 0, 0.1),
		Vector3.new(-0.6000000000000001, 0.1, 0.1),
		Vector3.new(-1.2000000000000002, -0.2, 0),
		Vector3.new(-0.6000000000000001, 0.1, 0.1),
		Vector3.new(-1.1, -0.1, 0),
		Vector3.new(-0.7000000000000001, 0.1, 0.1),
		Vector3.new(-1.1, -0.1, 0),
		Vector3.new(-0.4, 0.30000000000000004, 0.1),
		Vector3.new(-1.1, 0.30000000000000004, 0),
		Vector3.new(-1.6, 0.30000000000000004, 0.1),
		Vector3.new(-1.1, 0, 0),
		Vector3.new(-1.6, 0.30000000000000004, 0.1),
		Vector3.new(-2.2, 0.30000000000000004, 0.1),
		Vector3.new(-1.6, 0.30000000000000004, 0.1),
		Vector3.new(-1.1, 0.30000000000000004, 0),
		Vector3.new(-1.2000000000000002, -0.2, 0),
		Vector3.new(-1.3, 0.30000000000000004, 0),
		Vector3.new(-2.2, 0.30000000000000004, -0.1),
		Vector3.new(-1.6, 0.30000000000000004, -0.1),
		Vector3.new(-2.2, 0.30000000000000004, -0.1),
		Vector3.new(-1.4000000000000001, 0.2, 0.1),
		Vector3.new(0.7000000000000001, 0.30000000000000004, 0),
		Vector3.new(-0.1, 0.30000000000000004, 0),
		Vector3.new(0.7000000000000001, 0.30000000000000004, 0),
		Vector3.new(-1.4000000000000001, 0, 0),
		Vector3.new(-0.1, 0.30000000000000004, 0),
		Vector3.new(-1.2000000000000002, 0.1, 0),
		Vector3.new(-0.1, 0.30000000000000004, 0),
		Vector3.new(-1.2000000000000002, 0.1, 0),
		Vector3.new(-0.1, 0.30000000000000004, 0),
		Vector3.new(-1.4000000000000001, 0.2, 0),
		Vector3.new(-0.1, 0.30000000000000004, 0),
		Vector3.new(0.7000000000000001, 0.30000000000000004, 0.1),
		Vector3.new(-0.1, 0.30000000000000004, 0.1),
		Vector3.new(0.7000000000000001, 0.30000000000000004, 0),
		Vector3.new(-1.3, 0.2, 0),
		Vector3.new(-0.7000000000000001, 0.1, -0.1),
		Vector3.new(-1.7000000000000002, 0, 0.1),
		Vector3.new(-0.8, 0.30000000000000004, -0.1),
		Vector3.new(-1.4000000000000001, 0.2, 0.1),
		Vector3.new(-0.8, 0.2, -0.1),
		Vector3.new(-1.1, -0.2, 0),
		Vector3.new(-0.7000000000000001, 0.2, -0.1),
	},
	{
		Vector3.new(-0.7000000000000001, 0.2, -0.1),
		Vector3.new(-1.5, -0.2, 0.1),
		Vector3.new(-0.8, 0.1, -0.1),
		Vector3.new(-1.3, -0.2, 0.1),
		Vector3.new(-0.30000000000000004, 0.30000000000000004, 0),
		Vector3.new(-1, 0.1, 0.1),
		Vector3.new(-0.4, 0.1, -0.1),
		Vector3.new(-1.5, 0.2, 0.1),
		Vector3.new(-0.7000000000000001, 0.30000000000000004, -0.1),
		Vector3.new(-1.6, 0.30000000000000004, 0.1),
		Vector3.new(-0.4, 0.1, -0.1),
		Vector3.new(-1, 0.1, 0),
		Vector3.new(-0.4, 0.30000000000000004, 0),
		Vector3.new(-0.8, 0, 0),
		Vector3.new(-2, 0.2, 0.1),
		Vector3.new(-1, 0.1, 0.1),
		Vector3.new(-2.2, 0.30000000000000004, 0),
		Vector3.new(-0.9, 0.1, 0.1),
		Vector3.new(0.7000000000000001, 0.30000000000000004, 0.1),
		Vector3.new(-0.1, 0.2, 0.1),
		Vector3.new(-0.6000000000000001, 0.1, -0.1),
		Vector3.new(-0.1, 0.30000000000000004, 0.1),
		Vector3.new(0.7000000000000001, 0.30000000000000004, 0.1),
		Vector3.new(-0.1, 0.30000000000000004, 0.1),
		Vector3.new(0.7000000000000001, 0.30000000000000004, 0.1),
		Vector3.new(-0.6000000000000001, 0.1, -0.1),
		Vector3.new(0.7000000000000001, 0.2, 0.1),
		Vector3.new(-0.5, 0.1, -0.1),
		Vector3.new(0.6000000000000001, 0.2, 0.1),
		Vector3.new(-0.6000000000000001, 0.1, -0.1),
		Vector3.new(0.6000000000000001, 0.2, 0.1),
		Vector3.new(-0.1, 0.30000000000000004, 0.1),
		Vector3.new(0.7000000000000001, 0.30000000000000004, 0.1),
		Vector3.new(-0.1, 0.30000000000000004, 0.1),
		Vector3.new(-0.5, 0.1, 0.1),
		Vector3.new(-0.1, 0.30000000000000004, 0.1),
		Vector3.new(-0.6000000000000001, 0.1, -0.1),
		Vector3.new(0.7000000000000001, 0.2, 0),
		Vector3.new(-0.1, 0.2, 0.1),
		Vector3.new(0.7000000000000001, 0.2, 0.1),
		Vector3.new(-0.1, 0.2, 0),
		Vector3.new(0.7000000000000001, 0.2, 0),
	},
	{
		Vector3.new(0.7000000000000001, 0.2, 0),
		Vector3.new(-0.1, 0.2, 0),
		Vector3.new(-2, 0, -0.1),
		Vector3.new(-0.1, 0.2, 0.1),
		Vector3.new(0.7000000000000001, 0.30000000000000004, 0.1),
		Vector3.new(-1.2000000000000002, -0.1, 0),
		Vector3.new(-1.9000000000000001, 0.30000000000000004, -0.1),
		Vector3.new(-1.2000000000000002, -0.1, 0),
		Vector3.new(0.1, 0.2, -0.1),
		Vector3.new(-1.2000000000000002, -0.1, 0.1),
		Vector3.new(-2, 0, 0.1),
		Vector3.new(-1.2000000000000002, 0.2, -0.1),
		Vector3.new(-2.1, 0, 0.1),
		Vector3.new(-1.3, 0.2, -0.1),
		Vector3.new(-2, 0, 0.1),
		Vector3.new(-1.1, 0.2, -0.1),
		Vector3.new(-1.9000000000000001, 0.2, 0.1),
		Vector3.new(-1.2000000000000002, 0.2, 0.1),
		Vector3.new(-2, 0.2, -0.1),
		Vector3.new(-1.3, 0.30000000000000004, 0.1),
		Vector3.new(-2, 0.2, 0),
		Vector3.new(-1.3, 0.2, 0.1),
		Vector3.new(-2, 0.2, 0),
		Vector3.new(-1.2000000000000002, 0.30000000000000004, 0.1),
		Vector3.new(-2.2, 0.2, -0.1),
		Vector3.new(-0.8, 0.2, 0.1),
		Vector3.new(-2, 0.2, 0),
		Vector3.new(-0.8, 0.2, 0.1),
		Vector3.new(-2, 0.2, -0.1),
		Vector3.new(-0.8, 0.2, 0.1),
		Vector3.new(-2, 0.30000000000000004, 0),
		Vector3.new(-0.30000000000000004, 0.2, 0.1),
		Vector3.new(-2, 0.30000000000000004, -0.1),
		Vector3.new(-0.30000000000000004, 0.2, 0.1),
	},
	{
		Vector3.new(-0.30000000000000004, 0.2, 0.1),
		Vector3.new(-1.3, 0, -0.1),
		Vector3.new(0.1, 0.2, 0.1),
		Vector3.new(-1.3, -0.1, -0.1),
		Vector3.new(0.2, 0.2, 0.1),
		Vector3.new(-1.2000000000000002, 0, -0.1),
		Vector3.new(0.5, 0.2, 0.1),
		Vector3.new(-1.3, 0, -0.1),
		Vector3.new(0.6000000000000001, 0.2, 0.1),
		Vector3.new(-1.2000000000000002, 0.1, -0.1),
		Vector3.new(-2, 0.2, 0),
		Vector3.new(-1.2000000000000002, 0, -0.1),
		Vector3.new(-2, 0.2, 0),
		Vector3.new(-1.2000000000000002, -0.1, -0.1),
		Vector3.new(-2, 0.2, 0),
		Vector3.new(-1.2000000000000002, -0.1, -0.1),
		Vector3.new(-0.1, 0.30000000000000004, 0.1),
		Vector3.new(0.6000000000000001, 0.30000000000000004, 0.1),
		Vector3.new(-0.1, 0.30000000000000004, 0.1),
		Vector3.new(0.6000000000000001, 0.2, 0),
		Vector3.new(-1.2000000000000002, -0.1, -0.1),
		Vector3.new(0.6000000000000001, 0.2, 0),
		Vector3.new(-1.1, 0, -0.1),
		Vector3.new(0.7000000000000001, 0.30000000000000004, 0),
		Vector3.new(-0.2, 0.1, 0),
		Vector3.new(0.7000000000000001, 0.2, 0),
		Vector3.new(-0.1, 0.2, 0),
		Vector3.new(-1.1, 0, -0.1),
		Vector3.new(0.7000000000000001, 0.30000000000000004, 0),
		Vector3.new(-1.2000000000000002, 0.1, -0.1),
	},
	{
		Vector3.new(-1.2000000000000002, 0.1, -0.1),
		Vector3.new(0.7000000000000001, 0.30000000000000004, 0),
		Vector3.new(-1.2000000000000002, 0.2, -0.1),
		Vector3.new(0.7000000000000001, 0.30000000000000004, 0),
		Vector3.new(-1.1, 0.1, -0.1),
		Vector3.new(0.7000000000000001, 0.30000000000000004, 0),
		Vector3.new(-1.1, 0.2, -0.1),
		Vector3.new(0.7000000000000001, 0.2, 0),
		Vector3.new(-0.1, 0.2, 0),
		Vector3.new(0.6000000000000001, 0.2, 0),
		Vector3.new(-0.1, 0.2, 0),
		Vector3.new(0.7000000000000001, 0.2, 0),
		Vector3.new(-1.2000000000000002, 0.1, -0.1),
		Vector3.new(0.7000000000000001, 0.2, 0),
		Vector3.new(-0.1, 0.2, 0),
		Vector3.new(0.7000000000000001, 0.2, 0),
		Vector3.new(-0.1, 0.2, 0),
		Vector3.new(0.6000000000000001, 0.2, 0),
		Vector3.new(-0.1, 0.2, 0),
		Vector3.new(0.6000000000000001, 0.2, 0),
		Vector3.new(-0.2, 0.1, 0),
		Vector3.new(0.7000000000000001, 0.30000000000000004, 0),
		Vector3.new(-0.2, 0.1, 0),
		Vector3.new(0.7000000000000001, 0.30000000000000004, 0),
		Vector3.new(-0.30000000000000004, 0.30000000000000004, -0.1),
		Vector3.new(0.6000000000000001, 0.30000000000000004, 0),
		Vector3.new(-0.4, 0.30000000000000004, 0),
		Vector3.new(0.7000000000000001, 0.2, 0),
		Vector3.new(-2, -0.1, 0),
		Vector3.new(-2.4000000000000004, 0.30000000000000004, -0.1),
		Vector3.new(-1.9000000000000001, -0.1, 0.1),
		Vector3.new(-2.3000000000000003, 0.1, 0.1),
		Vector3.new(-1.9000000000000001, -0.1, -0.1),
		Vector3.new(-2.3000000000000003, 0.30000000000000004, 0),
	},
	{
		Vector3.new(-2.3000000000000003, 0.30000000000000004, 0),
		Vector3.new(-1.9000000000000001, -0.1, 0),
		Vector3.new(-2.3000000000000003, 0.1, -0.1),
		Vector3.new(-1.9000000000000001, -0.1, 0),
		Vector3.new(-2.3000000000000003, 0.30000000000000004, 0),
		Vector3.new(-2.4000000000000004, -0.2, 0),
		Vector3.new(-2, 0.30000000000000004, -0.1),
		Vector3.new(-1.5, 0.30000000000000004, 0),
		Vector3.new(-2, -0.1, 0),
		Vector3.new(-1.6, 0.30000000000000004, 0),
		Vector3.new(-2, -0.2, 0),
		Vector3.new(-2.1, 0.30000000000000004, -0.1),
		Vector3.new(-1.9000000000000001, -0.2, -0.1),
		Vector3.new(-1.6, 0.30000000000000004, -0.1),
		Vector3.new(-1.9000000000000001, -0.2, 0),
		Vector3.new(-1.6, 0.30000000000000004, -0.1),
		Vector3.new(-1.9000000000000001, -0.2, 0.1),
		Vector3.new(-1.5, 0.30000000000000004, 0),
		Vector3.new(-2, -0.2, 0),
		Vector3.new(-1.5, 0.30000000000000004, 0.1),
		Vector3.new(-2, -0.1, 0.1),
		Vector3.new(-1.6, 0.30000000000000004, -0.1),
		Vector3.new(-2, -0.1, 0),
		Vector3.new(-2.1, 0.4, 0),
		Vector3.new(-1.5, 0.30000000000000004, 0),
		Vector3.new(-1.9000000000000001, -0.1, 0),
		Vector3.new(-1.5, 0.4, 0),
		Vector3.new(-2.1, 0.30000000000000004, 0.1),
		Vector3.new(-2, -0.2, 0),
		Vector3.new(-1.5, 0.30000000000000004, 0),
		Vector3.new(-2, -0.1, -0.1),
		Vector3.new(-1.5, 0.30000000000000004, 0),
		Vector3.new(-1.9000000000000001, -0.1, -0.1),
		Vector3.new(-2.1, 0.30000000000000004, 0.1),
		Vector3.new(-1.6, 0.4, 0),
		Vector3.new(-1.9000000000000001, -0.2, 0),
		Vector3.new(-1.6, 0.30000000000000004, 0),
		Vector3.new(-1.9000000000000001, -0.2, -0.1),
		Vector3.new(-2, 0.30000000000000004, 0.1),
		Vector3.new(-2, -0.2, -0.1),
		Vector3.new(-2.1, 0.4, 0),
		Vector3.new(-1.9000000000000001, -0.2, 0),
		Vector3.new(-0.9, 0.30000000000000004, 0.1),
		Vector3.new(-1.9000000000000001, -0.2, 0),
		Vector3.new(-2.4000000000000004, 0.30000000000000004, -0.1),
		Vector3.new(-2, -0.2, 0.1),
		Vector3.new(-2.3000000000000003, 0.30000000000000004, 0),
		Vector3.new(-2.4000000000000004, -0.2, 0),
		Vector3.new(-2.3000000000000003, 0.30000000000000004, 0),
		Vector3.new(-2, -0.2, 0.1),
		Vector3.new(-2.3000000000000003, 0.30000000000000004, 0),
		Vector3.new(-2.4000000000000004, -0.2, 0),
		Vector3.new(-2.3000000000000003, 0.30000000000000004, 0),
		Vector3.new(-2, -0.2, 0),
		Vector3.new(-2.3000000000000003, 0.30000000000000004, -0.1),
		Vector3.new(-1.9000000000000001, -0.2, 0),
		Vector3.new(-2.3000000000000003, 0.30000000000000004, 0.1),
		Vector3.new(-1.9000000000000001, -0.2, 0),
		Vector3.new(-2.3000000000000003, 0.30000000000000004, 0),
		Vector3.new(-2.4000000000000004, -0.2, 0),
		Vector3.new(-2, 0.30000000000000004, 0),
		Vector3.new(-2, -0.2, 0),
		Vector3.new(-1.5, 0.30000000000000004, 0),
		Vector3.new(-2.1, 0.30000000000000004, -0.1),
		Vector3.new(-1.9000000000000001, -0.2, 0),
	},
	{
		Vector3.new(-1.9000000000000001, -0.2, 0),
		Vector3.new(-1.6, 0.30000000000000004, -0.1),
		Vector3.new(-2, -0.2, 0),
		Vector3.new(-1.6, 0.30000000000000004, 0),
		Vector3.new(-1.9000000000000001, -0.2, 0),
		Vector3.new(-1.5, 0.30000000000000004, 0.1),
		Vector3.new(-1.9000000000000001, -0.2, 0),
		Vector3.new(-1.6, 0.30000000000000004, -0.1),
		Vector3.new(-2, -0.2, 0),
		Vector3.new(-1.5, 0.30000000000000004, 0),
		Vector3.new(-2, -0.2, 0),
		Vector3.new(-1.6, 0.30000000000000004, 0),
		Vector3.new(-2.1, 0.30000000000000004, 0),
		Vector3.new(-1.9000000000000001, -0.2, 0),
		Vector3.new(-2.1, 0.4, 0),
		Vector3.new(-1.5, 0.30000000000000004, 0),
		Vector3.new(-1.9000000000000001, -0.2, 0),
		Vector3.new(-1.6, 0.4, 0),
		Vector3.new(-2.1, 0.4, 0),
		Vector3.new(-0.9, 0.30000000000000004, 0),
		Vector3.new(-1.5, 0.30000000000000004, 0),
		Vector3.new(-2.1, 0.30000000000000004, 0.1),
		Vector3.new(-0.8, 0.4, 0.1),
		Vector3.new(-2.1, 0.30000000000000004, -0.1),
		Vector3.new(-1.6, 0.4, 0),
		Vector3.new(-0.8, 0.30000000000000004, 0.1),
		Vector3.new(-2.1, 0.30000000000000004, 0),
		Vector3.new(-1.5, 0.4, 0),
		Vector3.new(-0.9, 0.4, 0),
		Vector3.new(-2.1, 0.30000000000000004, -0.1),
		Vector3.new(-0.8, 0.30000000000000004, 0),
		Vector3.new(-1.5, 0.30000000000000004, 0),
		Vector3.new(-0.8, 0.30000000000000004, 0.1),
		Vector3.new(-1.6, 0.30000000000000004, 0),
		Vector3.new(-0.9, 0.4, 0),
		Vector3.new(-1.9000000000000001, 0.30000000000000004, 0),
		Vector3.new(-0.9, 0.4, 0),
		Vector3.new(-1.6, 0.30000000000000004, -0.1),
		Vector3.new(-0.8, 0.4, 0.1),
		Vector3.new(-2, 0.30000000000000004, -0.1),
		Vector3.new(-0.9, 0.30000000000000004, 0.1),
		Vector3.new(-2.1, 0.30000000000000004, 0),
		Vector3.new(-0.9, 0.30000000000000004, 0),
		Vector3.new(-1.5, 0.30000000000000004, 0),
		Vector3.new(-2.1, 0.30000000000000004, 0),
		Vector3.new(-0.9, 0.4, 0.1),
		Vector3.new(-2.1, 0.30000000000000004, -0.1),
	},
	{
		Vector3.new(-2.1, 0.30000000000000004, -0.1),
		Vector3.new(-0.9, 0.30000000000000004, 0.1),
		Vector3.new(-2, 0.30000000000000004, 0),
		Vector3.new(-0.2, 0.4, 0),
		Vector3.new(-2.3000000000000003, 0.30000000000000004, -0.1),
		Vector3.new(-0.4, 0.4, 0),
		Vector3.new(-2.3000000000000003, -0.1, -0.1),
		Vector3.new(-0.6000000000000001, 0.4, 0),
		Vector3.new(-2.3000000000000003, 0.30000000000000004, 0.1),
		Vector3.new(-0.8, 0.4, 0),
		Vector3.new(-2.1, 0.30000000000000004, -0.1),
		Vector3.new(-0.2, 0.4, 0),
		Vector3.new(-2.1, 0.30000000000000004, -0.1),
		Vector3.new(-0.2, 0.4, 0),
		Vector3.new(-0.9, 0.4, 0),
		Vector3.new(-0.2, 0.4, 0),
		Vector3.new(-0.9, 0.4, 0),
		Vector3.new(-0.1, 0.4, 0),
		Vector3.new(-2.1, 0.30000000000000004, 0.1),
		Vector3.new(-0.1, 0.4, 0),
		Vector3.new(-2.1, -0.1, 0),
		Vector3.new(-0.2, 0.4, 0),
		Vector3.new(-2, -0.1, 0),
		Vector3.new(-2.3000000000000003, 0.30000000000000004, -0.1),
		Vector3.new(-1.9000000000000001, -0.1, 0),
		Vector3.new(-2.3000000000000003, 0.30000000000000004, 0),
		Vector3.new(-1.9000000000000001, -0.1, -0.1),
		Vector3.new(-2.3000000000000003, 0.30000000000000004, -0.1),
	},
	{
		Vector3.new(-2.3000000000000003, 0.30000000000000004, -0.1),
		Vector3.new(-1.9000000000000001, -0.1, 0),
		Vector3.new(-2.3000000000000003, 0.30000000000000004, 0.1),
		Vector3.new(-1.9000000000000001, -0.1, 0.1),
		Vector3.new(0.7000000000000001, 0.2, 0),
		Vector3.new(-2.3000000000000003, -0.2, 0),
		Vector3.new(0.7000000000000001, 0.2, 0),
		Vector3.new(-0.30000000000000004, 0.2, 0),
		Vector3.new(0.7000000000000001, 0.2, 0),
		Vector3.new(-0.30000000000000004, 0.2, 0),
		Vector3.new(0.7000000000000001, 0.2, 0),
		Vector3.new(-0.30000000000000004, 0.2, 0),
		Vector3.new(0.4, 0.2, 0),
		Vector3.new(-0.30000000000000004, 0.2, 0),
		Vector3.new(-2.3000000000000003, 0.30000000000000004, 0.1),
		Vector3.new(-0.1, 0.2, 0),
		Vector3.new(0.7000000000000001, 0.2, 0),
		Vector3.new(0.1, 0.2, 0),
		Vector3.new(-2.3000000000000003, -0.1, 0),
		Vector3.new(0.6000000000000001, 0.2, 0),
		Vector3.new(-2.3000000000000003, -0.1, 0.1),
		Vector3.new(-0.30000000000000004, 0.2, 0),
		Vector3.new(0.7000000000000001, 0.2, 0),
		Vector3.new(-0.30000000000000004, 0.2, 0),
		Vector3.new(-2.3000000000000003, 0.1, 0.1),
	},
	{
		Vector3.new(-2.3000000000000003, 0.1, 0.1),
		Vector3.new(-0.30000000000000004, 0.2, 0),
		Vector3.new(-2.3000000000000003, 0.30000000000000004, 0.1),
		Vector3.new(-0.1, 0.2, 0),
		Vector3.new(0.4, 0.2, 0),
		Vector3.new(-2.1, -0.1, 0.1),
		Vector3.new(0.1, 0.2, 0),
		Vector3.new(-2.3000000000000003, 0.30000000000000004, 0),
		Vector3.new(0.2, 0.2, 0),
		Vector3.new(-2.3000000000000003, -0.1, -0.1),
		Vector3.new(-0.1, 0.2, 0),
		Vector3.new(0.6000000000000001, 0.2, 0),
		Vector3.new(-2.3000000000000003, 0.30000000000000004, 0),
		Vector3.new(0.6000000000000001, 0.2, 0),
		Vector3.new(-2.3000000000000003, 0.1, 0.1),
		Vector3.new(0.7000000000000001, 0.2, 0.1),
		Vector3.new(-2.3000000000000003, 0.1, -0.1),
	},
	{
		Vector3.new(-2.3000000000000003, 0.1, -0.1),
		Vector3.new(0.7000000000000001, 0.2, 0.1),
		Vector3.new(-0.7000000000000001, 0.30000000000000004, 0),
		Vector3.new(0.7000000000000001, 0.30000000000000004, 0.1),
		Vector3.new(-0.7000000000000001, 0.30000000000000004, 0),
		Vector3.new(0.7000000000000001, 0.2, 0.1),
		Vector3.new(-0.4, 0.30000000000000004, 0),
		Vector3.new(0.7000000000000001, 0.2, -0.1),
		Vector3.new(-0.7000000000000001, 0.30000000000000004, 0),
		Vector3.new(0.7000000000000001, 0.2, -0.1),
		Vector3.new(-0.7000000000000001, 0.30000000000000004, 0),
		Vector3.new(0.7000000000000001, 0.30000000000000004, -0.1),
		Vector3.new(-0.4, 0.30000000000000004, 0),
		Vector3.new(0.7000000000000001, 0.2, -0.1),
		Vector3.new(-0.4, 0.30000000000000004, 0),
		Vector3.new(2.2, 0.4, 0),
		Vector3.new(-0.2, 0.4, 0),
		Vector3.new(2.2, 0.4, 0),
		Vector3.new(-0.2, 0.30000000000000004, 0),
		Vector3.new(2.2, 0.30000000000000004, 0),
		Vector3.new(-0.2, 0.30000000000000004, 0),
		Vector3.new(2.2, 0.30000000000000004, 0),
	},
	{
		Vector3.new(2.2, 0.30000000000000004, 0),
		Vector3.new(-0.2, 0.4, 0),
		Vector3.new(2.2, 0.4, 0),
		Vector3.new(-0.6000000000000001, 0.30000000000000004, 0),
		Vector3.new(2.2, 0.30000000000000004, 0),
		Vector3.new(-0.2, 0.30000000000000004, 0),
		Vector3.new(2.2, 0.30000000000000004, 0),
		Vector3.new(-0.6000000000000001, 0.30000000000000004, 0),
		Vector3.new(2.2, 0.4, 0),
		Vector3.new(-0.2, 0.4, 0),
		Vector3.new(2.2, 0.4, 0),
		Vector3.new(-0.1, 0.4, 0.1),
		Vector3.new(-0.4, 0, 0),
		Vector3.new(0.1, 0.4, 0),
		Vector3.new(-0.4, 0, 0),
		Vector3.new(0.1, 0.30000000000000004, 0),
		Vector3.new(-0.4, 0.30000000000000004, 0),
		Vector3.new(0.1, 0.30000000000000004, 0),
		Vector3.new(2.2, 0.4, 0),
		Vector3.new(0.1, 0.30000000000000004, 0),
		Vector3.new(2.2, 0.30000000000000004, 0),
	},
	{
		Vector3.new(2.2, 0.30000000000000004, 0),
		Vector3.new(0.1, 0.30000000000000004, 0),
		Vector3.new(2.2, 0.30000000000000004, 0),
		Vector3.new(0.1, 0.30000000000000004, 0),
		Vector3.new(-0.4, 0.30000000000000004, 0),
		Vector3.new(0.1, 0.4, 0),
		Vector3.new(2.2, 0.30000000000000004, 0),
		Vector3.new(0.1, 0.4, 0),
		Vector3.new(-0.4, 0, 0),
		Vector3.new(0.1, 0.4, 0),
		Vector3.new(2.2, 0.4, 0),
		Vector3.new(0.1, 0.4, 0),
		Vector3.new(-0.4, 0, 0),
		Vector3.new(0.1, 0.4, 0),
		Vector3.new(2.2, 0.4, 0),
		Vector3.new(0.1, 0.4, 0),
		Vector3.new(-0.4, 0, 0),
		Vector3.new(-2.1, 0.2, 0.1),
		Vector3.new(-0.4, 0, 0),
		Vector3.new(-2.1, 0.2, 0.1),
		Vector3.new(-0.8, 0.1, 0),
		Vector3.new(-1.9000000000000001, 0.30000000000000004, 0),
		Vector3.new(-0.6000000000000001, 0.30000000000000004, 0),
		Vector3.new(-1.9000000000000001, 0.2, 0),
		Vector3.new(-1.2000000000000002, 0.30000000000000004, 0),
		Vector3.new(-0.6000000000000001, 0, 0),
		Vector3.new(-1.2000000000000002, 0.2, 0),
		Vector3.new(-0.6000000000000001, 0, 0),
		Vector3.new(0.6000000000000001, 0.2, 0),
	},
	{
		Vector3.new(0.6000000000000001, 0.2, 0),
		Vector3.new(-0.6000000000000001, 0, 0),
		Vector3.new(0.6000000000000001, 0.2, 0),
		Vector3.new(-0.4, 0, 0),
		Vector3.new(0.2, 0.2, 0),
		Vector3.new(-1.2000000000000002, -0.1, -0.1),
		Vector3.new(-0.6000000000000001, 0, 0),
		Vector3.new(-2, 0, -0.1),
		Vector3.new(-0.6000000000000001, 0.30000000000000004, 0),
		Vector3.new(-1.9000000000000001, 0.2, -0.1),
		Vector3.new(-1.2000000000000002, 0.2, -0.1),
		Vector3.new(-0.7000000000000001, 0.30000000000000004, 0),
		Vector3.new(0.6000000000000001, 0.2, -0.1),
		Vector3.new(-0.4, 0, 0),
		Vector3.new(0.6000000000000001, 0.2, -0.1),
		Vector3.new(-0.7000000000000001, 0.30000000000000004, 0),
		Vector3.new(0.1, 0.2, -0.1),
		Vector3.new(-0.6000000000000001, 0.30000000000000004, 0),
		Vector3.new(-2.3000000000000003, 0.1, 0.1),
		Vector3.new(-0.6000000000000001, 0, 0),
		Vector3.new(-2.3000000000000003, 0.30000000000000004, 0),
		Vector3.new(-0.6000000000000001, 0.30000000000000004, 0),
		Vector3.new(-2.1, -0.1, 0.1),
		Vector3.new(-2.3000000000000003, 0.30000000000000004, 0),
		Vector3.new(-2.3000000000000003, -0.2, 0),
		Vector3.new(-0.6000000000000001, 0, 0),
		Vector3.new(-2.3000000000000003, 0.30000000000000004, 0.1),
		Vector3.new(-0.6000000000000001, 0, 0),
		Vector3.new(-2.1, 0.30000000000000004, -0.1),
		Vector3.new(-0.7000000000000001, 0, 0),
		Vector3.new(-0.2, 0.4, 0),
		Vector3.new(-0.6000000000000001, 0, 0),
		Vector3.new(-0.9, 0.4, 0),
		Vector3.new(-0.2, 0.4, 0),
	},
	{
		Vector3.new(-0.2, 0.4, 0),
		Vector3.new(-0.6000000000000001, 0, 0),
		Vector3.new(-0.1, 0.4, 0),
		Vector3.new(-2, -0.1, 0),
		Vector3.new(-0.6000000000000001, 0.30000000000000004, 0),
		Vector3.new(-2, -0.1, 0),
		Vector3.new(-0.7000000000000001, 0, 0),
		Vector3.new(-1.9000000000000001, -0.1, 0),
		Vector3.new(-0.6000000000000001, 0, 0),
		Vector3.new(-1.9000000000000001, 0, 0),
		Vector3.new(-0.6000000000000001, 0, 0),
		Vector3.new(-1.9000000000000001, -0.1, 0),
		Vector3.new(-0.7000000000000001, 0.30000000000000004, 0),
		Vector3.new(-2, -0.1, 0),
		Vector3.new(-0.6000000000000001, 0.30000000000000004, 0),
		Vector3.new(-2, -0.1, 0),
		Vector3.new(-0.7000000000000001, 0, 0),
		Vector3.new(-1.9000000000000001, -0.1, 0),
		Vector3.new(-0.7000000000000001, 0, 0),
		Vector3.new(-2, -0.1, 0.1),
		Vector3.new(-0.6000000000000001, 0.30000000000000004, 0),
		Vector3.new(-2, -0.1, -0.1),
		Vector3.new(-0.6000000000000001, 0.30000000000000004, 0),
		Vector3.new(-1.9000000000000001, -0.1, 0),
		Vector3.new(-0.7000000000000001, 0.30000000000000004, 0),
		Vector3.new(-2, -0.1, 0),
		Vector3.new(-0.6000000000000001, 0.30000000000000004, 0),
		Vector3.new(-2, -0.1, -0.1),
		Vector3.new(-0.6000000000000001, 0.30000000000000004, 0),
		Vector3.new(-1.9000000000000001, -0.1, 0),
	},
	{
		Vector3.new(-1.9000000000000001, -0.1, 0),
		Vector3.new(0.7000000000000001, 0.2, 0),
		Vector3.new(-0.6000000000000001, 0.30000000000000004, 0),
		Vector3.new(0.7000000000000001, 0.2, 0),
		Vector3.new(-0.6000000000000001, 0.30000000000000004, 0),
		Vector3.new(0.7000000000000001, 0.30000000000000004, 0),
		Vector3.new(-0.7000000000000001, 0.30000000000000004, 0),
		Vector3.new(0.7000000000000001, 0.2, 0),
		Vector3.new(-0.30000000000000004, 0.2, 0),
		Vector3.new(0.7000000000000001, 0.2, 0),
		Vector3.new(-0.30000000000000004, 0.2, 0),
		Vector3.new(0.6000000000000001, 0.2, 0),
		Vector3.new(-0.7000000000000001, 0.30000000000000004, 0),
		Vector3.new(0.6000000000000001, 0.2, 0),
		Vector3.new(-0.6000000000000001, 0.30000000000000004, 0),
		Vector3.new(-0.1, 0.2, 0),
		Vector3.new(0.4, 0.2, 0),
		Vector3.new(-0.6000000000000001, 0.30000000000000004, 0),
		Vector3.new(0.6000000000000001, 0.2, 0),
		Vector3.new(-0.7000000000000001, 0.30000000000000004, 0),
		Vector3.new(0.2, 0.2, 0),
		Vector3.new(-0.6000000000000001, 0.30000000000000004, 0),
		Vector3.new(-0.1, 0.2, 0),
		Vector3.new(-0.6000000000000001, 0.30000000000000004, 0),
		Vector3.new(-0.1, 0.2, 0),
		Vector3.new(0.4, 0.2, 0),
		Vector3.new(-0.7000000000000001, 0.30000000000000004, 0),
		Vector3.new(0.2, 0.2, 0),
		Vector3.new(-0.6000000000000001, 0.30000000000000004, 0),
		Vector3.new(0.4, 0.2, 0),
		Vector3.new(-0.6000000000000001, 0.30000000000000004, 0),
		Vector3.new(0.7000000000000001, 0.2, 0),
		Vector3.new(-0.30000000000000004, 0.2, 0),
		Vector3.new(0.4, 0.2, 0),
		Vector3.new(-0.7000000000000001, 0, 0),
		Vector3.new(0.6000000000000001, 0.2, 0),
	},
	{
		Vector3.new(0.6000000000000001, 0.2, 0),
		Vector3.new(-0.7000000000000001, 0.30000000000000004, 0),
		Vector3.new(0.7000000000000001, 0.2, 0),
		Vector3.new(0.2, 0.2, 0),
		Vector3.new(-0.4, 0, 0),
		Vector3.new(0.2, 0.2, 0),
		Vector3.new(-0.6000000000000001, 0, 0),
		Vector3.new(0.1, 0.2, 0),
		Vector3.new(-0.6000000000000001, 0, 0),
		Vector3.new(0.7000000000000001, 0.2, 0),
		Vector3.new(-0.30000000000000004, 0.2, 0),
		Vector3.new(0.7000000000000001, 0.2, 0),
		Vector3.new(-0.30000000000000004, 0.2, 0),
		Vector3.new(0.7000000000000001, 0.2, 0),
		Vector3.new(-0.30000000000000004, 0.2, 0),
		Vector3.new(0.7000000000000001, 0.30000000000000004, 0),
		Vector3.new(-0.30000000000000004, 0.2, 0),
		Vector3.new(0.7000000000000001, 0.2, 0),
		Vector3.new(-0.30000000000000004, 0.30000000000000004, 0),
		Vector3.new(0.7000000000000001, 0.30000000000000004, 0),
		Vector3.new(-0.30000000000000004, 0.30000000000000004, 0),
		Vector3.new(-0.9, 0.4, 0),
		Vector3.new(-0.2, 0.4, 0),
		Vector3.new(-0.9, 0.4, 0),
		Vector3.new(-0.2, 0.4, 0),
		Vector3.new(0.7000000000000001, 0.30000000000000004, 0),
		Vector3.new(-0.2, 0.4, 0),
		Vector3.new(-0.9, 0.4, 0),
		Vector3.new(-0.2, 0.4, 0),
		Vector3.new(0.7000000000000001, 0.2, 0),
		Vector3.new(-0.4, 0.4, 0),
		Vector3.new(0.7000000000000001, 0.2, 0),
		Vector3.new(-0.4, 0.30000000000000004, -0.1),
		Vector3.new(0.7000000000000001, 0.2, 0),
		Vector3.new(-0.9, 0.2, -0.1),
		Vector3.new(0.7000000000000001, 0.2, 0),
		Vector3.new(-0.30000000000000004, 0.2, 0),
		Vector3.new(0.7000000000000001, 0.2, 0),
		Vector3.new(-0.30000000000000004, 0.2, 0),
	},
	{
		Vector3.new(-0.30000000000000004, 0.2, 0),
		Vector3.new(0.7000000000000001, 0.2, 0),
		Vector3.new(-0.30000000000000004, 0.2, 0),
		Vector3.new(0.7000000000000001, 0.2, 0),
		Vector3.new(-0.30000000000000004, 0.2, 0),
		Vector3.new(0.7000000000000001, 0.2, 0),
		Vector3.new(-0.9, 0.30000000000000004, -0.1),
		Vector3.new(-0.30000000000000004, 0.30000000000000004, 0),
		Vector3.new(0.7000000000000001, 0.2, 0),
		Vector3.new(-0.30000000000000004, 0.2, 0),
		Vector3.new(0.7000000000000001, 0.30000000000000004, 0),
		Vector3.new(-0.30000000000000004, 0.30000000000000004, 0),
		Vector3.new(0.7000000000000001, 0.30000000000000004, 0),
		Vector3.new(-0.30000000000000004, 0.2, 0),
		Vector3.new(-0.8, 0.30000000000000004, -0.1),
		Vector3.new(-0.30000000000000004, 0.2, 0),
		Vector3.new(-1.1, 0.30000000000000004, -0.1),
		Vector3.new(-0.30000000000000004, 0.2, 0),
		Vector3.new(-0.9, 0.4, -0.1),
		Vector3.new(-0.30000000000000004, 0.2, 0),
		Vector3.new(-0.9, 0.2, -0.1),
		Vector3.new(-0.2, 0.2, -0.1),
		Vector3.new(-0.8, 0.30000000000000004, -0.1),
		Vector3.new(-0.30000000000000004, 0.30000000000000004, 0),
		Vector3.new(-0.9, 0.30000000000000004, -0.1),
		Vector3.new(0.4, 0.2, 0),
		Vector3.new(-0.9, 0.4, -0.1),
		Vector3.new(0.2, 0.2, 0),
		Vector3.new(-0.9, 0.30000000000000004, 0),
		Vector3.new(0.2, 0.2, 0),
		Vector3.new(-1.1, 0.30000000000000004, 0),
		Vector3.new(0.4, 0.2, 0),
		Vector3.new(-1.1, 0.2, -0.1),
		Vector3.new(0.4, 0.2, 0),
		Vector3.new(-0.1, 0.2, 0),
		Vector3.new(-1.1, 0.2, 0.1),
		Vector3.new(0.6000000000000001, 0.2, 0),
		Vector3.new(-1.1, 0.2, 0.1),
	},
	{
		Vector3.new(-1.1, 0.2, 0.1),
		Vector3.new(0.7000000000000001, 0.30000000000000004, 0.1),
		Vector3.new(-0.2, 0.2, -0.1),
		Vector3.new(-0.9, 0.2, -0.1),
		Vector3.new(-0.2, 0.2, 0),
		Vector3.new(-0.9, 0.2, -0.1),
		Vector3.new(-0.2, 0.2, 0),
		Vector3.new(0.7000000000000001, 0.30000000000000004, 0.1),
		Vector3.new(-0.9, 0.2, 0.1),
		Vector3.new(-0.2, 0.2, 0.1),
		Vector3.new(-0.9, 0.2, 0.1),
		Vector3.new(0.7000000000000001, 0.30000000000000004, 0.1),
		Vector3.new(-0.9, 0.2, 0),
		Vector3.new(0.7000000000000001, 0.30000000000000004, 0.1),
		Vector3.new(-0.9, 0.2, -0.1),
		Vector3.new(0.7000000000000001, 0.30000000000000004, 0.1),
		Vector3.new(-0.2, 0.30000000000000004, 0),
		Vector3.new(0.7000000000000001, 0.30000000000000004, 0.1),
		Vector3.new(-1.1, 0.30000000000000004, 0),
		Vector3.new(0.7000000000000001, 0.30000000000000004, 0.1),
		Vector3.new(-1.1, 0.30000000000000004, 0),
		Vector3.new(0.7000000000000001, 0.2, 0.1),
		Vector3.new(-1.1, 0.30000000000000004, 0),
		Vector3.new(0.7000000000000001, 0.2, 0.1),
		Vector3.new(-1.1, 0.30000000000000004, 0),
		Vector3.new(0.7000000000000001, 0.30000000000000004, -0.1),
		Vector3.new(-0.2, 0.4, 0),
		Vector3.new(-0.9, 0.4, 0),
		Vector3.new(-0.2, 0.4, 0),
		Vector3.new(0.7000000000000001, 0.2, -0.1),
	},
	{
		Vector3.new(0.7000000000000001, 0.2, -0.1),
		Vector3.new(-0.9, 0.4, 0.1),
		Vector3.new(-0.2, 0.4, 0),
		Vector3.new(-0.9, 0.4, 0.1),
		Vector3.new(0.7000000000000001, 0.2, -0.1),
		Vector3.new(-0.9, 0.4, 0.1),
		Vector3.new(-0.2, 0.4, 0.1),
		Vector3.new(-0.9, 0.30000000000000004, 0.1),
		Vector3.new(-0.2, 0.4, 0.1),
		Vector3.new(-0.9, 0.30000000000000004, 0.1),
		Vector3.new(-0.2, 0.30000000000000004, 0.1),
		Vector3.new(-0.9, 0.2, 0.1),
		Vector3.new(-0.2, 0.30000000000000004, 0.1),
		Vector3.new(-0.9, 0.2, 0.1),
		Vector3.new(0.7000000000000001, 0.30000000000000004, -0.1),
		Vector3.new(-0.9, 0.2, 0.1),
		Vector3.new(0.7000000000000001, 0.30000000000000004, -0.1),
		Vector3.new(-0.9, 0.30000000000000004, 0.1),
		Vector3.new(0.7000000000000001, 0.30000000000000004, -0.1),
		Vector3.new(-0.9, 0.30000000000000004, 0.1),
		Vector3.new(0.7000000000000001, 0.30000000000000004, -0.1),
		Vector3.new(-1.1, 0.30000000000000004, 0),
		Vector3.new(0.7000000000000001, 0.30000000000000004, -0.1),
		Vector3.new(-0.9, 0.4, 0),
		Vector3.new(0.7000000000000001, 0.2, -0.1),
		Vector3.new(-0.9, 0.2, 0.1),
		Vector3.new(-0.2, 0.2, 0),
		Vector3.new(-0.9, 0.2, 0),
		Vector3.new(0.7000000000000001, 0.2, -0.1),
		Vector3.new(-0.2, 0.2, 0),
		Vector3.new(-0.9, 0.4, 0),
		Vector3.new(-0.2, 0.4, 0),
		Vector3.new(-0.9, 0.30000000000000004, 0),
	},
	{
		Vector3.new(-0.9, 0.30000000000000004, 0),
		Vector3.new(-0.2, 0.30000000000000004, 0),
		Vector3.new(2.2, 0.4, 0),
		Vector3.new(-0.2, 0.4, 0),
		Vector3.new(2.2, 0.4, 0),
		Vector3.new(-0.2, 0.4, 0),
		Vector3.new(2.2, 0.4, 0),
		Vector3.new(-0.9, 0.30000000000000004, 0),
		Vector3.new(2.2, 0.30000000000000004, 0),
		Vector3.new(-0.2, 0.30000000000000004, 0),
		Vector3.new(2.2, 0.30000000000000004, 0),
		Vector3.new(-0.2, 0.4, 0),
		Vector3.new(2.2, 0.4, 0),
		Vector3.new(-0.2, 0.30000000000000004, 0),
		Vector3.new(2.2, 0.30000000000000004, 0),
		Vector3.new(-0.2, 0.30000000000000004, 0),
		Vector3.new(-0.9, 0.30000000000000004, 0),
	},
	{
		Vector3.new(-0.9, 0.30000000000000004, 0),
		Vector3.new(2.2, 0.4, 0),
		Vector3.new(-0.2, 0.30000000000000004, 0),
		Vector3.new(2.2, 0.30000000000000004, 0),
		Vector3.new(-0.1, 0.4, 0.1),
		Vector3.new(-0.9, 0.30000000000000004, 0),
		Vector3.new(-0.1, 0.4, 0),
		Vector3.new(2.2, 0.4, 0),
		Vector3.new(0.1, 0.30000000000000004, 0),
		Vector3.new(2.2, 0.30000000000000004, 0),
		Vector3.new(0.1, 0.30000000000000004, 0),
		Vector3.new(-0.4, 0.4, 0),
		Vector3.new(0.1, 0.30000000000000004, 0),
		Vector3.new(2.2, 0.30000000000000004, 0),
		Vector3.new(0.1, 0.30000000000000004, 0),
		Vector3.new(2.2, 0.30000000000000004, 0),
		Vector3.new(0.1, 0.4, 0),
		Vector3.new(2.2, 0.4, 0),
		Vector3.new(0.1, 0.4, 0),
		Vector3.new(2.2, 0.4, 0),
	},
	{
		Vector3.new(2.2, 0.4, 0),
		Vector3.new(0.1, 0.4, 0),
		Vector3.new(-0.7000000000000001, 0.4, 0),
		Vector3.new(-2.1, 0.2, 0.1),
		Vector3.new(-0.7000000000000001, 0.4, 0),
		Vector3.new(-2.1, 0.2, 0.1),
		Vector3.new(-0.4, 0.4, -0.1),
		Vector3.new(-2.1, 0.2, 0.1),
		Vector3.new(-0.7000000000000001, 0.30000000000000004, -0.1),
		Vector3.new(-2.1, 0.2, 0),
		Vector3.new(-0.4, 0.30000000000000004, -0.1),
		Vector3.new(-2.1, 0.2, 0),
		Vector3.new(-0.7000000000000001, 0.30000000000000004, -0.1),
		Vector3.new(-2.1, 0.2, -0.1),
		Vector3.new(-0.7000000000000001, 0.30000000000000004, 0),
		Vector3.new(-2.1, 0.2, -0.1),
		Vector3.new(-0.4, 0.4, -0.1),
		Vector3.new(-2.1, 0.2, 0),
		Vector3.new(-0.9, 0.4, 0),
		Vector3.new(-2.1, 0.2, -0.1),
		Vector3.new(-0.8, 0.1, 0),
		Vector3.new(-2, 0, 0),
		Vector3.new(-0.8, 0.4, 0),
		Vector3.new(-2, 0, 0),
		Vector3.new(-0.7000000000000001, 0.4, 0),
		Vector3.new(-2, 0, 0.1),
		Vector3.new(-0.4, 0.4, 0),
	},
	{
		Vector3.new(-0.4, 0.4, 0),
		Vector3.new(-2, 0, 0.1),
		Vector3.new(-0.7000000000000001, 0.4, 0),
		Vector3.new(-2, 0, 0.1),
		Vector3.new(-0.9, 0.4, 0),
		Vector3.new(-1.9000000000000001, 0.2, 0),
		Vector3.new(-0.9, 0.4, 0),
		Vector3.new(-1.9000000000000001, 0.30000000000000004, 0.1),
		Vector3.new(-0.9, 0.4, 0),
		Vector3.new(-1.9000000000000001, 0.2, 0.1),
		Vector3.new(-0.9, 0.4, 0),
		Vector3.new(-1.9000000000000001, 0.2, 0.1),
		Vector3.new(-0.9, 0.4, 0),
		Vector3.new(-0.2, 0.4, 0),
		Vector3.new(-0.9, 0.4, 0),
		Vector3.new(-0.2, 0.4, 0),
		Vector3.new(-1.9000000000000001, 0.2, 0),
		Vector3.new(-0.2, 0.4, 0),
		Vector3.new(-1.2000000000000002, 0.30000000000000004, 0),
		Vector3.new(-0.2, 0.4, 0),
		Vector3.new(-0.9, 0.4, 0),
		Vector3.new(-0.2, 0.4, 0),
		Vector3.new(-0.9, 0.4, 0),
		Vector3.new(-0.2, 0.4, 0),
		Vector3.new(-0.9, 0.4, 0),
		Vector3.new(-0.2, 0.4, 0),
		Vector3.new(-0.9, 0.4, 0),
		Vector3.new(-0.2, 0.4, 0),
		Vector3.new(-1.2000000000000002, 0.2, 0),
		Vector3.new(-0.2, 0.4, 0),
		Vector3.new(-0.8, 0.2, 0.1),
		Vector3.new(-0.2, 0.4, 0),
		Vector3.new(0.6000000000000001, 0.2, 0),
		Vector3.new(-0.6000000000000001, 0.4, 0),
		Vector3.new(0.6000000000000001, 0.2, 0.1),
		Vector3.new(-0.7000000000000001, 0.4, 0),
		Vector3.new(0.6000000000000001, 0.2, 0),
		Vector3.new(-0.8, 0.4, 0),
	},
	{
		Vector3.new(-0.8, 0.4, 0),
		Vector3.new(0.6000000000000001, 0.2, 0),
		Vector3.new(-0.30000000000000004, 0.4, 0),
		Vector3.new(0.1, 0.2, 0.1),
		Vector3.new(-0.6000000000000001, 0.4, 0),
		Vector3.new(0.1, 0.2, 0),
		Vector3.new(-0.7000000000000001, 0.4, 0),
		Vector3.new(0.2, 0.2, 0),
		Vector3.new(-1.2000000000000002, -0.1, -0.1),
		Vector3.new(-0.2, 0.4, 0),
		Vector3.new(-1.2000000000000002, -0.1, 0),
		Vector3.new(-0.9, 0.4, 0),
		Vector3.new(-1.2000000000000002, -0.1, -0.1),
		Vector3.new(-0.30000000000000004, 0.4, 0),
		Vector3.new(-1.2000000000000002, -0.1, 0),
		Vector3.new(-2, 0, -0.1),
		Vector3.new(-0.8, 0.4, 0),
		Vector3.new(-2, 0, 0),
		Vector3.new(-0.7000000000000001, 0.4, 0),
		Vector3.new(-2, 0, -0.1),
		Vector3.new(-0.5, 0.4, 0),
		Vector3.new(-2, 0, 0),
		Vector3.new(-0.5, 0.4, 0),
		Vector3.new(-1.9000000000000001, 0.2, 0),
		Vector3.new(-0.2, 0.4, 0),
		Vector3.new(-1.9000000000000001, 0.2, -0.1),
		Vector3.new(-0.7000000000000001, 0.4, 0),
		Vector3.new(-1.9000000000000001, 0.2, -0.1),
		Vector3.new(-1.2000000000000002, 0.2, -0.1),
		Vector3.new(-0.4, 0.4, 0),
		Vector3.new(-1.2000000000000002, 0.2, 0),
		Vector3.new(-0.30000000000000004, 0.4, 0),
		Vector3.new(-1.2000000000000002, 0.2, -0.1),
		Vector3.new(-0.4, 0.4, 0),
		Vector3.new(-1.2000000000000002, 0.2, -0.1),
	},
	{
		Vector3.new(-1.2000000000000002, 0.2, -0.1),
		Vector3.new(-0.2, 0.4, 0),
		Vector3.new(-0.8, 0.2, -0.1),
		Vector3.new(-0.30000000000000004, 0.4, 0),
		Vector3.new(0.6000000000000001, 0.2, -0.1),
		Vector3.new(-0.6000000000000001, 0.4, 0),
		Vector3.new(0.6000000000000001, 0.2, -0.1),
		Vector3.new(-0.6000000000000001, 0.4, 0),
		Vector3.new(0.6000000000000001, 0.2, -0.1),
		Vector3.new(-0.4, 0.4, 0),
		Vector3.new(0.1, 0.2, -0.1),
		Vector3.new(-0.5, 0.4, 0),
		Vector3.new(0.1, 0.2, -0.1),
		Vector3.new(-0.8, 0.4, 0),
		Vector3.new(0.1, 0.2, 0),
		Vector3.new(-0.9, 0.4, 0),
		Vector3.new(0.1, 0.2, -0.1),
		Vector3.new(-0.8, 0.4, 0),
		Vector3.new(-0.1, 0.4, 0),
		Vector3.new(-0.7000000000000001, 0.4, 0),
		Vector3.new(2.2, 0.4, 0),
		Vector3.new(-1, 0.4, 0),
		Vector3.new(2.2, 0.30000000000000004, 0),
		Vector3.new(-0.9, 0.2, -0.2),
		Vector3.new(2.2, 0.30000000000000004, 0),
		Vector3.new(-0.9, 0.30000000000000004, 0),
	},
	{
		Vector3.new(-0.9, 0.30000000000000004, 0),
		Vector3.new(2.2, 0.30000000000000004, 0),
		Vector3.new(-0.9, 0.2, -0.1),
		Vector3.new(2.2, 0.30000000000000004, 0),
		Vector3.new(-0.9, 0.2, -0.1),
		Vector3.new(2.2, 0.30000000000000004, 0),
		Vector3.new(-1, 0.2, -0.1),
		Vector3.new(2.2, 0.30000000000000004, 0),
		Vector3.new(-0.9, 0.30000000000000004, 0),
		Vector3.new(-0.5, 0.7000000000000001, 0),
		Vector3.new(-1.2000000000000002, 0.6000000000000001, 0.1),
		Vector3.new(-0.5, 0.7000000000000001, 0),
		Vector3.new(-1.2000000000000002, 0.6000000000000001, -0.1),
		Vector3.new(-0.6000000000000001, 0.7000000000000001, 0),
		Vector3.new(-1.2000000000000002, 0.5, 0),
		Vector3.new(-0.6000000000000001, 0.5, -0.1),
		Vector3.new(-1.2000000000000002, 0.5, 0),
		Vector3.new(-0.5, 0.5, -0.1),
		Vector3.new(-1.2000000000000002, 0.6000000000000001, 0.1),
		Vector3.new(-0.5, 0.6000000000000001, -0.1),
		Vector3.new(-1.2000000000000002, 0.5, 0),
		Vector3.new(-0.6000000000000001, 0.6000000000000001, -0.1),
		Vector3.new(-1.2000000000000002, 0.5, 0),
		Vector3.new(-0.5, 0.5, -0.1),
		Vector3.new(-1.2000000000000002, 0.7000000000000001, 0),
		Vector3.new(-0.5, 0.6000000000000001, -0.1),
		Vector3.new(-1.2000000000000002, 0.5, 0),
		Vector3.new(-0.6000000000000001, 0.6000000000000001, -0.1),
		Vector3.new(-1.2000000000000002, 0.5, -0.1),
	},
	{
		Vector3.new(-1.2000000000000002, 0.5, -0.1),
		Vector3.new(-0.5, 0.6000000000000001, -0.1),
		Vector3.new(-1.2000000000000002, 0.6000000000000001, -0.1),
		Vector3.new(-0.5, 0.6000000000000001, -0.1),
		Vector3.new(-1.2000000000000002, 0.5, 0),
		Vector3.new(-0.5, 0.6000000000000001, -0.1),
		Vector3.new(-1.2000000000000002, 0.6000000000000001, 0.1),
		Vector3.new(-0.6000000000000001, 0.5, -0.1),
	},
}
