local wires = {
	{
		Vector3.new(0, 5.300000000000001, 6.1000000000000005),
		Vector3.new(0, 4.5, 5.7),
		Vector3.new(0, 3.8000000000000003, 5.300000000000001),
		Vector3.new(0, 3.1, 4.800000000000001),
		Vector3.new(0, 2.7, 4.5),
		Vector3.new(0, 2.3000000000000003, 4.2),
		Vector3.new(0, 1.7000000000000002, 3.7),
		Vector3.new(0, 1.2000000000000002, 2.9000000000000004),
		Vector3.new(0, 0.8, 2.3000000000000003),
		Vector3.new(0, 0.6000000000000001, 1.8),
		Vector3.new(0, 0.4, 1.1),
		Vector3.new(0, 0.5, 0.5),
		Vector3.new(0, 0.7000000000000001, -0.4),
		Vector3.new(0, 0.9, -1),
		Vector3.new(0, 1.4000000000000001, -1.6),
		Vector3.new(0, 2, -2.3000000000000003),
		Vector3.new(0, 2.9000000000000004, -2.9000000000000004),
		Vector3.new(0, 3.5, -3.3000000000000003),
		Vector3.new(0, 4.2, -3.8000000000000003),
		Vector3.new(0, 4.800000000000001, -4.1000000000000005),
		Vector3.new(0, 3.8000000000000003, -3.4000000000000004),
		Vector3.new(0, 3.3000000000000003, -2.9000000000000004),
		Vector3.new(0, 2.7, -2.5),
		Vector3.new(0, 2.2, -2),
		Vector3.new(0, 1.9000000000000001, -1.4000000000000001),
		Vector3.new(0, 1.6, -0.8),
		Vector3.new(0, 1.4000000000000001, -0.30000000000000004),
		Vector3.new(0, 1.4000000000000001, 0.30000000000000004),
		Vector3.new(0, 1.8, 0.6000000000000001),
		Vector3.new(0, 2.3000000000000003, 0.8),
		Vector3.new(0, 1.8, 1.2000000000000002),
		Vector3.new(0, 1.4000000000000001, 1.7000000000000002),
		Vector3.new(0, 1.3, 2.4000000000000004),
		Vector3.new(0, 1.6, 2.9000000000000004),
		Vector3.new(0, 1.9000000000000001, 3.3000000000000003),
		Vector3.new(0, 2.5, 4),
		Vector3.new(0, 3, 4.6000000000000005),
		Vector3.new(0, 3.5, 5),
		Vector3.new(0, 4.1000000000000005, 5.4),
		Vector3.new(0, 5.4, 6.1000000000000005),
		Vector3.new(0, 3.7, 5.2),
		Vector3.new(0, 2.8000000000000003, 4.5),
		Vector3.new(0, 1.5, 2.7),
		Vector3.new(0, 1.4000000000000001, 1.7000000000000002),
		Vector3.new(0, 2.2, 1.1),
		Vector3.new(0, 2.4000000000000004, 1.6),
		Vector3.new(0, 2.8000000000000003, 2.1),
	},
	{
		Vector3.new(0, 2.8000000000000003, 2.1),
		Vector3.new(0, 3.1, 2.9000000000000004),
		Vector3.new(0, 3.4000000000000004, 3.3000000000000003),
		Vector3.new(0, 3.8000000000000003, 3.7),
		Vector3.new(0, 4.2, 4),
		Vector3.new(0, 4.9, 4.5),
		Vector3.new(0, 5.4, 4.800000000000001),
		Vector3.new(0, 5.9, 5.1000000000000005),
		Vector3.new(0, 5.9, 5.6000000000000005),
		Vector3.new(0, 6.6000000000000005, 5.7),
		Vector3.new(0, 9, 5.7),
		Vector3.new(0, 9.600000000000001, 5.7),
		Vector3.new(0, 10.200000000000001, 5.9),
		Vector3.new(0, 9.9, 5.6000000000000005),
		Vector3.new(0, 9.700000000000001, 5.1000000000000005),
		Vector3.new(0, 9.8, 4.6000000000000005),
		Vector3.new(0, 10.9, 3.8000000000000003),
		Vector3.new(0, 11.700000000000001, 3.5),
		Vector3.new(0, 12.8, 3.2),
		Vector3.new(0, 14.5, 2.9000000000000004),
		Vector3.new(0, 16.8, 2.4000000000000004),
		Vector3.new(0, 22, 1.3),
		Vector3.new(0, 23.700000000000003, 0.9),
		Vector3.new(0, 22.1, 0.5),
		Vector3.new(0, 20, 0),
		Vector3.new(0, 16.6, -0.7000000000000001),
		Vector3.new(0, 13.3, -1.4000000000000001),
		Vector3.new(0, 12.100000000000001, -1.7000000000000002),
	},
	{
		Vector3.new(0, 12.100000000000001, -1.7000000000000002),
		Vector3.new(0, 11.3, -2),
		Vector3.new(0, 10.600000000000001, -2.4000000000000004),
		Vector3.new(0, 10.100000000000001, -3),
		Vector3.new(0, 10.100000000000001, -3.7),
		Vector3.new(0, 10.200000000000001, -4.2),
		Vector3.new(0, 9.200000000000001, -4),
		Vector3.new(0, 8.6, -3.9000000000000004),
		Vector3.new(0, 8, -3.9000000000000004),
		Vector3.new(0, 7.2, -3.9000000000000004),
		Vector3.new(0, 6.4, -4),
		Vector3.new(0, 5.800000000000001, -3.9000000000000004),
		Vector3.new(0, 5.800000000000001, -3.4000000000000004),
		Vector3.new(0, 5.4, -3.1),
		Vector3.new(0, 4.2, -2.4000000000000004),
		Vector3.new(0, 3.8000000000000003, -2),
		Vector3.new(0, 3.3000000000000003, -1.5),
		Vector3.new(0, 2.8000000000000003, -0.9),
		Vector3.new(0, 2.5, -0.30000000000000004),
		Vector3.new(0, 3.4000000000000004, -0.9),
		Vector3.new(0, 4.2, -1.5),
		Vector3.new(0, 5.4, -1.9000000000000001),
		Vector3.new(0, 6.2, -2),
		Vector3.new(0, 6.800000000000001, -1.9000000000000001),
		Vector3.new(0, 11.8, -0.8),
		Vector3.new(0, 20, 1),
	},
	{
		Vector3.new(0, 20, 1),
		Vector3.new(0, 9.4, 3.2),
		Vector3.new(0, 7, 3.6),
		Vector3.new(0, 5.4, 3.7),
		Vector3.new(0, 4.800000000000001, 3.5),
		Vector3.new(0, 4.1000000000000005, 3.2),
		Vector3.new(0, 3.7, 2.9000000000000004),
		Vector3.new(0, 2.9000000000000004, 2.3000000000000003),
	},
}
