local wires = {
	{
		Vector3.new(0, 0, 0),
		Vector3.new(-2.1, 1.9000000000000001, 0),
		Vector3.new(-3.5, 2.1, 0),
		Vector3.new(-5.4, 4.5, 0),
		Vector3.new(-7.5, 6.300000000000001, 0),
		Vector3.new(-9.600000000000001, 7.5, 0),
		Vector3.new(-12.100000000000001, 8.6, 0),
		Vector3.new(-15.200000000000001, 10, 0),
		Vector3.new(-17.400000000000002, 12, 0),
		Vector3.new(-20, 10.4, 0),
		Vector3.new(-19.6, 9.700000000000001, 0),
		Vector3.new(-17.7, 7.9, 0),
		Vector3.new(-16.8, 6.1000000000000005, 0),
		Vector3.new(-15.700000000000001, 3.9000000000000004, 0),
		Vector3.new(-14.5, 1.7000000000000002, 0),
		Vector3.new(-13.100000000000001, -0.1, 0),
	},
	{
		Vector3.new(-13.100000000000001, -0.1, 0),
		Vector3.new(-11.3, -2, 0),
		Vector3.new(-9.600000000000001, -3.1, 0),
		Vector3.new(-9.5, -4.5, 0),
		Vector3.new(-7.2, -6.800000000000001, 0),
		Vector3.new(-4.2, -3.9000000000000004, 0),
		Vector3.new(-3.7, -4.2, 0),
		Vector3.new(-2.6, -3, 0),
		Vector3.new(-2.8000000000000003, -2.5, 0),
		Vector3.new(0, 0, 0),
		Vector3.new(-2.1, 1.9000000000000001, 0),
		Vector3.new(-3.6, 2.1, 0),
		Vector3.new(-2.5, 0.9, 0),
		Vector3.new(-1.7000000000000002, -0.1, 0),
		Vector3.new(-1.3, -0.5, 0),
		Vector3.new(-1.5, -1.1, 0),
		Vector3.new(-1.7000000000000002, -0.30000000000000004, 0),
		Vector3.new(-2.2, -0.1, 0),
		Vector3.new(-2.5, 0.30000000000000004, 0),
		Vector3.new(-2.9000000000000004, 0.8, 0),
		Vector3.new(-3.2, 1.3, 0),
		Vector3.new(-3.5, 1.7000000000000002, 0),
		Vector3.new(-5.300000000000001, 4.4, 0),
		Vector3.new(-7.2, 2.5, 0),
	},
	{
		Vector3.new(-7.2, 2.5, 0),
		Vector3.new(-11.600000000000001, -1.5, 0),
		Vector3.new(-13.200000000000001, 0.1, 0),
		Vector3.new(-14.200000000000001, 1.3, 0),
		Vector3.new(-15, 2.6, 0),
		Vector3.new(-9.8, 7.5, 0),
		Vector3.new(-12.5, 8.8, 0),
		Vector3.new(-15.3, 10.100000000000001, 0),
		Vector3.new(-17.400000000000002, 12, 0),
		Vector3.new(-19.5, 10, 0),
		Vector3.new(-17.7, 11.700000000000001, 0),
		Vector3.new(-16.7, 10.3, 0),
		Vector3.new(-15, 9.200000000000001, 0),
	},
	{
		Vector3.new(-15, 9.200000000000001, 0),
		Vector3.new(-10.5, 7, 0),
		Vector3.new(-12.700000000000001, 7.7, 0),
		Vector3.new(-15, 8.8, 0),
		Vector3.new(-16.8, 10, 0),
		Vector3.new(-18.1, 11.100000000000001, 0),
		Vector3.new(-17, 9.700000000000001, 0),
		Vector3.new(-16, 8.9, 0),
		Vector3.new(-14.3, 7.9, 0),
		Vector3.new(-11.100000000000001, 6.4, 0),
		Vector3.new(-14.5, 3.1, 0),
		Vector3.new(-15.600000000000001, 5.300000000000001, 0),
		Vector3.new(-16.900000000000002, 7.800000000000001, 0),
		Vector3.new(-18.3, 9.200000000000001, 0),
		Vector3.new(-19.200000000000003, 10.100000000000001, 0),
		Vector3.new(-19.200000000000003, 9.3, 0),
	},
	{
		Vector3.new(-19.200000000000003, 9.3, 0),
		Vector3.new(-17.7, 7.9, 0),
		Vector3.new(-16.3, 5.2, 0),
		Vector3.new(-15.100000000000001, 2.7, 0),
		Vector3.new(-13.4, 0.30000000000000004, 0),
		Vector3.new(-11.100000000000001, -1.9000000000000001, 0),
		Vector3.new(-9.5, -3, 0),
		Vector3.new(-7.300000000000001, -4.3, 0),
		Vector3.new(-6.300000000000001, -5.2, 0),
		Vector3.new(-6.800000000000001, -4.800000000000001, 0),
		Vector3.new(-7.4, -4.6000000000000005, 0),
		Vector3.new(-7.9, -4.3, 0),
		Vector3.new(-8.4, -4, 0),
		Vector3.new(-8.9, -3.8000000000000003, 0),
		Vector3.new(-9.5, -3.2, 0),
		Vector3.new(-11.700000000000001, -1.5, 0),
		Vector3.new(-10.9, -0.9, 0),
		Vector3.new(-10.4, -1.2000000000000002, 0),
		Vector3.new(-9.200000000000001, -1.9000000000000001, 0),
		Vector3.new(-7.300000000000001, -3, 0),
		Vector3.new(-6.4, -3.7, 0),
		Vector3.new(-5.800000000000001, -4.3, 0),
		Vector3.new(-6.2, -3.2, 0),
		Vector3.new(-7.800000000000001, -2.1, 0),
	},
	{
		Vector3.new(-7.800000000000001, -2.1, 0),
		Vector3.new(-9.700000000000001, -0.7000000000000001, 0),
		Vector3.new(-10, -0.2, 0),
		Vector3.new(-6.800000000000001, 2.9000000000000004, 0),
		Vector3.new(-5.5, 1, 0),
		Vector3.new(-4.2, -0.8, 0),
		Vector3.new(-4.1000000000000005, 0.1, 0),
		Vector3.new(-5.300000000000001, 2.1, 0),
		Vector3.new(-6.1000000000000005, 3.5, 0),
		Vector3.new(-5, 2.7, 0),
		Vector3.new(-3.8000000000000003, 1, 0),
		Vector3.new(-2.4000000000000004, -1.2000000000000002, 0),
		Vector3.new(-3.2, -2, 0),
		Vector3.new(-5.7, 0.1, 0),
		Vector3.new(-6.9, -0.9, 0),
		Vector3.new(-4.2, -3.8000000000000003, 0),
	},
}
