local wires = {
	{
		Vector3.new(0, 0.1, 1.2000000000000002),
		Vector3.new(0, 0.6000000000000001, 2.2),
		Vector3.new(0, 1.3, 2.8000000000000003),
		Vector3.new(0, 0.8, 3.2),
		Vector3.new(0, 0.30000000000000004, 3.5),
		Vector3.new(0, 0, 4.5),
		Vector3.new(0, 0.1, 5.7),
		Vector3.new(0, 0.5, 6.6000000000000005),
		Vector3.new(0, 0.9, 6.9),
		Vector3.new(0, 1.9000000000000001, 7.2),
		Vector3.new(0, 2.6, 7.2),
		Vector3.new(0, 2.6, 8.4),
		Vector3.new(0, 1.8, 8.6),
		Vector3.new(0, 0.7000000000000001, 9),
		Vector3.new(0, 0.30000000000000004, 9.4),
		Vector3.new(0, -0.2, 10.200000000000001),
		Vector3.new(0, -0.2, 11),
		Vector3.new(0, -0.1, 12),
		Vector3.new(0, 0.30000000000000004, 12.5),
		Vector3.new(0, 0.9, 12.8),
		Vector3.new(0, 1.7000000000000002, 12.600000000000001),
		Vector3.new(0, 1.3, 11.8),
		Vector3.new(0, 1.3, 11.100000000000001),
		Vector3.new(0, 2.1, 10.600000000000001),
		Vector3.new(0, 3.2, 10.3),
		Vector3.new(0, 4.3, 10.3),
		Vector3.new(0, 5.5, 10.700000000000001),
		Vector3.new(0, 6, 11.5),
		Vector3.new(0, 6.300000000000001, 12.3),
		Vector3.new(0, 6.2, 13.3),
		Vector3.new(0, 0.2, 13.3),
		Vector3.new(0, 0.2, 15.4),
	},
	{
		Vector3.new(0, 0.2, 15.4),
		Vector3.new(0, 10.100000000000001, 15.4),
		Vector3.new(0, 10.4, 13.3),
		Vector3.new(0, 6.9, 13.3),
		Vector3.new(0, 7, 12.4),
		Vector3.new(0, 7.6000000000000005, 11.8),
		Vector3.new(0, 8.6, 11.3),
		Vector3.new(0, 9.700000000000001, 11.200000000000001),
		Vector3.new(0, 10.600000000000001, 11.700000000000001),
		Vector3.new(0, 11.200000000000001, 12.600000000000001),
		Vector3.new(0, 11.3, 14.3),
		Vector3.new(0, 10.8, 15.600000000000001),
		Vector3.new(0, 10.4, 16.2),
		Vector3.new(0, 9.700000000000001, 16.8),
		Vector3.new(0, 8.5, 17.2),
		Vector3.new(0, 7.1000000000000005, 17.1),
		Vector3.new(0, 6.4, 16.6),
		Vector3.new(0, 6.4, 17.3),
		Vector3.new(0, 6.800000000000001, 18),
		Vector3.new(0, 7.5, 18.5),
		Vector3.new(0, 8.8, 18.5),
		Vector3.new(0, 9.8, 18),
		Vector3.new(0, 10.600000000000001, 17.3),
		Vector3.new(0, 11.200000000000001, 16.400000000000002),
	},
	{
		Vector3.new(0, 11.200000000000001, 16.400000000000002),
		Vector3.new(0, 11.700000000000001, 15.100000000000001),
		Vector3.new(0, 12, 13.8),
		Vector3.new(0, 11.9, 12.4),
		Vector3.new(0, 11.600000000000001, 11.5),
		Vector3.new(0, 11.200000000000001, 10.8),
		Vector3.new(0, 10.600000000000001, 10.200000000000001),
		Vector3.new(0, 9.700000000000001, 9.700000000000001),
		Vector3.new(0, 8.6, 9.8),
		Vector3.new(0, 7.7, 10.100000000000001),
		Vector3.new(0, 7, 10.9),
		Vector3.new(0, 6.5, 9.8),
		Vector3.new(0, 6.300000000000001, 9.3),
		Vector3.new(0, 5.300000000000001, 8.6),
		Vector3.new(0, 3.9000000000000004, 8.3),
		Vector3.new(0, 2.6, 8.4),
		Vector3.new(0, 2.7, 7.2),
		Vector3.new(0, 10.9, 7.2),
		Vector3.new(0, 11.100000000000001, 5),
		Vector3.new(0, 2.2, 5),
		Vector3.new(0, 1.5, 4.6000000000000005),
	},
	{
		Vector3.new(0, 1.5, 4.6000000000000005),
		Vector3.new(0, 1.4000000000000001, 3.9000000000000004),
		Vector3.new(0, 1.7000000000000002, 3.4000000000000004),
		Vector3.new(0, 2.3000000000000003, 3.1),
		Vector3.new(0, 2.8000000000000003, 3.2),
		Vector3.new(0, 4, 3.2),
		Vector3.new(0, 5.300000000000001, 3),
		Vector3.new(0, 6.7, 2.4000000000000004),
		Vector3.new(0, 7.5, 1.7000000000000002),
		Vector3.new(0, 7.9, 0.7000000000000001),
		Vector3.new(0, 8, -0.5),
		Vector3.new(0, 7.1000000000000005, -0.4),
		Vector3.new(0, 6.800000000000001, 0.2),
		Vector3.new(0, 6.2, 0.6000000000000001),
		Vector3.new(0, 4.9, 0.9),
		Vector3.new(0, 3.2, 1),
		Vector3.new(0, 2, 0.8),
		Vector3.new(0, 1.5, 0.30000000000000004),
		Vector3.new(0, 1.6, -0.8),
		Vector3.new(0, 2.9000000000000004, -1.5),
		Vector3.new(0, 4.2, -1.5),
		Vector3.new(0, 4.800000000000001, -1.5),
		Vector3.new(0, 5.2, -0.9),
		Vector3.new(0, 5.7, -0.8),
		Vector3.new(0, 6.300000000000001, -1.3),
		Vector3.new(0, 7, -0.9),
		Vector3.new(0, 8, -0.5),
		Vector3.new(0, 7.800000000000001, -1.3),
		Vector3.new(0, 7.300000000000001, -2),
		Vector3.new(0, 6.6000000000000005, -2.4000000000000004),
		Vector3.new(0, 5.800000000000001, -2.6),
		Vector3.new(0, 5.5, -3.3000000000000003),
		Vector3.new(0, 5.9, -4.2),
		Vector3.new(0, 6.6000000000000005, -4.6000000000000005),
		Vector3.new(0, 7.300000000000001, -5.2),
		Vector3.new(0, 7.800000000000001, -6),
		Vector3.new(0, 8, -7.2),
		Vector3.new(0, 7.2, -7.5),
		Vector3.new(0, 7, -6.9),
		Vector3.new(0, 6.300000000000001, -6.4),
		Vector3.new(0, 5.6000000000000005, -6.2),
	},
	{
		Vector3.new(0, 5.6000000000000005, -6.2),
		Vector3.new(0, 4.6000000000000005, -6),
		Vector3.new(0, 3.4000000000000004, -6),
		Vector3.new(0, 2.7, -6),
		Vector3.new(0, 1.8, -6.300000000000001),
		Vector3.new(0, 1.4000000000000001, -7.2),
		Vector3.new(0, 1.5, -7.7),
		Vector3.new(0, 2.1, -8.200000000000001),
		Vector3.new(0, 3, -8.4),
		Vector3.new(0, 4.1000000000000005, -8.6),
		Vector3.new(0, 4.800000000000001, -8.5),
		Vector3.new(0, 5.2, -7.9),
		Vector3.new(0, 6.1000000000000005, -8),
		Vector3.new(0, 6.9, -8),
		Vector3.new(0, 8, -7.6000000000000005),
		Vector3.new(0, 7.800000000000001, -8.200000000000001),
		Vector3.new(0, 7.5, -8.8),
		Vector3.new(0, 6.800000000000001, -9.3),
		Vector3.new(0, 6.2, -9.600000000000001),
		Vector3.new(0, 5.6000000000000005, -9.700000000000001),
		Vector3.new(0, 5.5, -10.3),
		Vector3.new(0, 5.9, -11.200000000000001),
		Vector3.new(0, 6.4, -11.5),
		Vector3.new(0, 7, -11.8),
		Vector3.new(0, 7.5, -12.4),
		Vector3.new(0, 7.800000000000001, -13),
		Vector3.new(0, 8, -13.700000000000001),
		Vector3.new(0, 8, -14.4),
		Vector3.new(0, 7.4, -15.200000000000001),
		Vector3.new(0, 6.7, -15.200000000000001),
		Vector3.new(0, 7.1000000000000005, -14.9),
		Vector3.new(0, 7.1000000000000005, -14.200000000000001),
		Vector3.new(0, 6.6000000000000005, -13.700000000000001),
		Vector3.new(0, 5.9, -13.3),
		Vector3.new(0, 4.6000000000000005, -13.100000000000001),
		Vector3.new(0, 3.7, -13),
		Vector3.new(0, 2.6, -13.100000000000001),
		Vector3.new(0, 1.9000000000000001, -13.3),
		Vector3.new(0, 1.4000000000000001, -13.700000000000001),
		Vector3.new(0, 1.3, -14.3),
		Vector3.new(0, 1.6, -14.9),
		Vector3.new(0, 2.2, -15.3),
	},
	{
		Vector3.new(0, 2.2, -15.3),
		Vector3.new(0, 10.8, -15.4),
		Vector3.new(0, 11.100000000000001, -17.6),
		Vector3.new(0, 2.1, -17.5),
		Vector3.new(0, 1.6, -17.7),
		Vector3.new(0, 1.4000000000000001, -18.7),
		Vector3.new(0, 1.7000000000000002, -19.200000000000003),
		Vector3.new(0, 2.3000000000000003, -19.5),
		Vector3.new(0, 2.8000000000000003, -19.6),
		Vector3.new(0, 2.8000000000000003, -20.200000000000003),
		Vector3.new(0, 2, -20),
		Vector3.new(0, 1.1, -19.700000000000003),
		Vector3.new(0, 0.7000000000000001, -19.3),
		Vector3.new(0, 0.2, -18.7),
		Vector3.new(0, 0, -18.1),
		Vector3.new(0, 0, -17.3),
		Vector3.new(0, 0.1, -16.6),
		Vector3.new(0, 0.4, -16.2),
		Vector3.new(0, 0.9, -15.8),
		Vector3.new(0, 0.8, -15.200000000000001),
		Vector3.new(0, 0.30000000000000004, -14.700000000000001),
		Vector3.new(0, 0, -14.3),
		Vector3.new(0, 0, -13.4),
		Vector3.new(0, 0.1, -12.700000000000001),
		Vector3.new(0, 0.5, -12.100000000000001),
		Vector3.new(0, 1, -11.5),
		Vector3.new(0, 2, -11.100000000000001),
		Vector3.new(0, 2.9000000000000004, -10.9),
		Vector3.new(0, 3.8000000000000003, -10.9),
	},
	{
		Vector3.new(0, 3.8000000000000003, -10.9),
		Vector3.new(0, 4.7, -10.9),
		Vector3.new(0, 5.2, -11),
		Vector3.new(0, 4.7, -9.8),
		Vector3.new(0, 3.9000000000000004, -9.700000000000001),
		Vector3.new(0, 2.7, -9.700000000000001),
		Vector3.new(0, 2.1, -9.5),
		Vector3.new(0, 1.4000000000000001, -9.200000000000001),
		Vector3.new(0, 0.9, -8.9),
		Vector3.new(0, 0.5, -8.4),
		Vector3.new(0, 0.2, -7.9),
		Vector3.new(0, 0, -7.1000000000000005),
		Vector3.new(0, 0, -6.4),
		Vector3.new(0, 0.1, -5.7),
		Vector3.new(0, 0.5, -5.1000000000000005),
		Vector3.new(0, 0.9, -4.6000000000000005),
		Vector3.new(0, 1.6, -4.2),
		Vector3.new(0, 2.4000000000000004, -3.9000000000000004),
		Vector3.new(0, 3.4000000000000004, -3.8000000000000003),
		Vector3.new(0, 4.1000000000000005, -3.8000000000000003),
		Vector3.new(0, 5.1000000000000005, -4),
		Vector3.new(0, 4.7, -2.7),
		Vector3.new(0, 4, -2.7),
		Vector3.new(0, 3.1, -2.6),
		Vector3.new(0, 2.4000000000000004, -2.6),
		Vector3.new(0, 1.7000000000000002, -2.4000000000000004),
		Vector3.new(0, 1.2000000000000002, -2.1),
		Vector3.new(0, 0.6000000000000001, -1.6),
		Vector3.new(0, 0.30000000000000004, -1.1),
		Vector3.new(0, 0.1, -0.6000000000000001),
		Vector3.new(0, 0, -0.1),
		Vector3.new(-0.30000000000000004, -11.3, -0.30000000000000004),
	},
	{
		Vector3.new(-0.30000000000000004, -11.3, -0.30000000000000004),
		Vector3.new(-5.2, -12, -0.9),
		Vector3.new(-4.7, -12, -2.5),
		Vector3.new(-3.6, -12, -3.9000000000000004),
		Vector3.new(-2.2, -11.9, -4.800000000000001),
		Vector3.new(-0.6000000000000001, -11.8, -5.2),
		Vector3.new(1.1, -11.8, -5),
		Vector3.new(2.6, -11.700000000000001, -4.2),
		Vector3.new(3.8000000000000003, -11.600000000000001, -3),
		Vector3.new(4.4, -11.5, -1.4000000000000001),
		Vector3.new(4.5, -11.5, 0.30000000000000004),
		Vector3.new(4, -11.5, 1.9000000000000001),
		Vector3.new(3, -11.5, 3.2),
		Vector3.new(1.6, -11.5, 4.2),
		Vector3.new(-0.1, -11.600000000000001, 4.5),
		Vector3.new(-1.8, -11.700000000000001, 4.3),
		Vector3.new(-3.3000000000000003, -11.8, 3.6),
		Vector3.new(-4.4, -11.8, 2.3000000000000003),
		Vector3.new(-5.1000000000000005, -11.9, 0.8),
		Vector3.new(-5.2, -12, -0.9),
	},
	{
		Vector3.new(-5.2, -12, -0.9),
		Vector3.new(-9.8, -13.5, -1.5),
		Vector3.new(-9.4, -13.5, -3.1),
		Vector3.new(-8.8, -13.5, -4.6000000000000005),
		Vector3.new(-7.9, -13.5, -6.1000000000000005),
		Vector3.new(-6.800000000000001, -13.5, -7.300000000000001),
		Vector3.new(-5.5, -13.4, -8.3),
		Vector3.new(-4, -13.4, -9.1),
		Vector3.new(-2.4000000000000004, -13.3, -9.600000000000001),
		Vector3.new(-0.8, -13.200000000000001, -9.9),
		Vector3.new(0.9, -13.200000000000001, -9.8),
		Vector3.new(2.5, -13.100000000000001, -9.5),
		Vector3.new(4.1000000000000005, -13, -8.8),
		Vector3.new(5.5, -12.9, -8),
		Vector3.new(6.7, -12.8, -6.800000000000001),
		Vector3.new(7.800000000000001, -12.700000000000001, -5.5),
		Vector3.new(8.6, -12.700000000000001, -4),
		Vector3.new(9.1, -12.600000000000001, -2.5),
		Vector3.new(9.3, -12.5, -0.8),
		Vector3.new(9.3, -12.5, 0.9),
		Vector3.new(8.9, -12.5, 2.5),
	},
	{
		Vector3.new(8.9, -12.5, 2.5),
		Vector3.new(8.3, -12.5, 4.1000000000000005),
		Vector3.new(7.4, -12.5, 5.5),
		Vector3.new(6.300000000000001, -12.5, 6.7),
		Vector3.new(4.9, -12.5, 7.800000000000001),
		Vector3.new(3.5, -12.600000000000001, 8.5),
		Vector3.new(1.9000000000000001, -12.700000000000001, 9.1),
		Vector3.new(0.2, -12.700000000000001, 9.3),
		Vector3.new(-1.4000000000000001, -12.8, 9.200000000000001),
		Vector3.new(-3.1, -12.9, 8.9),
		Vector3.new(-4.6000000000000005, -13, 8.3),
		Vector3.new(-6, -13.100000000000001, 7.4),
		Vector3.new(-7.300000000000001, -13.200000000000001, 6.300000000000001),
		Vector3.new(-8.3, -13.200000000000001, 4.9),
		Vector3.new(-9.1, -13.3, 3.5),
		Vector3.new(-9.600000000000001, -13.4, 1.9000000000000001),
		Vector3.new(-9.8, -13.4, 0.2),
		Vector3.new(-9.8, -13.5, -1.5),
		Vector3.new(-14.100000000000001, -15.700000000000001, -1.9000000000000001),
		Vector3.new(-13.600000000000001, -15.8, -4.3),
	},
	{
		Vector3.new(-13.600000000000001, -15.8, -4.3),
		Vector3.new(-12.700000000000001, -15.8, -6.6000000000000005),
		Vector3.new(-11.4, -15.8, -8.700000000000001),
		Vector3.new(-9.700000000000001, -15.700000000000001, -10.5),
		Vector3.new(-7.800000000000001, -15.700000000000001, -12),
		Vector3.new(-5.6000000000000005, -15.600000000000001, -13.200000000000001),
		Vector3.new(-3.3000000000000003, -15.5, -13.9),
		Vector3.new(-0.9, -15.4, -14.3),
		Vector3.new(1.5, -15.3, -14.200000000000001),
		Vector3.new(3.9000000000000004, -15.200000000000001, -13.700000000000001),
		Vector3.new(6.2, -15, -12.700000000000001),
		Vector3.new(8.3, -14.9, -11.5),
		Vector3.new(10.100000000000001, -14.8, -9.8),
		Vector3.new(11.600000000000001, -14.700000000000001, -7.9),
		Vector3.new(12.700000000000001, -14.600000000000001, -5.7),
		Vector3.new(13.5, -14.5, -3.4000000000000004),
	},
	{
		Vector3.new(13.5, -14.5, -3.4000000000000004),
		Vector3.new(13.8, -14.4, -1),
		Vector3.new(13.700000000000001, -14.4, 1.5),
		Vector3.new(13.200000000000001, -14.3, 3.9000000000000004),
		Vector3.new(12.3, -14.3, 6.1000000000000005),
		Vector3.new(11, -14.3, 8.200000000000001),
		Vector3.new(9.4, -14.4, 10),
		Vector3.new(7.5, -14.4, 11.5),
		Vector3.new(5.300000000000001, -14.5, 12.700000000000001),
		Vector3.new(3, -14.600000000000001, 13.4),
		Vector3.new(0.6000000000000001, -14.700000000000001, 13.8),
		Vector3.new(-1.9000000000000001, -14.8, 13.700000000000001),
		Vector3.new(-4.3, -14.9, 13.200000000000001),
		Vector3.new(-6.5, -15, 12.3),
		Vector3.new(-8.6, -15.200000000000001, 11),
		Vector3.new(-10.4, -15.3, 9.3),
	},
	{
		Vector3.new(-10.4, -15.3, 9.3),
		Vector3.new(-11.9, -15.4, 7.4),
		Vector3.new(-13.100000000000001, -15.5, 5.2),
		Vector3.new(-13.8, -15.600000000000001, 2.9000000000000004),
		Vector3.new(-14.200000000000001, -15.700000000000001, 0.5),
		Vector3.new(-14.100000000000001, -15.700000000000001, -1.9000000000000001),
		Vector3.new(-17.900000000000002, -18.7, -2.4000000000000004),
		Vector3.new(-17.3, -18.8, -5.4),
		Vector3.new(-16.1, -18.8, -8.4),
		Vector3.new(-14.4, -18.8, -11),
		Vector3.new(-12.3, -18.7, -13.4),
		Vector3.new(-9.9, -18.7, -15.3),
		Vector3.new(-7.1000000000000005, -18.6, -16.8),
	},
	{
		Vector3.new(-7.1000000000000005, -18.6, -16.8),
		Vector3.new(-4.1000000000000005, -18.5, -17.8),
		Vector3.new(-1, -18.3, -18.2),
		Vector3.new(2.2, -18.2, -18.1),
		Vector3.new(5.2, -18, -17.400000000000002),
		Vector3.new(8.1, -17.900000000000002, -16.3),
		Vector3.new(10.8, -17.7, -14.600000000000001),
		Vector3.new(13.100000000000001, -17.5, -12.5),
		Vector3.new(15.100000000000001, -17.400000000000002, -10),
		Vector3.new(16.6, -17.2, -7.2),
		Vector3.new(17.5, -17.1, -4.2),
		Vector3.new(18, -17, -1.1),
		Vector3.new(17.8, -17, 2),
	},
	{
		Vector3.new(17.8, -17, 2),
		Vector3.new(17.2, -16.900000000000002, 5.1000000000000005),
		Vector3.new(16, -16.900000000000002, 8),
		Vector3.new(14.3, -16.900000000000002, 10.700000000000001),
		Vector3.new(12.200000000000001, -17, 13),
		Vector3.new(9.8, -17, 15),
		Vector3.new(7, -17.1, 16.400000000000002),
		Vector3.new(4, -17.2, 17.400000000000002),
		Vector3.new(0.9, -17.400000000000002, 17.8),
		Vector3.new(-2.3000000000000003, -17.5, 17.7),
		Vector3.new(-5.300000000000001, -17.7, 17.1),
		Vector3.new(-8.200000000000001, -17.900000000000002, 15.9),
		Vector3.new(-10.9, -18, 14.200000000000001),
	},
	{
		Vector3.new(-10.9, -18, 14.200000000000001),
		Vector3.new(-13.200000000000001, -18.2, 12.100000000000001),
		Vector3.new(-15.200000000000001, -18.3, 9.700000000000001),
		Vector3.new(-16.6, -18.5, 6.9),
		Vector3.new(-17.6, -18.6, 3.9000000000000004),
		Vector3.new(-18, -18.7, 0.8),
		Vector3.new(-17.900000000000002, -18.7, -2.4000000000000004),
		Vector3.new(-21.200000000000003, -22.400000000000002, -2.7),
		Vector3.new(-20.400000000000002, -22.400000000000002, -6.4),
		Vector3.new(-19, -22.400000000000002, -9.8),
		Vector3.new(-17, -22.400000000000002, -13),
	},
	{
		Vector3.new(-17, -22.400000000000002, -13),
		Vector3.new(-14.5, -22.400000000000002, -15.8),
		Vector3.new(-11.600000000000001, -22.3, -18.1),
		Vector3.new(-8.3, -22.200000000000003, -19.900000000000002),
		Vector3.new(-4.7, -22, -21),
		Vector3.new(-1, -21.900000000000002, -21.6),
		Vector3.new(2.7, -21.700000000000003, -21.400000000000002),
		Vector3.new(6.4, -21.5, -20.700000000000003),
		Vector3.new(9.9, -21.3, -19.3),
		Vector3.new(13.100000000000001, -21.1, -17.3),
		Vector3.new(15.8, -20.900000000000002, -14.8),
	},
	{
		Vector3.new(15.8, -20.900000000000002, -14.8),
		Vector3.new(18.1, -20.700000000000003, -11.8),
		Vector3.new(19.900000000000002, -20.6, -8.5),
		Vector3.new(21.1, -20.400000000000002, -4.9),
		Vector3.new(21.6, -20.3, -1.2000000000000002),
		Vector3.new(21.400000000000002, -20.200000000000003, 2.5),
		Vector3.new(20.700000000000003, -20.200000000000003, 6.2),
		Vector3.new(19.3, -20.200000000000003, 9.700000000000001),
		Vector3.new(17.3, -20.200000000000003, 12.8),
		Vector3.new(14.8, -20.200000000000003, 15.600000000000001),
		Vector3.new(11.8, -20.3, 17.900000000000002),
	},
	{
		Vector3.new(11.8, -20.3, 17.900000000000002),
		Vector3.new(8.5, -20.400000000000002, 19.700000000000003),
		Vector3.new(4.9, -20.6, 20.900000000000002),
		Vector3.new(1.2000000000000002, -20.700000000000003, 21.400000000000002),
		Vector3.new(-2.5, -20.900000000000002, 21.3),
		Vector3.new(-6.2, -21.1, 20.5),
		Vector3.new(-9.600000000000001, -21.3, 19.1),
		Vector3.new(-12.8, -21.5, 17.1),
		Vector3.new(-15.600000000000001, -21.700000000000003, 14.600000000000001),
		Vector3.new(-17.900000000000002, -21.900000000000002, 11.600000000000001),
		Vector3.new(-19.700000000000003, -22, 8.3),
	},
	{
		Vector3.new(-19.700000000000003, -22, 8.3),
		Vector3.new(-20.8, -22.200000000000003, 4.800000000000001),
		Vector3.new(-21.3, -22.3, 1),
		Vector3.new(-21.200000000000003, -22.400000000000002, -2.7),
		Vector3.new(-23.8, -26.5, -2.9000000000000004),
		Vector3.new(-22.900000000000002, -26.6, -7.1000000000000005),
		Vector3.new(-21.3, -26.6, -11),
		Vector3.new(-19.1, -26.6, -14.600000000000001),
		Vector3.new(-16.2, -26.5, -17.8),
		Vector3.new(-12.9, -26.400000000000002, -20.400000000000002),
	},
	{
		Vector3.new(-12.9, -26.400000000000002, -20.400000000000002),
		Vector3.new(-9.200000000000001, -26.3, -22.400000000000002),
		Vector3.new(-5.1000000000000005, -26.1, -23.700000000000003),
		Vector3.new(-1, -25.900000000000002, -24.3),
		Vector3.new(3.3000000000000003, -25.700000000000003, -24.1),
		Vector3.new(7.4, -25.5, -23.200000000000003),
		Vector3.new(11.3, -25.3, -21.700000000000003),
		Vector3.new(14.9, -25.1, -19.400000000000002),
		Vector3.new(18.1, -24.900000000000002, -16.6),
	},
	{
		Vector3.new(18.1, -24.900000000000002, -16.6),
		Vector3.new(20.700000000000003, -24.700000000000003, -13.200000000000001),
		Vector3.new(22.700000000000003, -24.5, -9.5),
		Vector3.new(24, -24.3, -5.5),
		Vector3.new(24.6, -24.200000000000003, -1.3),
		Vector3.new(24.400000000000002, -24.1, 3),
		Vector3.new(23.5, -24.1, 7.1000000000000005),
		Vector3.new(21.900000000000002, -24, 11),
		Vector3.new(19.700000000000003, -24.1, 14.600000000000001),
	},
	{
		Vector3.new(19.700000000000003, -24.1, 14.600000000000001),
		Vector3.new(16.900000000000002, -24.1, 17.8),
		Vector3.new(13.5, -24.200000000000003, 20.400000000000002),
		Vector3.new(9.8, -24.3, 22.400000000000002),
		Vector3.new(5.800000000000001, -24.5, 23.700000000000003),
		Vector3.new(1.6, -24.700000000000003, 24.3),
		Vector3.new(-2.7, -24.900000000000002, 24.1),
		Vector3.new(-6.800000000000001, -25.1, 23.3),
		Vector3.new(-10.700000000000001, -25.3, 21.700000000000003),
	},
	{
		Vector3.new(-10.700000000000001, -25.3, 21.700000000000003),
		Vector3.new(-14.3, -25.5, 19.400000000000002),
		Vector3.new(-17.5, -25.700000000000003, 16.6),
		Vector3.new(-20.1, -25.900000000000002, 13.3),
		Vector3.new(-22.1, -26.1, 9.5),
		Vector3.new(-23.400000000000002, -26.3, 5.5),
		Vector3.new(-23.900000000000002, -26.400000000000002, 1.3),
		Vector3.new(-23.8, -26.5, -2.9000000000000004),
		Vector3.new(-25.6, -31, -3.1),
	},
	{
		Vector3.new(-25.6, -31, -3.1),
		Vector3.new(-24.700000000000003, -31.1, -7.6000000000000005),
		Vector3.new(-23, -31.1, -11.9),
		Vector3.new(-20.5, -31.1, -15.8),
		Vector3.new(-17.5, -31, -19.200000000000003),
		Vector3.new(-13.8, -30.900000000000002, -22),
		Vector3.new(-9.8, -30.8, -24.200000000000003),
		Vector3.new(-5.4, -30.6, -25.6),
		Vector3.new(-0.9, -30.400000000000002, -26.200000000000003),
	},
	{
		Vector3.new(-0.9, -30.400000000000002, -26.200000000000003),
		Vector3.new(3.7, -30.200000000000003, -26.1),
		Vector3.new(8.200000000000001, -30, -25.1),
		Vector3.new(12.5, -29.700000000000003, -23.400000000000002),
		Vector3.new(16.400000000000002, -29.5, -21),
		Vector3.new(19.8, -29.3, -17.900000000000002),
		Vector3.new(22.6, -29, -14.3),
		Vector3.new(24.8, -28.900000000000002, -10.200000000000001),
		Vector3.new(26.200000000000003, -28.700000000000003, -5.800000000000001),
	},
	{
		Vector3.new(26.200000000000003, -28.700000000000003, -5.800000000000001),
		Vector3.new(26.8, -28.5, -1.3),
		Vector3.new(26.700000000000003, -28.400000000000002, 3.3000000000000003),
		Vector3.new(25.700000000000003, -28.400000000000002, 7.800000000000001),
		Vector3.new(24, -28.400000000000002, 12.100000000000001),
		Vector3.new(21.6, -28.400000000000002, 16),
		Vector3.new(18.5, -28.400000000000002, 19.400000000000002),
		Vector3.new(14.9, -28.5, 22.200000000000003),
		Vector3.new(10.8, -28.700000000000003, 24.400000000000002),
	},
	{
		Vector3.new(10.8, -28.700000000000003, 24.400000000000002),
		Vector3.new(6.4, -28.900000000000002, 25.8),
		Vector3.new(1.9000000000000001, -29, 26.400000000000002),
		Vector3.new(-2.7, -29.3, 26.3),
		Vector3.new(-7.2, -29.5, 25.3),
		Vector3.new(-11.5, -29.700000000000003, 23.6),
		Vector3.new(-15.4, -30, 21.200000000000003),
		Vector3.new(-18.8, -30.200000000000003, 18.1),
		Vector3.new(-21.6, -30.400000000000002, 14.5),
	},
	{
		Vector3.new(-21.6, -30.400000000000002, 14.5),
		Vector3.new(-23.8, -30.6, 10.4),
		Vector3.new(-25.200000000000003, -30.8, 6.1000000000000005),
		Vector3.new(-25.8, -30.900000000000002, 1.5),
		Vector3.new(-25.6, -31, -3.1),
		Vector3.new(-26.700000000000003, -35.800000000000004, -3.1),
		Vector3.new(-25.700000000000003, -35.9, -7.800000000000001),
		Vector3.new(-23.900000000000002, -35.9, -12.3),
		Vector3.new(-21.3, -35.9, -16.400000000000002),
	},
	{
		Vector3.new(-21.3, -35.9, -16.400000000000002),
		Vector3.new(-18.1, -35.800000000000004, -20),
		Vector3.new(-14.3, -35.7, -23),
		Vector3.new(-10, -35.6, -25.200000000000003),
		Vector3.new(-5.5, -35.4, -26.700000000000003),
		Vector3.new(-0.7000000000000001, -35.2, -27.400000000000002),
		Vector3.new(4.1000000000000005, -35, -27.200000000000003),
		Vector3.new(8.8, -34.7, -26.200000000000003),
	},
	{
		Vector3.new(8.8, -34.7, -26.200000000000003),
		Vector3.new(13.3, -34.5, -24.400000000000002),
		Vector3.new(17.400000000000002, -34.2, -21.900000000000002),
		Vector3.new(20.900000000000002, -34, -18.6),
		Vector3.new(23.900000000000002, -33.7, -14.8),
		Vector3.new(26.200000000000003, -33.5, -10.600000000000001),
		Vector3.new(27.6, -33.4, -6),
		Vector3.new(28.3, -33.2, -1.2000000000000002),
	},
	{
		Vector3.new(28.3, -33.2, -1.2000000000000002),
		Vector3.new(28.1, -33.1, 3.6),
		Vector3.new(27.1, -33, 8.3),
		Vector3.new(25.3, -33, 12.8),
		Vector3.new(22.8, -33, 16.8),
		Vector3.new(19.6, -33.1, 20.400000000000002),
		Vector3.new(15.8, -33.2, 23.400000000000002),
		Vector3.new(11.5, -33.4, 25.700000000000003),
	},
	{
		Vector3.new(11.5, -33.4, 25.700000000000003),
		Vector3.new(6.9, -33.5, 27.200000000000003),
		Vector3.new(2.2, -33.7, 27.8),
		Vector3.new(-2.6, -34, 27.700000000000003),
		Vector3.new(-7.4, -34.2, 26.700000000000003),
		Vector3.new(-11.8, -34.5, 24.900000000000002),
		Vector3.new(-15.9, -34.7, 22.3),
		Vector3.new(-19.5, -35, 19.1),
	},
	{
		Vector3.new(-19.5, -35, 19.1),
		Vector3.new(-22.400000000000002, -35.2, 15.3),
		Vector3.new(-24.700000000000003, -35.4, 11),
		Vector3.new(-26.200000000000003, -35.6, 6.5),
		Vector3.new(-26.8, -35.7, 1.7000000000000002),
		Vector3.new(-26.700000000000003, -35.800000000000004, -3.1),
		Vector3.new(-26.900000000000002, -40.7, -3.1),
		Vector3.new(-25.900000000000002, -40.800000000000004, -7.9),
	},
	{
		Vector3.new(-25.900000000000002, -40.800000000000004, -7.9),
		Vector3.new(-24, -40.800000000000004, -12.4),
		Vector3.new(-21.400000000000002, -40.800000000000004, -16.5),
		Vector3.new(-18.2, -40.7, -20.200000000000003),
		Vector3.new(-14.3, -40.6, -23.200000000000003),
		Vector3.new(-10, -40.5, -25.5),
		Vector3.new(-5.300000000000001, -40.300000000000004, -27),
		Vector3.new(-0.5, -40.1, -27.700000000000003),
	},
	{
		Vector3.new(-0.5, -40.1, -27.700000000000003),
		Vector3.new(4.4, -39.800000000000004, -27.5),
		Vector3.new(9.200000000000001, -39.6, -26.5),
		Vector3.new(13.700000000000001, -39.300000000000004, -24.700000000000003),
		Vector3.new(17.900000000000002, -39.1, -22.1),
		Vector3.new(21.5, -38.800000000000004, -18.8),
		Vector3.new(24.5, -38.6, -15),
		Vector3.new(26.8, -38.400000000000006, -10.600000000000001),
	},
	{
		Vector3.new(26.8, -38.400000000000006, -10.600000000000001),
		Vector3.new(28.3, -38.2, -6),
		Vector3.new(29, -38.1, -1.1),
		Vector3.new(28.8, -37.9, 3.7),
		Vector3.new(27.8, -37.9, 8.5),
		Vector3.new(25.900000000000002, -37.9, 13.100000000000001),
		Vector3.new(23.3, -37.9, 17.2),
		Vector3.new(20.1, -37.9, 20.900000000000002),
	},
	{
		Vector3.new(20.1, -37.9, 20.900000000000002),
		Vector3.new(16.2, -38.1, 23.900000000000002),
		Vector3.new(11.9, -38.2, 26.200000000000003),
		Vector3.new(7.300000000000001, -38.400000000000006, 27.700000000000003),
		Vector3.new(2.4000000000000004, -38.6, 28.400000000000002),
		Vector3.new(-2.5, -38.800000000000004, 28.200000000000003),
		Vector3.new(-7.300000000000001, -39.1, 27.200000000000003),
		Vector3.new(-11.8, -39.300000000000004, 25.400000000000002),
	},
	{
		Vector3.new(-11.8, -39.300000000000004, 25.400000000000002),
		Vector3.new(-15.9, -39.6, 22.8),
		Vector3.new(-19.6, -39.800000000000004, 19.5),
		Vector3.new(-22.6, -40.1, 15.600000000000001),
		Vector3.new(-24.900000000000002, -40.300000000000004, 11.3),
		Vector3.new(-26.400000000000002, -40.5, 6.7),
		Vector3.new(-27, -40.6, 1.8),
		Vector3.new(-26.900000000000002, -40.7, -3.1),
	},
	{
		Vector3.new(-26.900000000000002, -40.7, -3.1),
		Vector3.new(-26.200000000000003, -45.6, -2.9000000000000004),
		Vector3.new(-25.200000000000003, -45.6, -7.6000000000000005),
		Vector3.new(-23.400000000000002, -45.6, -12.100000000000001),
		Vector3.new(-20.900000000000002, -45.6, -16.2),
		Vector3.new(-17.6, -45.6, -19.8),
		Vector3.new(-13.8, -45.400000000000006, -22.700000000000003),
		Vector3.new(-9.600000000000001, -45.300000000000004, -25),
	},
	{
		Vector3.new(-9.600000000000001, -45.300000000000004, -25),
		Vector3.new(-5, -45.1, -26.5),
		Vector3.new(-0.2, -44.900000000000006, -27.200000000000003),
		Vector3.new(4.6000000000000005, -44.7, -27),
		Vector3.new(9.3, -44.400000000000006, -26),
		Vector3.new(13.700000000000001, -44.2, -24.200000000000003),
		Vector3.new(17.8, -43.900000000000006, -21.6),
		Vector3.new(21.400000000000002, -43.7, -18.400000000000002),
	},
	{
		Vector3.new(21.400000000000002, -43.7, -18.400000000000002),
		Vector3.new(24.400000000000002, -43.5, -14.600000000000001),
		Vector3.new(26.6, -43.300000000000004, -10.4),
		Vector3.new(28.1, -43.1, -5.800000000000001),
		Vector3.new(28.8, -42.900000000000006, -1),
		Vector3.new(28.6, -42.800000000000004, 3.8000000000000003),
		Vector3.new(27.6, -42.800000000000004, 8.5),
		Vector3.new(25.8, -42.7, 13),
	},
	{
		Vector3.new(25.8, -42.7, 13),
		Vector3.new(23.200000000000003, -42.800000000000004, 17.1),
		Vector3.new(20, -42.800000000000004, 20.700000000000003),
		Vector3.new(16.2, -42.900000000000006, 23.6),
		Vector3.new(12, -43.1, 25.900000000000002),
		Vector3.new(7.4, -43.300000000000004, 27.400000000000002),
		Vector3.new(2.6, -43.5, 28.1),
		Vector3.new(-2.2, -43.7, 27.900000000000002),
	},
	{
		Vector3.new(-2.2, -43.7, 27.900000000000002),
		Vector3.new(-6.9, -43.900000000000006, 26.900000000000002),
		Vector3.new(-11.4, -44.2, 25.1),
		Vector3.new(-15.4, -44.400000000000006, 22.5),
		Vector3.new(-19, -44.7, 19.3),
		Vector3.new(-22, -44.900000000000006, 15.5),
		Vector3.new(-24.200000000000003, -45.1, 11.3),
		Vector3.new(-25.700000000000003, -45.300000000000004, 6.7),
	},
	{
		Vector3.new(-25.700000000000003, -45.300000000000004, 6.7),
		Vector3.new(-26.400000000000002, -45.5, 1.9000000000000001),
		Vector3.new(-26.200000000000003, -45.6, -2.9000000000000004),
		Vector3.new(-24.700000000000003, -50.2, -2.6),
		Vector3.new(-23.8, -50.300000000000004, -7.1000000000000005),
		Vector3.new(-22.1, -50.300000000000004, -11.4),
		Vector3.new(-19.6, -50.300000000000004, -15.3),
		Vector3.new(-16.6, -50.2, -18.7),
		Vector3.new(-12.9, -50.1, -21.5),
	},
	{
		Vector3.new(-12.9, -50.1, -21.5),
		Vector3.new(-8.9, -50, -23.700000000000003),
		Vector3.new(-4.5, -49.800000000000004, -25.1),
		Vector3.new(0, -49.6, -25.8),
		Vector3.new(4.6000000000000005, -49.400000000000006, -25.6),
		Vector3.new(9.1, -49.2, -24.700000000000003),
		Vector3.new(13.4, -48.900000000000006, -22.900000000000002),
		Vector3.new(17.3, -48.7, -20.5),
		Vector3.new(20.700000000000003, -48.400000000000006, -17.400000000000002),
	},
	{
		Vector3.new(20.700000000000003, -48.400000000000006, -17.400000000000002),
		Vector3.new(23.5, -48.2, -13.8),
		Vector3.new(25.700000000000003, -48, -9.8),
		Vector3.new(27.1, -47.900000000000006, -5.4),
		Vector3.new(27.700000000000003, -47.7, -0.8),
		Vector3.new(27.6, -47.6, 3.8000000000000003),
		Vector3.new(26.6, -47.6, 8.3),
		Vector3.new(24.900000000000002, -47.5, 12.5),
		Vector3.new(22.400000000000002, -47.6, 16.400000000000002),
	},
	{
		Vector3.new(22.400000000000002, -47.6, 16.400000000000002),
		Vector3.new(19.400000000000002, -47.6, 19.8),
		Vector3.new(15.700000000000001, -47.7, 22.700000000000003),
		Vector3.new(11.700000000000001, -47.900000000000006, 24.8),
		Vector3.new(7.300000000000001, -48, 26.3),
		Vector3.new(2.8000000000000003, -48.2, 26.900000000000002),
		Vector3.new(-1.8, -48.400000000000006, 26.700000000000003),
		Vector3.new(-6.300000000000001, -48.7, 25.8),
		Vector3.new(-10.600000000000001, -48.900000000000006, 24.1),
	},
	{
		Vector3.new(-10.600000000000001, -48.900000000000006, 24.1),
		Vector3.new(-14.5, -49.2, 21.6),
		Vector3.new(-17.900000000000002, -49.400000000000006, 18.6),
		Vector3.new(-20.700000000000003, -49.6, 14.9),
		Vector3.new(-22.900000000000002, -49.800000000000004, 10.9),
		Vector3.new(-24.3, -50, 6.5),
		Vector3.new(-24.900000000000002, -50.1, 2),
		Vector3.new(-24.700000000000003, -50.2, -2.6),
		Vector3.new(-22.5, -54.5, -2.3000000000000003),
	},
	{
		Vector3.new(-22.5, -54.5, -2.3000000000000003),
		Vector3.new(-21.6, -54.6, -6.4),
		Vector3.new(-20, -54.6, -10.4),
		Vector3.new(-17.8, -54.6, -13.9),
		Vector3.new(-14.9, -54.5, -17.1),
		Vector3.new(-11.600000000000001, -54.400000000000006, -19.700000000000003),
		Vector3.new(-7.9, -54.300000000000004, -21.700000000000003),
		Vector3.new(-3.8000000000000003, -54.2, -23),
		Vector3.new(0.4, -54, -23.6),
	},
	{
		Vector3.new(0.4, -54, -23.6),
		Vector3.new(4.6000000000000005, -53.800000000000004, -23.5),
		Vector3.new(8.700000000000001, -53.6, -22.6),
		Vector3.new(12.700000000000001, -53.300000000000004, -21),
		Vector3.new(16.2, -53.1, -18.8),
		Vector3.new(19.400000000000002, -52.900000000000006, -15.9),
		Vector3.new(22, -52.7, -12.600000000000001),
		Vector3.new(24, -52.5, -8.8),
		Vector3.new(25.3, -52.400000000000006, -4.800000000000001),
	},
	{
		Vector3.new(25.3, -52.400000000000006, -4.800000000000001),
		Vector3.new(25.900000000000002, -52.2, -0.6000000000000001),
		Vector3.new(25.700000000000003, -52.2, 3.6),
		Vector3.new(24.8, -52.1, 7.800000000000001),
		Vector3.new(23.200000000000003, -52.1, 11.700000000000001),
		Vector3.new(21, -52.1, 15.3),
		Vector3.new(18.2, -52.2, 18.400000000000002),
		Vector3.new(14.8, -52.2, 21),
		Vector3.new(11.100000000000001, -52.400000000000006, 23),
	},
	{
		Vector3.new(11.100000000000001, -52.400000000000006, 23),
		Vector3.new(7.1000000000000005, -52.5, 24.400000000000002),
		Vector3.new(2.9000000000000004, -52.7, 24.900000000000002),
		Vector3.new(-1.4000000000000001, -52.900000000000006, 24.8),
		Vector3.new(-5.5, -53.1, 23.900000000000002),
		Vector3.new(-9.4, -53.300000000000004, 22.3),
		Vector3.new(-13, -53.6, 20.1),
		Vector3.new(-16.2, -53.800000000000004, 17.3),
		Vector3.new(-18.8, -54, 13.9),
	},
	{
		Vector3.new(-18.8, -54, 13.9),
		Vector3.new(-20.700000000000003, -54.2, 10.200000000000001),
		Vector3.new(-22.1, -54.300000000000004, 6.2),
		Vector3.new(-22.6, -54.400000000000006, 2),
		Vector3.new(-22.5, -54.5, -2.3000000000000003),
		Vector3.new(-19.5, -58.400000000000006, -1.8),
		Vector3.new(-18.7, -58.5, -5.5),
		Vector3.new(-17.3, -58.5, -9),
		Vector3.new(-15.3, -58.5, -12.200000000000001),
		Vector3.new(-12.8, -58.400000000000006, -15),
	},
	{
		Vector3.new(-12.8, -58.400000000000006, -15),
		Vector3.new(-9.9, -58.300000000000004, -17.3),
		Vector3.new(-6.6000000000000005, -58.2, -19),
		Vector3.new(-3, -58.1, -20.200000000000003),
		Vector3.new(0.7000000000000001, -57.900000000000006, -20.700000000000003),
		Vector3.new(4.4, -57.7, -20.6),
		Vector3.new(8.1, -57.5, -19.8),
		Vector3.new(11.600000000000001, -57.400000000000006, -18.400000000000002),
		Vector3.new(14.700000000000001, -57.2, -16.400000000000002),
		Vector3.new(17.5, -57, -13.9),
		Vector3.new(19.8, -56.800000000000004, -11),
	},
	{
		Vector3.new(19.8, -56.800000000000004, -11),
		Vector3.new(21.6, -56.6, -7.6000000000000005),
		Vector3.new(22.700000000000003, -56.5, -4.1000000000000005),
		Vector3.new(23.3, -56.400000000000006, -0.4),
		Vector3.new(23.1, -56.300000000000004, 3.4000000000000004),
		Vector3.new(22.3, -56.2, 7),
		Vector3.new(20.900000000000002, -56.2, 10.5),
		Vector3.new(19, -56.2, 13.700000000000001),
		Vector3.new(16.400000000000002, -56.300000000000004, 16.5),
		Vector3.new(13.5, -56.400000000000006, 18.8),
		Vector3.new(10.200000000000001, -56.5, 20.6),
	},
	{
		Vector3.new(10.200000000000001, -56.5, 20.6),
		Vector3.new(6.6000000000000005, -56.6, 21.700000000000003),
		Vector3.new(2.9000000000000004, -56.800000000000004, 22.200000000000003),
		Vector3.new(-0.8, -57, 22.1),
		Vector3.new(-4.5, -57.2, 21.3),
		Vector3.new(-8, -57.400000000000006, 19.900000000000002),
		Vector3.new(-11.100000000000001, -57.5, 17.900000000000002),
		Vector3.new(-13.9, -57.7, 15.4),
		Vector3.new(-16.2, -57.900000000000006, 12.5),
		Vector3.new(-18, -58.1, 9.200000000000001),
		Vector3.new(-19.1, -58.2, 5.6000000000000005),
	},
	{
		Vector3.new(-19.1, -58.2, 5.6000000000000005),
		Vector3.new(-19.700000000000003, -58.300000000000004, 1.9000000000000001),
		Vector3.new(-19.5, -58.400000000000006, -1.8),
		Vector3.new(-15.9, -61.7, -1.3),
		Vector3.new(-15.3, -61.7, -4.4),
		Vector3.new(-14.100000000000001, -61.800000000000004, -7.300000000000001),
		Vector3.new(-12.4, -61.7, -10),
		Vector3.new(-10.3, -61.7, -12.3),
		Vector3.new(-7.800000000000001, -61.6, -14.3),
		Vector3.new(-5.1000000000000005, -61.5, -15.8),
		Vector3.new(-2.1, -61.400000000000006, -16.7),
		Vector3.new(1, -61.300000000000004, -17.2),
	},
	{
		Vector3.new(1, -61.300000000000004, -17.2),
		Vector3.new(4.2, -61.1, -17.1),
		Vector3.new(7.2, -61, -16.400000000000002),
		Vector3.new(10.200000000000001, -60.800000000000004, -15.200000000000001),
		Vector3.new(12.8, -60.6, -13.600000000000001),
		Vector3.new(15.200000000000001, -60.5, -11.5),
		Vector3.new(17.1, -60.300000000000004, -9),
		Vector3.new(18.6, -60.2, -6.2),
		Vector3.new(19.5, -60.1, -3.2),
		Vector3.new(20, -60, -0.1),
		Vector3.new(19.900000000000002, -59.900000000000006, 3),
		Vector3.new(19.200000000000003, -59.900000000000006, 6.1000000000000005),
		Vector3.new(18, -59.900000000000006, 9),
	},
	{
		Vector3.new(18, -59.900000000000006, 9),
		Vector3.new(16.400000000000002, -59.900000000000006, 11.700000000000001),
		Vector3.new(14.200000000000001, -59.900000000000006, 14),
		Vector3.new(11.8, -60, 16),
		Vector3.new(9, -60.1, 17.5),
		Vector3.new(6, -60.2, 18.400000000000002),
		Vector3.new(2.9000000000000004, -60.300000000000004, 18.900000000000002),
		Vector3.new(-0.2, -60.5, 18.8),
		Vector3.new(-3.3000000000000003, -60.6, 18.1),
		Vector3.new(-6.2, -60.800000000000004, 16.900000000000002),
		Vector3.new(-8.9, -61, 15.3),
		Vector3.new(-11.200000000000001, -61.1, 13.200000000000001),
		Vector3.new(-13.200000000000001, -61.300000000000004, 10.700000000000001),
	},
	{
		Vector3.new(-13.200000000000001, -61.300000000000004, 10.700000000000001),
		Vector3.new(-14.600000000000001, -61.400000000000006, 7.9),
		Vector3.new(-15.600000000000001, -61.5, 4.9),
		Vector3.new(-16, -61.6, 1.8),
		Vector3.new(-15.9, -61.7, -1.3),
		Vector3.new(-11.8, -64.3, -0.8),
		Vector3.new(-11.3, -64.3, -3.2),
		Vector3.new(-10.4, -64.3, -5.5),
		Vector3.new(-9.1, -64.3, -7.5),
		Vector3.new(-7.5, -64.3, -9.3),
		Vector3.new(-5.5, -64.2, -10.9),
		Vector3.new(-3.4000000000000004, -64.2, -12),
		Vector3.new(-1.1, -64.10000000000001, -12.8),
		Vector3.new(1.4000000000000001, -64, -13.100000000000001),
	},
	{
		Vector3.new(1.4000000000000001, -64, -13.100000000000001),
		Vector3.new(3.8000000000000003, -63.900000000000006, -13),
		Vector3.new(6.2, -63.7, -12.5),
		Vector3.new(8.5, -63.6, -11.600000000000001),
		Vector3.new(10.5, -63.5, -10.3),
		Vector3.new(12.4, -63.400000000000006, -8.700000000000001),
		Vector3.new(13.9, -63.2, -6.7),
		Vector3.new(15, -63.1, -4.6000000000000005),
		Vector3.new(15.8, -63, -2.3000000000000003),
		Vector3.new(16.1, -63, 0.2),
		Vector3.new(16, -62.900000000000006, 2.6),
		Vector3.new(15.5, -62.900000000000006, 5),
		Vector3.new(14.600000000000001, -62.900000000000006, 7.300000000000001),
		Vector3.new(13.3, -62.900000000000006, 9.4),
		Vector3.new(11.700000000000001, -62.900000000000006, 11.200000000000001),
		Vector3.new(9.700000000000001, -63, 12.700000000000001),
	},
	{
		Vector3.new(9.700000000000001, -63, 12.700000000000001),
		Vector3.new(7.6000000000000005, -63, 13.8),
		Vector3.new(5.2, -63.1, 14.600000000000001),
		Vector3.new(2.8000000000000003, -63.2, 14.9),
		Vector3.new(0.4, -63.400000000000006, 14.8),
		Vector3.new(-2, -63.5, 14.3),
		Vector3.new(-4.3, -63.6, 13.4),
		Vector3.new(-6.4, -63.7, 12.100000000000001),
		Vector3.new(-8.200000000000001, -63.900000000000006, 10.5),
		Vector3.new(-9.700000000000001, -64, 8.6),
		Vector3.new(-10.8, -64.10000000000001, 6.4),
		Vector3.new(-11.600000000000001, -64.2, 4.1000000000000005),
		Vector3.new(-11.9, -64.2, 1.7000000000000002),
		Vector3.new(-11.8, -64.3, -0.8),
		Vector3.new(-7.300000000000001, -66.10000000000001, -0.2),
	},
	{
		Vector3.new(-7.300000000000001, -66.10000000000001, -0.2),
		Vector3.new(-7, -66.2, -1.8),
		Vector3.new(-6.4, -66.2, -3.4000000000000004),
		Vector3.new(-5.5, -66.2, -4.800000000000001),
		Vector3.new(-4.3, -66.10000000000001, -6.1000000000000005),
		Vector3.new(-3, -66.10000000000001, -7.1000000000000005),
		Vector3.new(-1.6, -66.10000000000001, -7.9),
		Vector3.new(0, -66, -8.4),
		Vector3.new(1.7000000000000002, -65.9, -8.6),
		Vector3.new(3.4000000000000004, -65.8, -8.6),
		Vector3.new(5, -65.8, -8.200000000000001),
		Vector3.new(6.5, -65.7, -7.6000000000000005),
		Vector3.new(8, -65.60000000000001, -6.7),
		Vector3.new(9.200000000000001, -65.5, -5.6000000000000005),
		Vector3.new(10.200000000000001, -65.4, -4.3),
		Vector3.new(11, -65.4, -2.8000000000000003),
		Vector3.new(11.5, -65.3, -1.2000000000000002),
		Vector3.new(11.8, -65.2, 0.5),
		Vector3.new(11.700000000000001, -65.2, 2.1),
		Vector3.new(11.4, -65.2, 3.8000000000000003),
		Vector3.new(10.700000000000001, -65.2, 5.300000000000001),
		Vector3.new(9.8, -65.2, 6.7),
		Vector3.new(8.700000000000001, -65.2, 8),
	},
	{
		Vector3.new(8.700000000000001, -65.2, 8),
		Vector3.new(7.4, -65.2, 9),
		Vector3.new(5.9, -65.3, 9.8),
		Vector3.new(4.3, -65.4, 10.3),
		Vector3.new(2.7, -65.4, 10.5),
		Vector3.new(1, -65.5, 10.5),
		Vector3.new(-0.6000000000000001, -65.60000000000001, 10.100000000000001),
		Vector3.new(-2.2, -65.7, 9.5),
		Vector3.new(-3.6, -65.8, 8.6),
		Vector3.new(-4.800000000000001, -65.8, 7.5),
		Vector3.new(-5.9, -65.9, 6.2),
		Vector3.new(-6.6000000000000005, -66, 4.7),
		Vector3.new(-7.2, -66.10000000000001, 3.1),
		Vector3.new(-7.4, -66.10000000000001, 1.5),
		Vector3.new(-7.300000000000001, -66.10000000000001, -0.2),
		Vector3.new(-2.4000000000000004, -67.2, -0.4),
		Vector3.new(-1.6, -67.2, -1.9000000000000001),
		Vector3.new(-0.4, -67.2, -3.1),
		Vector3.new(1.2000000000000002, -67.10000000000001, -3.8000000000000003),
		Vector3.new(2.8000000000000003, -67, -3.8000000000000003),
		Vector3.new(4.5, -66.9, -3.4000000000000004),
	},
	{
		Vector3.new(4.5, -66.9, -3.4000000000000004),
		Vector3.new(5.800000000000001, -66.9, -2.3000000000000003),
		Vector3.new(6.7, -66.8, -0.9),
		Vector3.new(7.1000000000000005, -66.7, 0.7000000000000001),
		Vector3.new(6.9, -66.7, 2.4000000000000004),
		Vector3.new(6.1000000000000005, -66.7, 3.9000000000000004),
		Vector3.new(4.9, -66.7, 5.1000000000000005),
		Vector3.new(3.3000000000000003, -66.8, 5.7),
		Vector3.new(1.7000000000000002, -66.9, 5.800000000000001),
		Vector3.new(0, -66.9, 5.300000000000001),
		Vector3.new(-1.3, -67, 4.3),
		Vector3.new(-2.2, -67.10000000000001, 2.9000000000000004),
		Vector3.new(-2.6, -67.2, 1.3),
		Vector3.new(-2.4000000000000004, -67.2, -0.4),
		Vector3.new(2.3000000000000003, -67.4, 1),
		Vector3.new(2.4000000000000004, -69.4, 1.1),
	},
}
