local wires = {
	{
		Vector3.new(-3.4000000000000004, 9.8, 4.4),
		Vector3.new(-3.5, 9.700000000000001, 5.6000000000000005),
		Vector3.new(-3.4000000000000004, 9.600000000000001, 6.6000000000000005),
		Vector3.new(-3.4000000000000004, 9.200000000000001, 7.4),
		Vector3.new(-3.3000000000000003, 8.9, 7.800000000000001),
		Vector3.new(-1.8, 8.8, 8.5),
		Vector3.new(-1.5, 8.3, 8.8),
		Vector3.new(-1.3, 7.800000000000001, 9.1),
		Vector3.new(-3.4000000000000004, 7.800000000000001, 7.9),
		Vector3.new(-3.3000000000000003, 8.9, 7.800000000000001),
		Vector3.new(-4, 8.6, 6.800000000000001),
		Vector3.new(-3.9000000000000004, 7.9, 7.2),
		Vector3.new(-3.4000000000000004, 7.9, 7.9),
		Vector3.new(-3.5, 6.7, 7.7),
		Vector3.new(-3.7, 6.7, 7.1000000000000005),
		Vector3.new(-3.9000000000000004, 7.9, 7.2),
		Vector3.new(-3.4000000000000004, 7.800000000000001, 7.9),
		Vector3.new(-3.4000000000000004, 6.7, 7.7),
		Vector3.new(-3.2, 7.2, 8.1),
		Vector3.new(-3.1, 7.800000000000001, 8.1),
		Vector3.new(-3.2, 7.2, 8.1),
		Vector3.new(-3.5, 6.7, 7.7),
		Vector3.new(-1.1, 6.7, 9.200000000000001),
		Vector3.new(-1.5, 7.2, 9),
		Vector3.new(-3.2, 7.2, 8.1),
		Vector3.new(-3.1, 7.800000000000001, 8.1),
		Vector3.new(-1.3, 7.800000000000001, 9.1),
		Vector3.new(-1.1, 7, 9.200000000000001),
		Vector3.new(0, 6.7, 9.3),
		Vector3.new(-0.6000000000000001, 6.9, 9.200000000000001),
		Vector3.new(-0.8, 7.800000000000001, 9.200000000000001),
		Vector3.new(-1.4000000000000001, 7.800000000000001, 9.1),
		Vector3.new(-0.8, 7.800000000000001, 9.200000000000001),
		Vector3.new(-0.6000000000000001, 8.4, 8.9),
		Vector3.new(0.1, 8.700000000000001, 8.8),
		Vector3.new(0.7000000000000001, 8.4, 8.9),
		Vector3.new(0.8, 7.7, 9.200000000000001),
		Vector3.new(0.6000000000000001, 6.9, 9.200000000000001),
		Vector3.new(0, 6.9, 9.3),
	},
	{
		Vector3.new(0, 6.9, 9.3),
		Vector3.new(-0.6000000000000001, 6.9, 9.200000000000001),
		Vector3.new(-0.8, 7.800000000000001, 9.200000000000001),
		Vector3.new(-0.6000000000000001, 8.4, 8.9),
		Vector3.new(0, 8.700000000000001, 8.8),
		Vector3.new(-1.3, 8.8, 8.6),
		Vector3.new(-1.8, 8.8, 8.5),
		Vector3.new(-2, 9.200000000000001, 7.7),
		Vector3.new(-3.4000000000000004, 9.200000000000001, 7.300000000000001),
		Vector3.new(-3.4000000000000004, 9.5, 6.6000000000000005),
		Vector3.new(-2.3000000000000003, 9.600000000000001, 6.6000000000000005),
		Vector3.new(-2, 9.200000000000001, 7.7),
		Vector3.new(-2.3000000000000003, 9.600000000000001, 6.6000000000000005),
		Vector3.new(-2.6, 9.8, 5.6000000000000005),
		Vector3.new(-3.5, 9.700000000000001, 5.6000000000000005),
		Vector3.new(-3.4000000000000004, 9.8, 4.4),
		Vector3.new(-2.8000000000000003, 9.9, 4.5),
		Vector3.new(-2.6, 9.8, 5.6000000000000005),
		Vector3.new(-1.3, 9.8, 5.6000000000000005),
		Vector3.new(-1.7000000000000002, 9.8, 5.1000000000000005),
		Vector3.new(-2.7, 9.9, 4.5),
		Vector3.new(-1.7000000000000002, 9.8, 5.1000000000000005),
		Vector3.new(0.1, 9.8, 5.300000000000001),
		Vector3.new(0, 9.600000000000001, 6.6000000000000005),
		Vector3.new(-1.3, 9.600000000000001, 6.6000000000000005),
		Vector3.new(-1.3, 9.8, 5.6000000000000005),
		Vector3.new(-1.3, 9.600000000000001, 6.6000000000000005),
		Vector3.new(-2.3000000000000003, 9.600000000000001, 6.6000000000000005),
		Vector3.new(-1.3, 9.600000000000001, 6.6000000000000005),
		Vector3.new(-1.3, 8.8, 8.6),
		Vector3.new(0.1, 8.8, 8.700000000000001),
		Vector3.new(0, 9.600000000000001, 6.6000000000000005),
		Vector3.new(0.1, 9.8, 5.300000000000001),
		Vector3.new(1.7000000000000002, 9.8, 5),
	},
	{
		Vector3.new(1.7000000000000002, 9.8, 5),
		Vector3.new(2.9000000000000004, 9.9, 4.3),
		Vector3.new(3.4000000000000004, 9.700000000000001, 4.3),
		Vector3.new(3.5, 9.700000000000001, 5.6000000000000005),
		Vector3.new(2.7, 9.700000000000001, 5.6000000000000005),
		Vector3.new(2.9000000000000004, 9.9, 4.3),
		Vector3.new(2.7, 9.700000000000001, 5.6000000000000005),
		Vector3.new(1.4000000000000001, 9.700000000000001, 5.6000000000000005),
		Vector3.new(1.7000000000000002, 9.8, 5.1000000000000005),
		Vector3.new(1.4000000000000001, 9.700000000000001, 5.6000000000000005),
		Vector3.new(1.4000000000000001, 9.600000000000001, 6.6000000000000005),
		Vector3.new(0, 9.600000000000001, 6.6000000000000005),
		Vector3.new(1.4000000000000001, 9.600000000000001, 6.6000000000000005),
		Vector3.new(2.4000000000000004, 9.5, 6.6000000000000005),
		Vector3.new(2.7, 9.700000000000001, 5.5),
		Vector3.new(2.4000000000000004, 9.5, 6.6000000000000005),
		Vector3.new(3.5, 9.5, 6.5),
		Vector3.new(3.5, 9.700000000000001, 5.6000000000000005),
		Vector3.new(3.5, 9.5, 6.5),
		Vector3.new(3.4000000000000004, 8.9, 7.7),
		Vector3.new(1.9000000000000001, 8.8, 8.5),
		Vector3.new(0.1, 8.8, 8.700000000000001),
		Vector3.new(1.9000000000000001, 8.8, 8.5),
		Vector3.new(2.1, 9.1, 7.6000000000000005),
		Vector3.new(3.4000000000000004, 9.1, 7.300000000000001),
		Vector3.new(2.1, 9.1, 7.6000000000000005),
		Vector3.new(2.4000000000000004, 9.5, 6.6000000000000005),
		Vector3.new(1.4000000000000001, 9.600000000000001, 6.6000000000000005),
		Vector3.new(1.4000000000000001, 8.8, 8.5),
		Vector3.new(0, 8.8, 8.700000000000001),
		Vector3.new(-1.8, 8.8, 8.5),
	},
	{
		Vector3.new(-1.8, 8.8, 8.5),
		Vector3.new(-3.3000000000000003, 8.9, 7.800000000000001),
		Vector3.new(-4, 8.700000000000001, 6.800000000000001),
		Vector3.new(-3.4000000000000004, 9.5, 6.6000000000000005),
		Vector3.new(-3.5, 9.8, 5.6000000000000005),
		Vector3.new(-4, 9.1, 5.6000000000000005),
		Vector3.new(-4, 8.6, 6.800000000000001),
		Vector3.new(-4, 9.200000000000001, 5.6000000000000005),
		Vector3.new(-4, 8.8, 4.5),
		Vector3.new(-3.4000000000000004, 9.8, 4.4),
		Vector3.new(-3.3000000000000003, 9.9, 3.4000000000000004),
		Vector3.new(-4.1000000000000005, 8.9, 3.9000000000000004),
		Vector3.new(-4, 8.8, 4.5),
		Vector3.new(-4.1000000000000005, 8.9, 3.9000000000000004),
		Vector3.new(-3.9000000000000004, 9.1, 1.2000000000000002),
		Vector3.new(-3.5, 9.700000000000001, 1.4000000000000001),
		Vector3.new(-3.3000000000000003, 9.9, 3.4000000000000004),
		Vector3.new(-3.5, 9.700000000000001, 1.4000000000000001),
		Vector3.new(-3.8000000000000003, 9.700000000000001, -1),
		Vector3.new(-4.2, 9, -1.6),
		Vector3.new(-3.9000000000000004, 7.800000000000001, -1),
		Vector3.new(-3.8000000000000003, 7.6000000000000005, 1.2000000000000002),
		Vector3.new(-4, 9, 1.2000000000000002),
		Vector3.new(-4.2, 9, -1.6),
		Vector3.new(-3.9000000000000004, 7.800000000000001, -1),
		Vector3.new(-3.8000000000000003, 7.6000000000000005, 1.2000000000000002),
	},
	{
		Vector3.new(-3.8000000000000003, 7.6000000000000005, 1.2000000000000002),
		Vector3.new(-3.8000000000000003, 7.5, 3.3000000000000003),
		Vector3.new(-4.1000000000000005, 8.9, 3.9000000000000004),
		Vector3.new(-4, 8.8, 4.5),
		Vector3.new(-4, 8, 4),
		Vector3.new(-3.8000000000000003, 7.5, 3.3000000000000003),
		Vector3.new(-3.6, 6.9, 3.3000000000000003),
		Vector3.new(-3.8000000000000003, 6.9, 4.1000000000000005),
		Vector3.new(-4, 8, 4),
		Vector3.new(-3.8000000000000003, 7.5, 3.3000000000000003),
		Vector3.new(-3.6, 6.9, 3.3000000000000003),
		Vector3.new(-3.6, 6.9, 1.1),
		Vector3.new(-3.8000000000000003, 7.6000000000000005, 1.2000000000000002),
		Vector3.new(-3.9000000000000004, 7.800000000000001, -1),
		Vector3.new(-3.7, 6.9, -1),
		Vector3.new(-3.6, 6.9, 1.1),
		Vector3.new(-3.7, 6.9, -1),
		Vector3.new(-3.7, 7, -3.8000000000000003),
		Vector3.new(-3.9000000000000004, 8, -3.8000000000000003),
		Vector3.new(-3.9000000000000004, 7.800000000000001, -1),
		Vector3.new(-4.2, 9, -1.6),
		Vector3.new(-4.1000000000000005, 8.9, -4),
		Vector3.new(-3.9000000000000004, 8, -3.8000000000000003),
		Vector3.new(-4.1000000000000005, 8.9, -4),
		Vector3.new(-3.8000000000000003, 9.700000000000001, -3.7),
		Vector3.new(-3.8000000000000003, 9.700000000000001, -1),
	},
	{
		Vector3.new(-3.8000000000000003, 9.700000000000001, -1),
		Vector3.new(-2.8000000000000003, 10.9, -1.5),
		Vector3.new(-2.9000000000000004, 10.8, -2.9000000000000004),
		Vector3.new(-3.8000000000000003, 9.700000000000001, -3.7),
		Vector3.new(-3.9000000000000004, 9.700000000000001, -5.4),
		Vector3.new(-4.1000000000000005, 9, -4),
		Vector3.new(-3.8000000000000003, 9.700000000000001, -3.7),
		Vector3.new(-3.9000000000000004, 9.700000000000001, -5.4),
		Vector3.new(-3.1, 10.4, -5.5),
		Vector3.new(-3.8000000000000003, 9.700000000000001, -3.7),
		Vector3.new(-3.1, 10.5, -5.5),
		Vector3.new(-2.8000000000000003, 10.8, -2.9000000000000004),
		Vector3.new(-2.8000000000000003, 10.9, -1.4000000000000001),
		Vector3.new(-2.6, 10.9, 0.6000000000000001),
		Vector3.new(-2.7, 10.700000000000001, 2),
		Vector3.new(-3.3000000000000003, 9.9, 3.5),
		Vector3.new(-2.8000000000000003, 9.9, 4.5),
		Vector3.new(-2.9000000000000004, 10.200000000000001, 3.6),
		Vector3.new(-2.5, 10.8, 2.2),
		Vector3.new(-2.3000000000000003, 11.100000000000001, 0.6000000000000001),
		Vector3.new(-2.4000000000000004, 11, -1.5),
		Vector3.new(-2.2, 10.9, -2.9000000000000004),
		Vector3.new(-2.9000000000000004, 10.8, -2.9000000000000004),
		Vector3.new(-2.2, 10.9, -2.9000000000000004),
	},
	{
		Vector3.new(-2.2, 10.9, -2.9000000000000004),
		Vector3.new(-2.7, 10.5, -5.5),
		Vector3.new(-2.7, 10.3, -6.4),
		Vector3.new(-3.2, 10.200000000000001, -6.5),
		Vector3.new(-3.1, 10.5, -5.5),
		Vector3.new(-3.2, 10.200000000000001, -6.5),
		Vector3.new(-3.9000000000000004, 9.700000000000001, -6.5),
		Vector3.new(-3.9000000000000004, 9.700000000000001, -5.4),
		Vector3.new(-4.1000000000000005, 9, -6.7),
		Vector3.new(-3.9000000000000004, 9.700000000000001, -6.5),
		Vector3.new(-4.1000000000000005, 9, -6.7),
		Vector3.new(-4.1000000000000005, 8.1, -7.1000000000000005),
		Vector3.new(-3.9000000000000004, 7.4, -6.9),
		Vector3.new(-3.8000000000000003, 7.800000000000001, -7.4),
		Vector3.new(-4.1000000000000005, 8.1, -7.1000000000000005),
		Vector3.new(-3.9000000000000004, 8.8, -7.4),
		Vector3.new(-4.1000000000000005, 9, -6.7),
		Vector3.new(-3.9000000000000004, 8.8, -7.4),
		Vector3.new(-3.8000000000000003, 9.5, -7.4),
		Vector3.new(-3.9000000000000004, 9.700000000000001, -6.5),
		Vector3.new(-3.8000000000000003, 9.5, -7.4),
		Vector3.new(-3.3000000000000003, 10, -7.4),
		Vector3.new(-3.2, 10.200000000000001, -6.4),
		Vector3.new(-3.3000000000000003, 10, -7.4),
		Vector3.new(-2.7, 10, -7.7),
		Vector3.new(-2.7, 10.3, -6.4),
		Vector3.new(-2.7, 10, -7.7),
		Vector3.new(-3.8000000000000003, 9.5, -7.4),
		Vector3.new(-3.9000000000000004, 8.8, -7.4),
		Vector3.new(-2.8000000000000003, 9, -8.3),
		Vector3.new(-2.7, 9.700000000000001, -8),
		Vector3.new(-2.8000000000000003, 9.1, -8.3),
		Vector3.new(-2.8000000000000003, 8.4, -8.3),
		Vector3.new(-3.9000000000000004, 8.1, -7.4),
		Vector3.new(-2.4000000000000004, 7.6000000000000005, -8.3),
		Vector3.new(-2.8000000000000003, 8.3, -8.3),
		Vector3.new(-2.4000000000000004, 7.6000000000000005, -8.3),
		Vector3.new(-2.1, 6.9, -7),
	},
	{
		Vector3.new(-2.1, 6.9, -7),
		Vector3.new(-3.9000000000000004, 7.4, -7),
		Vector3.new(-3.8000000000000003, 7.800000000000001, -7.4),
		Vector3.new(-2.4000000000000004, 7.6000000000000005, -8.200000000000001),
		Vector3.new(-0.1, 7.5, -8.6),
		Vector3.new(-0.1, 8.3, -8.8),
		Vector3.new(-0.1, 9, -8.700000000000001),
		Vector3.new(-0.1, 9.8, -8.4),
		Vector3.new(-0.1, 10, -8),
		Vector3.new(-0.1, 10, -7.5),
		Vector3.new(-1.4000000000000001, 10, -7.5),
		Vector3.new(-2, 10, -7.300000000000001),
		Vector3.new(-2.1, 10.200000000000001, -4.1000000000000005),
		Vector3.new(-2.4000000000000004, 10.700000000000001, -4.1000000000000005),
		Vector3.new(-2.7, 10.5, -5.5),
		Vector3.new(-2.1, 10.100000000000001, -5.7),
		Vector3.new(-2.7, 10.5, -5.5),
		Vector3.new(-2.8000000000000003, 10, -7.7),
		Vector3.new(-1.5, 10, -8),
		Vector3.new(-0.4, 10, -8.1),
		Vector3.new(-1.5, 9.700000000000001, -8.200000000000001),
		Vector3.new(-2.7, 9.700000000000001, -8),
		Vector3.new(-2.8000000000000003, 9, -8.3),
		Vector3.new(-1.5, 9, -8.6),
		Vector3.new(-1.2000000000000002, 8.4, -8.700000000000001),
		Vector3.new(-2.8000000000000003, 8.4, -8.3),
		Vector3.new(-1.1, 8.4, -8.700000000000001),
		Vector3.new(-0.1, 8.3, -8.8),
		Vector3.new(-0.1, 9, -8.700000000000001),
		Vector3.new(-1.5, 9.1, -8.6),
		Vector3.new(-1.5, 9.700000000000001, -8.200000000000001),
		Vector3.new(-1.4000000000000001, 10, -7.5),
		Vector3.new(-1.9000000000000001, 10, -7.300000000000001),
		Vector3.new(-2.3000000000000003, 10, -7.800000000000001),
	},
	{
		Vector3.new(-2.3000000000000003, 10, -7.800000000000001),
		Vector3.new(-2.3000000000000003, 10.3, -5.7),
		Vector3.new(-2.1, 10.200000000000001, -4.1000000000000005),
		Vector3.new(-1.9000000000000001, 10.5, -3.5),
		Vector3.new(-2.1, 10.9, -2.9000000000000004),
		Vector3.new(0, 10.9, -2.7),
		Vector3.new(0, 11.200000000000001, -1.5),
		Vector3.new(-2.4000000000000004, 11, -1.4000000000000001),
		Vector3.new(0, 11.200000000000001, -1.5),
		Vector3.new(0, 11.200000000000001, 0.6000000000000001),
		Vector3.new(-2.3000000000000003, 11.100000000000001, 0.6000000000000001),
		Vector3.new(-2.5, 10.8, 2.1),
		Vector3.new(0, 11, 2.1),
		Vector3.new(0, 11.200000000000001, 0.6000000000000001),
		Vector3.new(0, 11, 2.1),
		Vector3.new(2.5, 10.8, 2.1),
		Vector3.new(2.3000000000000003, 11, 0.6000000000000001),
		Vector3.new(0, 11.200000000000001, 0.6000000000000001),
		Vector3.new(2.3000000000000003, 11, 0.5),
		Vector3.new(2.3000000000000003, 11, -1.5),
		Vector3.new(0, 11.200000000000001, -1.5),
	},
	{
		Vector3.new(0, 11.200000000000001, -1.5),
		Vector3.new(2.3000000000000003, 11, -1.5),
		Vector3.new(2, 10.8, -2.9000000000000004),
		Vector3.new(0, 10.9, -2.7),
		Vector3.new(-0.1, 10.200000000000001, -4),
		Vector3.new(-0.1, 10, -7.5),
		Vector3.new(-0.1, 10.200000000000001, -3.9000000000000004),
		Vector3.new(-2.1, 10.200000000000001, -4),
		Vector3.new(-0.1, 10.3, -3.9000000000000004),
		Vector3.new(-0.1, 10.100000000000001, -5.5),
		Vector3.new(-2.2, 10.200000000000001, -5.6000000000000005),
		Vector3.new(-0.1, 10.100000000000001, -5.5),
		Vector3.new(2, 10.100000000000001, -5.6000000000000005),
		Vector3.new(1.9000000000000001, 10, -7.300000000000001),
		Vector3.new(1.2000000000000002, 10, -7.5),
		Vector3.new(-0.1, 10, -7.5),
		Vector3.new(1.2000000000000002, 10, -7.5),
		Vector3.new(2, 10, -7.300000000000001),
		Vector3.new(2, 9.9, -7.9),
		Vector3.new(2.6, 9.9, -7.800000000000001),
		Vector3.new(2.6, 10.200000000000001, -6.4),
		Vector3.new(2.6, 10.4, -5.5),
	},
	{
		Vector3.new(2.6, 10.4, -5.5),
		Vector3.new(2, 10.8, -2.9000000000000004),
		Vector3.new(1.8, 10.4, -3.6),
		Vector3.new(-0.1, 10.200000000000001, -3.9000000000000004),
		Vector3.new(1.7000000000000002, 10.200000000000001, -4),
		Vector3.new(1.9000000000000001, 10.100000000000001, -5.6000000000000005),
		Vector3.new(2.6, 10.4, -5.6000000000000005),
		Vector3.new(2.2, 10.600000000000001, -4),
		Vector3.new(1.7000000000000002, 10.200000000000001, -4),
		Vector3.new(1.9000000000000001, 10.100000000000001, -5.6000000000000005),
		Vector3.new(2.4000000000000004, 9.9, -7.800000000000001),
		Vector3.new(1.3, 10, -8),
		Vector3.new(0.2, 10, -8.200000000000001),
		Vector3.new(-0.1, 10, -7.5),
		Vector3.new(1.2000000000000002, 10, -7.5),
		Vector3.new(1.3, 9.700000000000001, -8.3),
		Vector3.new(1.2000000000000002, 9, -8.6),
		Vector3.new(-0.2, 9, -8.700000000000001),
		Vector3.new(-0.1, 9.8, -8.4),
		Vector3.new(1.3, 9.700000000000001, -8.3),
		Vector3.new(1.2000000000000002, 8.9, -8.6),
		Vector3.new(1, 8.4, -8.700000000000001),
		Vector3.new(-0.1, 8.3, -8.8),
		Vector3.new(-0.1, 7.5, -8.700000000000001),
		Vector3.new(1.2000000000000002, 7.5, -8.5),
		Vector3.new(2.2, 7.5, -8.3),
		Vector3.new(2.6, 8.3, -8.4),
		Vector3.new(1, 8.4, -8.700000000000001),
		Vector3.new(2.6, 8.3, -8.4),
		Vector3.new(2.6, 9, -8.4),
		Vector3.new(1.2000000000000002, 9, -8.6),
	},
	{
		Vector3.new(1.2000000000000002, 9, -8.6),
		Vector3.new(2.6, 9, -8.3),
		Vector3.new(2.6, 9.700000000000001, -8.1),
		Vector3.new(1.2000000000000002, 9.700000000000001, -8.3),
		Vector3.new(2.6, 9.600000000000001, -8.1),
		Vector3.new(3.2, 9.9, -7.5),
		Vector3.new(3.6, 9.4, -7.5),
		Vector3.new(2.6, 9.700000000000001, -8.1),
		Vector3.new(2.6, 9, -8.4),
		Vector3.new(3.7, 8.700000000000001, -7.4),
		Vector3.new(3.6, 9.4, -7.5),
		Vector3.new(3.7, 8.700000000000001, -7.4),
		Vector3.new(3.7, 8, -7.5),
		Vector3.new(2.6, 8.3, -8.4),
		Vector3.new(3.7, 8, -7.5),
		Vector3.new(4, 8.9, -6.800000000000001),
		Vector3.new(3.7, 8.700000000000001, -7.4),
		Vector3.new(3.7, 8, -7.5),
		Vector3.new(3.6, 7.300000000000001, -7),
		Vector3.new(3.7, 8, -7.5),
		Vector3.new(3.6, 7.4, -7.2),
		Vector3.new(2.2, 7.5, -8.3),
		Vector3.new(2, 6.9, -7),
		Vector3.new(3.6, 7.300000000000001, -7),
		Vector3.new(2, 6.9, -7),
		Vector3.new(-2.1, 6.9, -7),
		Vector3.new(0, 6.9, -7),
		Vector3.new(-0.1, 7.5, -8.6),
		Vector3.new(-0.1, 8.4, -8.8),
		Vector3.new(1, 8.4, -8.700000000000001),
	},
	{
		Vector3.new(1, 8.4, -8.700000000000001),
		Vector3.new(2.6, 8.3, -8.4),
		Vector3.new(3.7, 8, -7.5),
		Vector3.new(4, 8.9, -6.800000000000001),
		Vector3.new(3.8000000000000003, 9.600000000000001, -6.5),
		Vector3.new(3.6, 9.4, -7.5),
		Vector3.new(3.8000000000000003, 9.600000000000001, -6.5),
		Vector3.new(3.1, 10.200000000000001, -6.5),
		Vector3.new(3.2, 9.9, -7.5),
		Vector3.new(3.1, 10.200000000000001, -6.5),
		Vector3.new(2.6, 10.200000000000001, -6.4),
		Vector3.new(3.1, 10.200000000000001, -6.5),
		Vector3.new(3, 10.4, -5.5),
		Vector3.new(3.8000000000000003, 9.600000000000001, -5.5),
		Vector3.new(3.8000000000000003, 9.600000000000001, -6.5),
		Vector3.new(4, 8.9, -6.800000000000001),
		Vector3.new(3.9000000000000004, 9.3, -5.5),
		Vector3.new(4, 8.9, -4.1000000000000005),
		Vector3.new(3.7, 9.600000000000001, -3.8000000000000003),
		Vector3.new(3.8000000000000003, 9.600000000000001, -5.4),
		Vector3.new(3.7, 9.600000000000001, -3.8000000000000003),
		Vector3.new(2.8000000000000003, 10.700000000000001, -2.9000000000000004),
		Vector3.new(2, 10.8, -2.9000000000000004),
		Vector3.new(2.8000000000000003, 10.700000000000001, -3),
		Vector3.new(3, 10.4, -5.5),
		Vector3.new(2.8000000000000003, 10.700000000000001, -3),
		Vector3.new(2.8000000000000003, 10.8, -1.5),
		Vector3.new(2.3000000000000003, 11, -1.5),
		Vector3.new(3.7, 9.600000000000001, -1.1),
		Vector3.new(3.7, 9.600000000000001, -3.8000000000000003),
		Vector3.new(4, 8.9, -4.1000000000000005),
	},
	{
		Vector3.new(4, 8.9, -4.1000000000000005),
		Vector3.new(4.1000000000000005, 8.9, -1.7000000000000002),
		Vector3.new(3.7, 9.600000000000001, -1.1),
		Vector3.new(4.1000000000000005, 8.9, -1.7000000000000002),
		Vector3.new(3.8000000000000003, 7.7, -1.1),
		Vector3.new(3.8000000000000003, 7.9, -3.8000000000000003),
		Vector3.new(4, 8.9, -4.1000000000000005),
		Vector3.new(3.8000000000000003, 7.9, -3.8000000000000003),
		Vector3.new(3.5, 6.9, -3.9000000000000004),
		Vector3.new(3.5, 6.800000000000001, -1.1),
		Vector3.new(3.8000000000000003, 7.7, -1.1),
		Vector3.new(3.7, 7.5, 1.1),
		Vector3.new(3.5, 6.800000000000001, 1.1),
		Vector3.new(3.5, 6.800000000000001, -1.1),
		Vector3.new(3.8000000000000003, 7.7, -1.1),
		Vector3.new(3.7, 7.6000000000000005, 1.1),
		Vector3.new(3.9000000000000004, 9, 1.1),
		Vector3.new(4.1000000000000005, 8.9, -1.7000000000000002),
		Vector3.new(3.7, 9.600000000000001, -1.1),
		Vector3.new(3.5, 9.600000000000001, 1.3),
		Vector3.new(3.9000000000000004, 9, 1.1),
		Vector3.new(4.1000000000000005, 8.8, 3.8000000000000003),
		Vector3.new(3.4000000000000004, 9.700000000000001, 3.2),
		Vector3.new(3.5, 9.600000000000001, 1.3),
	},
	{
		Vector3.new(3.5, 9.600000000000001, 1.3),
		Vector3.new(3.9000000000000004, 8.9, 1.1),
		Vector3.new(3.7, 7.5, 1.1),
		Vector3.new(3.8000000000000003, 7.4, 3.2),
		Vector3.new(4, 7.9, 4),
		Vector3.new(4.1000000000000005, 8.700000000000001, 4.4),
		Vector3.new(4.1000000000000005, 8.8, 3.8000000000000003),
		Vector3.new(4.1000000000000005, 8.700000000000001, 4.4),
		Vector3.new(4, 7.800000000000001, 4),
		Vector3.new(3.7, 6.800000000000001, 4.1000000000000005),
		Vector3.new(3.6, 6.800000000000001, 3.3000000000000003),
		Vector3.new(3.8000000000000003, 7.300000000000001, 3.3000000000000003),
		Vector3.new(3.6, 6.800000000000001, 3.3000000000000003),
		Vector3.new(3.5, 6.800000000000001, 1.1),
		Vector3.new(3.7, 7.6000000000000005, 1.1),
		Vector3.new(3.9000000000000004, 9, 1.1),
		Vector3.new(4.1000000000000005, 8.8, 3.8000000000000003),
		Vector3.new(4.1000000000000005, 8.700000000000001, 4.4),
		Vector3.new(3.4000000000000004, 9.700000000000001, 4.3),
		Vector3.new(3.4000000000000004, 9.700000000000001, 3.2),
		Vector3.new(3, 10.100000000000001, 3.6),
		Vector3.new(2.9000000000000004, 9.9, 4.3),
		Vector3.new(3, 10.100000000000001, 3.6),
		Vector3.new(2.5, 10.8, 2.1),
		Vector3.new(3, 10.200000000000001, 3.6),
		Vector3.new(2.7, 10.700000000000001, 2),
		Vector3.new(2.6, 10.9, 0.5),
		Vector3.new(2.8000000000000003, 10.8, -1.5),
		Vector3.new(2.3000000000000003, 11, 0.6000000000000001),
		Vector3.new(2.6, 10.8, 2.1),
		Vector3.new(3.1, 10.100000000000001, 3.6),
	},
	{
		Vector3.new(3.1, 10.100000000000001, 3.6),
		Vector3.new(2.9000000000000004, 9.9, 4.3),
		Vector3.new(3.5, 9.700000000000001, 4.3),
		Vector3.new(4.1000000000000005, 8.700000000000001, 4.4),
		Vector3.new(4.1000000000000005, 9.1, 5.5),
		Vector3.new(3.5, 9.700000000000001, 5.6000000000000005),
		Vector3.new(3.5, 9.5, 6.6000000000000005),
		Vector3.new(4.1000000000000005, 8.6, 6.7),
		Vector3.new(4.1000000000000005, 9.1, 5.5),
		Vector3.new(4.1000000000000005, 8.6, 6.7),
		Vector3.new(3.3000000000000003, 8.9, 7.7),
		Vector3.new(3.5, 7.800000000000001, 7.800000000000001),
		Vector3.new(4, 7.800000000000001, 7.1000000000000005),
		Vector3.new(4, 8.6, 6.800000000000001),
		Vector3.new(4, 7.800000000000001, 7.1000000000000005),
		Vector3.new(3.8000000000000003, 6.6000000000000005, 7),
		Vector3.new(3.5, 6.6000000000000005, 7.6000000000000005),
		Vector3.new(3.5, 7.800000000000001, 7.800000000000001),
		Vector3.new(3.2, 7.1000000000000005, 8),
		Vector3.new(3.5, 6.6000000000000005, 7.6000000000000005),
		Vector3.new(1.1, 6.7, 9.200000000000001),
		Vector3.new(0, 6.7, 9.3),
		Vector3.new(1.1, 6.6000000000000005, 9.200000000000001),
		Vector3.new(1.4000000000000001, 7.800000000000001, 9.1),
		Vector3.new(3.2, 7.7, 8),
		Vector3.new(3.2, 7.1000000000000005, 8),
		Vector3.new(1.2000000000000002, 7, 9.200000000000001),
		Vector3.new(1.4000000000000001, 7.800000000000001, 9.1),
		Vector3.new(0.8, 7.7, 9.200000000000001),
		Vector3.new(1.4000000000000001, 7.9, 9.3),
		Vector3.new(1.6, 8.3, 8.8),
		Vector3.new(1.9000000000000001, 8.8, 8.5),
		Vector3.new(3.4000000000000004, 8.9, 7.7),
		Vector3.new(4, 8.6, 6.800000000000001),
		Vector3.new(4.1000000000000005, 8.6, 6.1000000000000005),
		Vector3.new(4.1000000000000005, 8.700000000000001, 5.5),
		Vector3.new(4.1000000000000005, 8.5, 4.9),
	},
	{
		Vector3.new(4.1000000000000005, 8.5, 4.9),
		Vector3.new(4.1000000000000005, 8, 4.5),
		Vector3.new(4.1000000000000005, 7.4, 4.4),
		Vector3.new(4.1000000000000005, 6.800000000000001, 4.5),
		Vector3.new(4.1000000000000005, 6.4, 5),
		Vector3.new(4.1000000000000005, 6.2, 5.5),
		Vector3.new(4.1000000000000005, 6.300000000000001, 6.2),
		Vector3.new(4.1000000000000005, 6.7, 6.6000000000000005),
		Vector3.new(4.1000000000000005, 7.300000000000001, 6.800000000000001),
		Vector3.new(4.2, 7.800000000000001, 6.7),
		Vector3.new(4.1000000000000005, 6.800000000000001, 4.5),
		Vector3.new(4.1000000000000005, 6.4, 5),
		Vector3.new(4.1000000000000005, 8.6, 6.1000000000000005),
		Vector3.new(4.2, 8.700000000000001, 5.5),
		Vector3.new(4.1000000000000005, 6.2, 5.5),
		Vector3.new(4.1000000000000005, 6.4, 6.2),
		Vector3.new(4.1000000000000005, 8.5, 4.9),
		Vector3.new(4.1000000000000005, 8, 4.5),
		Vector3.new(4.1000000000000005, 6.800000000000001, 6.6000000000000005),
		Vector3.new(4.1000000000000005, 7.300000000000001, 6.800000000000001),
		Vector3.new(4.1000000000000005, 7.4, 4.3),
		Vector3.new(4.1000000000000005, 8, 4.5),
		Vector3.new(4.1000000000000005, 8.5, 4.9),
		Vector3.new(4.1000000000000005, 8.700000000000001, 5.5),
		Vector3.new(4.1000000000000005, 8.6, 6.1000000000000005),
		Vector3.new(4.1000000000000005, 8.200000000000001, 6.6000000000000005),
		Vector3.new(4.1000000000000005, 9.1, 5.6000000000000005),
		Vector3.new(4.1000000000000005, 8.700000000000001, 4.4),
		Vector3.new(4.1000000000000005, 8.8, 3.8000000000000003),
		Vector3.new(3.9000000000000004, 8.9, 1.1),
		Vector3.new(4.1000000000000005, 8.9, -1.6),
		Vector3.new(4, 8.8, -4.1000000000000005),
	},
	{
		Vector3.new(4, 8.8, -4.1000000000000005),
		Vector3.new(3.8000000000000003, 7.9, -3.8000000000000003),
		Vector3.new(4.1000000000000005, 8.1, -4.2),
		Vector3.new(4.1000000000000005, 8.6, -4.800000000000001),
		Vector3.new(4.1000000000000005, 8.6, -5.4),
		Vector3.new(4.1000000000000005, 8.4, -6),
		Vector3.new(4.1000000000000005, 7.9, -6.300000000000001),
		Vector3.new(4.1000000000000005, 7.1000000000000005, -6.4),
		Vector3.new(4.1000000000000005, 6.6000000000000005, -6.1000000000000005),
		Vector3.new(4.1000000000000005, 6.300000000000001, -5.6000000000000005),
		Vector3.new(4.1000000000000005, 6.2, -5),
		Vector3.new(4.1000000000000005, 6.5, -4.4),
		Vector3.new(4.1000000000000005, 6.9, -4),
		Vector3.new(4.1000000000000005, 7.5, -3.9000000000000004),
		Vector3.new(4.1000000000000005, 6.9, -6.300000000000001),
		Vector3.new(4.1000000000000005, 6.4, -5.800000000000001),
		Vector3.new(4.1000000000000005, 8.4, -4.4),
		Vector3.new(4.1000000000000005, 8.700000000000001, -5.1000000000000005),
		Vector3.new(4.1000000000000005, 6.2, -5.300000000000001),
		Vector3.new(4.1000000000000005, 6.4, -4.6000000000000005),
		Vector3.new(4.2, 8.5, -5.7),
		Vector3.new(4.1000000000000005, 8.1, -6.2),
		Vector3.new(4.1000000000000005, 6.7, -4.2),
		Vector3.new(4.1000000000000005, 7.2, -4),
		Vector3.new(4.1000000000000005, 7.5, -6.4),
		Vector3.new(4.1000000000000005, 8, -6.300000000000001),
		Vector3.new(4.1000000000000005, 8.5, -5.800000000000001),
		Vector3.new(4.2, 8.700000000000001, -5.1000000000000005),
		Vector3.new(4.1000000000000005, 8.4, -4.4),
		Vector3.new(4.1000000000000005, 7.9, -4),
		Vector3.new(4, 8.9, -4.1000000000000005),
		Vector3.new(3.9000000000000004, 9.3, -5.5),
		Vector3.new(3, 10.4, -5.5),
		Vector3.new(2, 10.8, -2.9000000000000004),
	},
	{
		Vector3.new(2, 10.8, -2.9000000000000004),
		Vector3.new(0, 10.9, -2.7),
		Vector3.new(-2.1, 10.9, -2.9000000000000004),
		Vector3.new(-2.7, 10.5, -5.5),
		Vector3.new(-3.9000000000000004, 9.700000000000001, -5.4),
		Vector3.new(-4.1000000000000005, 8.9, -4),
		Vector3.new(-3.9000000000000004, 8, -3.8000000000000003),
		Vector3.new(-4.1000000000000005, 8.200000000000001, -4.2),
		Vector3.new(-4.1000000000000005, 8.6, -4.6000000000000005),
		Vector3.new(-4.1000000000000005, 8.700000000000001, -5.2),
		Vector3.new(-4.1000000000000005, 8.4, -5.9),
		Vector3.new(-4.2, 7.9, -6.300000000000001),
		Vector3.new(-4.2, 7.1000000000000005, -6.300000000000001),
		Vector3.new(-4.2, 6.6000000000000005, -6),
		Vector3.new(-4.2, 6.300000000000001, -5.5),
		Vector3.new(-4.2, 6.300000000000001, -4.800000000000001),
		Vector3.new(-4.1000000000000005, 6.6000000000000005, -4.3),
		Vector3.new(-4.1000000000000005, 7.1000000000000005, -4),
		Vector3.new(-4.1000000000000005, 7.7, -4),
		Vector3.new(-4.2, 6.800000000000001, -6.2),
		Vector3.new(-4.2, 6.4, -5.800000000000001),
		Vector3.new(-4.1000000000000005, 8.4, -4.4),
		Vector3.new(-4.1000000000000005, 8.6, -4.9),
		Vector3.new(-4.2, 6.2, -5.300000000000001),
		Vector3.new(-4.2, 6.4, -4.6000000000000005),
		Vector3.new(-4.1000000000000005, 8.6, -5.6000000000000005),
		Vector3.new(-4.2, 8.200000000000001, -6.1000000000000005),
		Vector3.new(-4.1000000000000005, 6.6000000000000005, -4.3),
		Vector3.new(-4.1000000000000005, 7.2, -4),
		Vector3.new(-4.2, 7.5, -6.4),
		Vector3.new(-4.1000000000000005, 8.3, -6.1000000000000005),
		Vector3.new(-4.2, 8.6, -5.6000000000000005),
	},
	{
		Vector3.new(-4.2, 8.6, -5.6000000000000005),
		Vector3.new(-4.1000000000000005, 8.6, -4.9),
		Vector3.new(-4.1000000000000005, 8.4, -4.4),
		Vector3.new(-4.1000000000000005, 8, -4.1000000000000005),
		Vector3.new(-3.9000000000000004, 7.800000000000001, -1),
		Vector3.new(-3.8000000000000003, 7.7, 1.2000000000000002),
		Vector3.new(-3.8000000000000003, 7.5, 3.4000000000000004),
		Vector3.new(-4, 8, 4),
		Vector3.new(-4, 8.8, 4.5),
		Vector3.new(-4.1000000000000005, 9.1, 5.6000000000000005),
		Vector3.new(-4, 8.700000000000001, 6.800000000000001),
		Vector3.new(-4.1000000000000005, 8.200000000000001, 6.5),
		Vector3.new(-4.1000000000000005, 8.5, 6.1000000000000005),
		Vector3.new(-4.1000000000000005, 8.700000000000001, 5.6000000000000005),
		Vector3.new(-4.1000000000000005, 8.4, 4.9),
		Vector3.new(-4.1000000000000005, 7.800000000000001, 4.4),
		Vector3.new(-4.1000000000000005, 7.2, 4.4),
		Vector3.new(-4.1000000000000005, 6.7, 4.7),
		Vector3.new(-4.1000000000000005, 6.300000000000001, 5.2),
		Vector3.new(-4.1000000000000005, 6.300000000000001, 6),
		Vector3.new(-4.2, 6.6000000000000005, 6.4),
		Vector3.new(-4.1000000000000005, 7.2, 6.800000000000001),
		Vector3.new(-4.1000000000000005, 7.9, 6.7),
		Vector3.new(-4.1000000000000005, 6.7, 4.7),
		Vector3.new(-4.1000000000000005, 6.300000000000001, 5.300000000000001),
		Vector3.new(-4.1000000000000005, 8.5, 6.1000000000000005),
		Vector3.new(-4.1000000000000005, 8.700000000000001, 5.6000000000000005),
		Vector3.new(-4.1000000000000005, 6.300000000000001, 6),
		Vector3.new(-4.2, 6.7, 6.6000000000000005),
		Vector3.new(-4, 8.4, 4.800000000000001),
		Vector3.new(-4.1000000000000005, 7.800000000000001, 4.4),
		Vector3.new(-4.2, 7.2, 6.800000000000001),
	},
	{
		Vector3.new(-4.2, 7.2, 6.800000000000001),
		Vector3.new(-4.1000000000000005, 7.2, 4.4),
		Vector3.new(-4.1000000000000005, 7.7, 6.800000000000001),
		Vector3.new(-4.1000000000000005, 8.200000000000001, 6.5),
		Vector3.new(-4, 8.6, 6.800000000000001),
		Vector3.new(-3.9000000000000004, 7.9, 7.2),
		Vector3.new(-3.7, 6.7, 7.1000000000000005),
		Vector3.new(3.8000000000000003, 6.6000000000000005, 7),
		Vector3.new(3.5, 6.6000000000000005, 7.6000000000000005),
		Vector3.new(1.1, 6.7, 9.200000000000001),
		Vector3.new(1.1, 6.6000000000000005, 7.1000000000000005),
		Vector3.new(-1.2000000000000002, 6.7, 7),
		Vector3.new(-1.1, 6.7, 9.200000000000001),
		Vector3.new(-1.2000000000000002, 7, 6.7),
		Vector3.new(-1.6, 6.7, 4.1000000000000005),
		Vector3.new(-3.8000000000000003, 6.9, 4.1000000000000005),
		Vector3.new(-1.6, 6.7, 4.1000000000000005),
	},
	{
		Vector3.new(-1.6, 6.7, 4.1000000000000005),
		Vector3.new(1.7000000000000002, 6.7, 4),
		Vector3.new(1.2000000000000002, 6.6000000000000005, 7),
		Vector3.new(1.7000000000000002, 6.7, 4),
		Vector3.new(3.7, 6.800000000000001, 4.1000000000000005),
		Vector3.new(1.7000000000000002, 6.7, 4),
		Vector3.new(1.6, 6.800000000000001, -3.8000000000000003),
		Vector3.new(-1.4000000000000001, 6.800000000000001, -3.8000000000000003),
		Vector3.new(-1.5, 6.7, 4.1000000000000005),
	},
	{
		Vector3.new(-1.5, 6.7, 4.1000000000000005),
		Vector3.new(-1.4000000000000001, 6.800000000000001, -3.8000000000000003),
		Vector3.new(-1.3, 6.9, -7),
		Vector3.new(-1.4000000000000001, 6.800000000000001, -3.8000000000000003),
		Vector3.new(1.6, 6.800000000000001, -3.8000000000000003),
		Vector3.new(1.2000000000000002, 7, -7),
		Vector3.new(1.6, 6.800000000000001, -3.8000000000000003),
		Vector3.new(3.5, 6.9, -3.9000000000000004),
		Vector3.new(1.6, 6.800000000000001, -3.8000000000000003),
		Vector3.new(-1.4000000000000001, 6.800000000000001, -3.8000000000000003),
		Vector3.new(-3.6, 6.9, -3.8000000000000003),
	},
}
