local wires = {
	{
		Vector3.new(-50.800000000000004, 25.3, 44),
		Vector3.new(-50.2, 24.6, 44),
		Vector3.new(-49.300000000000004, 24.1, 44),
		Vector3.new(-48.7, 24, 44),
		Vector3.new(-47.800000000000004, 22.900000000000002, 44),
		Vector3.new(-47.2, 21.900000000000002, 44),
		Vector3.new(-46.900000000000006, 20.700000000000003, 44),
		Vector3.new(-46.800000000000004, 19.700000000000003, 44),
		Vector3.new(-46.300000000000004, 19.1, 44),
		Vector3.new(-46.2, 16.1, 44),
		Vector3.new(-46.900000000000006, 15.4, 44),
		Vector3.new(-46.900000000000006, 13.9, 44),
		Vector3.new(-46.2, 13.100000000000001, 44),
		Vector3.new(-46.300000000000004, 12.200000000000001, 44),
		Vector3.new(-45.800000000000004, 11.700000000000001, 44),
		Vector3.new(-45.900000000000006, 11.100000000000001, 44),
		Vector3.new(-45.300000000000004, 10.5, 44),
		Vector3.new(-45.300000000000004, 9.4, 44),
		Vector3.new(-44.800000000000004, 8.9, 44),
		Vector3.new(-44.800000000000004, 7.800000000000001, 44),
		Vector3.new(-44.300000000000004, 7.300000000000001, 44),
		Vector3.new(-44.300000000000004, 6.800000000000001, 44),
		Vector3.new(-43.7, 6, 44),
		Vector3.new(-43.800000000000004, 4.6000000000000005, 44),
		Vector3.new(-43.800000000000004, 0.5, 44),
		Vector3.new(-53.300000000000004, 0.5, 44),
	},
	{
		Vector3.new(-53.300000000000004, 0.5, 44),
		Vector3.new(-55.7, 3.5, 44),
		Vector3.new(-56.2, 3.6, 44),
		Vector3.new(-58.800000000000004, 0.9, 44),
		Vector3.new(-60.800000000000004, 0.9, 44),
		Vector3.new(-61.7, 2, 44),
		Vector3.new(-61.7, 3, 44),
		Vector3.new(-62.2, 3.5, 44),
		Vector3.new(-62.2, 4.7, 44),
		Vector3.new(-62.800000000000004, 5.2, 44),
		Vector3.new(-62.800000000000004, 5.7, 44),
		Vector3.new(-63.2, 6.300000000000001, 44),
		Vector3.new(-63.1, 6.800000000000001, 44),
		Vector3.new(-63.7, 7.300000000000001, 44),
		Vector3.new(-64.9, 8.5, 44),
		Vector3.new(-64.7, 9, 44),
		Vector3.new(-64.2, 9.5, 44),
		Vector3.new(-64.2, 10.100000000000001, 44),
		Vector3.new(-65.3, 11.600000000000001, 44),
		Vector3.new(-65.7, 12.700000000000001, 44),
		Vector3.new(-65.7, 15.9, 44),
		Vector3.new(-65.10000000000001, 16.5, 44),
		Vector3.new(-65.2, 19.8, 44),
		Vector3.new(-64.7, 20.3, 44),
		Vector3.new(-64.60000000000001, 20.900000000000002, 44),
		Vector3.new(-64.2, 21.5, 44),
		Vector3.new(-63.7, 22.400000000000002, 44),
		Vector3.new(-63.300000000000004, 23, 44),
		Vector3.new(-62.2, 24.200000000000003, 44),
		Vector3.new(-61.6, 24.700000000000003, 44),
	},
	{
		Vector3.new(-61.6, 24.700000000000003, 44),
		Vector3.new(-60.6, 25.3, 44),
		Vector3.new(-59.800000000000004, 25.200000000000003, 44),
		Vector3.new(-59.800000000000004, 25.700000000000003, 44),
		Vector3.new(-50.900000000000006, 25.6, 44),
		Vector3.new(-54.400000000000006, 25.6, 44),
		Vector3.new(-54.400000000000006, 25.1, 44),
		Vector3.new(-53.300000000000004, 24.1, 44),
		Vector3.new(-53.300000000000004, 23.5, 44),
		Vector3.new(-52.7, 22.900000000000002, 44),
		Vector3.new(-52.800000000000004, 21.900000000000002, 44),
		Vector3.new(-52.2, 21.3, 44),
		Vector3.new(-52.2, 20.3, 44),
		Vector3.new(-51.800000000000004, 19.6, 44),
		Vector3.new(-51.800000000000004, 17.900000000000002, 44),
		Vector3.new(-51.300000000000004, 17.5, 44),
		Vector3.new(-51.300000000000004, 17, 44),
		Vector3.new(-51.900000000000006, 16.5, 44),
		Vector3.new(-53.300000000000004, 16.5, 44),
		Vector3.new(-53.800000000000004, 16, 44),
		Vector3.new(-55.800000000000004, 16, 44),
		Vector3.new(-56.2, 15.5, 44),
		Vector3.new(-57.400000000000006, 15.4, 44),
		Vector3.new(-56.2, 15.4, 44),
		Vector3.new(-55.6, 16.1, 44),
		Vector3.new(-53.800000000000004, 16, 44),
		Vector3.new(-53.300000000000004, 16.6, 44),
		Vector3.new(-51.900000000000006, 16.6, 44),
	},
	{
		Vector3.new(-51.900000000000006, 16.6, 44),
		Vector3.new(-51.300000000000004, 17.1, 44),
		Vector3.new(-51.300000000000004, 17.7, 44),
		Vector3.new(-51.800000000000004, 17.900000000000002, 44),
		Vector3.new(-51.800000000000004, 19.6, 44),
		Vector3.new(-50.800000000000004, 19.8, 44),
		Vector3.new(-50.300000000000004, 19.1, 44),
		Vector3.new(-49.7, 19.200000000000003, 44),
		Vector3.new(-49.400000000000006, 18.7, 44),
		Vector3.new(-48.800000000000004, 18.6, 44),
		Vector3.new(-48.300000000000004, 18.1, 44),
		Vector3.new(-47.7, 18.1, 44),
		Vector3.new(-47.400000000000006, 17.6, 44),
		Vector3.new(-46.5, 17.6, 44),
		Vector3.new(-46.300000000000004, 16.2, 44),
		Vector3.new(-46.800000000000004, 15.5, 44),
		Vector3.new(-46.800000000000004, 13.9, 44),
		Vector3.new(-47.800000000000004, 13.8, 44),
		Vector3.new(-48.400000000000006, 14.4, 44),
		Vector3.new(-49.400000000000006, 14.9, 44),
		Vector3.new(-50.300000000000004, 15.4, 44),
		Vector3.new(-51.300000000000004, 15.9, 44),
		Vector3.new(-51.900000000000006, 16.5, 44),
		Vector3.new(-50.7, 15.4, 44),
		Vector3.new(-51.800000000000004, 14.4, 44),
		Vector3.new(-51.7, 13.9, 44),
		Vector3.new(-52.2, 13.200000000000001, 44),
		Vector3.new(-52.300000000000004, 12.700000000000001, 44),
		Vector3.new(-52.800000000000004, 12.100000000000001, 44),
		Vector3.new(-55.800000000000004, 12.200000000000001, 44),
		Vector3.new(-56.300000000000004, 11.600000000000001, 44),
		Vector3.new(-57.6, 11.700000000000001, 44),
		Vector3.new(-57.800000000000004, 14.9, 44),
		Vector3.new(-58.2, 16.6, 44),
		Vector3.new(-58.7, 16.6, 44),
	},
	{
		Vector3.new(-58.7, 16.6, 44),
		Vector3.new(-58.7, 19.8, 44),
		Vector3.new(-58.1, 19.8, 44),
		Vector3.new(-58.1, 21.5, 44),
		Vector3.new(-57.800000000000004, 22, 44),
		Vector3.new(-58.2, 21.400000000000002, 44),
		Vector3.new(-61.300000000000004, 18.2, 44),
		Vector3.new(-61.300000000000004, 17.1, 44),
		Vector3.new(-62.2, 16.5, 44),
		Vector3.new(-62.2, 16, 44),
		Vector3.new(-62.800000000000004, 15.4, 44),
		Vector3.new(-64.3, 13.8, 44),
		Vector3.new(-64.2, 12.8, 44),
		Vector3.new(-63.800000000000004, 11.600000000000001, 44),
		Vector3.new(-63.2, 11.100000000000001, 44),
		Vector3.new(-62.7, 10.5, 44),
		Vector3.new(-62.800000000000004, 9.4, 44),
		Vector3.new(-62, 9.4, 44),
		Vector3.new(-61.6, 8.9, 44),
		Vector3.new(-61.7, 8.4, 44),
		Vector3.new(-61.2, 8.4, 44),
		Vector3.new(-60.7, 7.9, 44),
		Vector3.new(-60.6, 7.4, 44),
		Vector3.new(-60.2, 6.9, 44),
		Vector3.new(-59.6, 6.800000000000001, 44),
		Vector3.new(-59.6, 7.4, 44),
		Vector3.new(-59.7, 7.9, 44),
		Vector3.new(-59.2, 8.4, 44),
		Vector3.new(-58.7, 9.1, 44),
		Vector3.new(-58.6, 10.600000000000001, 44),
		Vector3.new(-57.7, 11.700000000000001, 44),
		Vector3.new(-57.800000000000004, 14.9, 44),
		Vector3.new(-58.2, 16.6, 44),
	},
	{
		Vector3.new(-58.2, 16.6, 44),
		Vector3.new(-58.7, 17.400000000000002, 44),
		Vector3.new(-60, 17.3, 44),
		Vector3.new(-60.5, 16.8, 44),
		Vector3.new(-60.6, 16.3, 44),
		Vector3.new(-61, 15.8, 44),
		Vector3.new(-61.5, 15.200000000000001, 44),
		Vector3.new(-62, 14.700000000000001, 44),
		Vector3.new(-62.5, 14.200000000000001, 44),
		Vector3.new(-63, 11.4, 44),
		Vector3.new(-62.5, 10.9, 44),
		Vector3.new(-62, 10.3, 44),
		Vector3.new(-61.5, 9.9, 44),
		Vector3.new(-60.5, 9.8, 44),
		Vector3.new(-59.6, 10.200000000000001, 44),
		Vector3.new(-59.5, 10.9, 44),
		Vector3.new(-59, 10.8, 44),
		Vector3.new(-59, 12, 44),
		Vector3.new(-58.5, 11.9, 44),
		Vector3.new(-58.5, 14.200000000000001, 44),
		Vector3.new(-59, 17.3, 44),
		Vector3.new(-59.900000000000006, 17.3, 44),
		Vector3.new(-58.900000000000006, 17.3, 44),
		Vector3.new(-59, 16.7, 44),
		Vector3.new(-58.7, 19.900000000000002, 44),
		Vector3.new(-58.2, 19.8, 44),
		Vector3.new(-58.1, 21.400000000000002, 44),
		Vector3.new(-60.2, 19.3, 44),
		Vector3.new(-60.300000000000004, 20.900000000000002, 44),
		Vector3.new(-60.7, 21.400000000000002, 44),
		Vector3.new(-60.800000000000004, 22.400000000000002, 44),
		Vector3.new(-61.300000000000004, 22.900000000000002, 44),
		Vector3.new(-61.300000000000004, 23.400000000000002, 44),
		Vector3.new(-61.7, 24.1, 44),
	},
	{
		Vector3.new(-61.7, 24.1, 44),
		Vector3.new(-64.10000000000001, 21.900000000000002, 44),
		Vector3.new(-64.2, 21.400000000000002, 44),
		Vector3.new(-63.800000000000004, 20.3, 44),
		Vector3.new(-63.800000000000004, 19.700000000000003, 44),
		Vector3.new(-63.2, 19.200000000000003, 44),
		Vector3.new(-62.7, 18.7, 44),
		Vector3.new(-62.7, 18.2, 44),
		Vector3.new(-62.2, 17.6, 44),
		Vector3.new(-62.2, 16.6, 44),
		Vector3.new(-62.300000000000004, 15.8, 44),
		Vector3.new(-63.400000000000006, 14.8, 44),
		Vector3.new(-63.800000000000004, 15.5, 44),
		Vector3.new(-64.3, 16, 44),
		Vector3.new(-64.8, 15.9, 44),
		Vector3.new(-65.10000000000001, 16.3, 44),
		Vector3.new(-65.7, 16.1, 44),
		Vector3.new(-65.60000000000001, 12.4, 44),
		Vector3.new(-65.10000000000001, 12.3, 44),
		Vector3.new(-65.10000000000001, 11.5, 44),
		Vector3.new(-64.3, 10.600000000000001, 44),
		Vector3.new(-64.3, 9.5, 44),
		Vector3.new(-64.7, 9.1, 44),
		Vector3.new(-64.8, 8.4, 44),
		Vector3.new(-64.2, 7.9, 44),
		Vector3.new(-63.1, 6.800000000000001, 44),
		Vector3.new(-61.300000000000004, 8.4, 44),
		Vector3.new(-60.1, 6.9, 44),
		Vector3.new(-59.5, 6.9, 44),
		Vector3.new(-59.2, 6.2, 44),
		Vector3.new(-59.300000000000004, 5.7, 44),
		Vector3.new(-58.800000000000004, 5.1000000000000005, 44),
		Vector3.new(-58.300000000000004, 4.6000000000000005, 44),
		Vector3.new(-57.900000000000006, 4.1000000000000005, 44),
		Vector3.new(-57.2, 3.7, 44),
		Vector3.new(-57.800000000000004, 3.1, 44),
		Vector3.new(-58.300000000000004, 2.4000000000000004, 44),
		Vector3.new(-58.300000000000004, 1.9000000000000001, 44),
		Vector3.new(-58.300000000000004, 2.4000000000000004, 44),
	},
	{
		Vector3.new(-58.300000000000004, 2.4000000000000004, 44),
		Vector3.new(-57.2, 3.8000000000000003, 44),
		Vector3.new(-56.7, 4.800000000000001, 44),
		Vector3.new(-56.300000000000004, 5.2, 44),
		Vector3.new(-56.1, 5.7, 44),
		Vector3.new(-55.7, 6.2, 44),
		Vector3.new(-56.2, 7.300000000000001, 44),
		Vector3.new(-57.300000000000004, 7.9, 44),
		Vector3.new(-57.800000000000004, 8.4, 44),
		Vector3.new(-56.7, 7.300000000000001, 44),
		Vector3.new(-56.2, 7.300000000000001, 44),
		Vector3.new(-55.800000000000004, 6.800000000000001, 44),
		Vector3.new(-55.300000000000004, 7.4, 44),
		Vector3.new(-54.2, 7.9, 44),
		Vector3.new(-53.800000000000004, 8.4, 44),
		Vector3.new(-53.800000000000004, 8.9, 44),
		Vector3.new(-53.2, 9.5, 44),
		Vector3.new(-53.2, 10.100000000000001, 44),
		Vector3.new(-52.800000000000004, 10.5, 44),
		Vector3.new(-52.7, 11.100000000000001, 44),
		Vector3.new(-52.300000000000004, 11.600000000000001, 44),
		Vector3.new(-50.800000000000004, 11.600000000000001, 44),
		Vector3.new(-50.2, 11.200000000000001, 44),
		Vector3.new(-49.7, 11.100000000000001, 44),
		Vector3.new(-49.300000000000004, 10.5, 44),
		Vector3.new(-47.800000000000004, 10.5, 44),
		Vector3.new(-47.900000000000006, 11.700000000000001, 44),
		Vector3.new(-47.2, 12.200000000000001, 44),
		Vector3.new(-47.400000000000006, 13.8, 44),
		Vector3.new(-47.2, 12.3, 44),
		Vector3.new(-47.900000000000006, 11.600000000000001, 44),
		Vector3.new(-47.800000000000004, 10.5, 44),
		Vector3.new(-47.400000000000006, 10, 44),
		Vector3.new(-46.800000000000004, 9.9, 44),
		Vector3.new(-46.400000000000006, 9.5, 44),
		Vector3.new(-45.7, 9.600000000000001, 44),
		Vector3.new(-45.300000000000004, 9, 44),
		Vector3.new(-45.7, 9.5, 44),
		Vector3.new(-46.300000000000004, 9.5, 44),
		Vector3.new(-46.800000000000004, 9.9, 44),
		Vector3.new(-47.300000000000004, 9.9, 44),
		Vector3.new(-47.7, 9.5, 44),
		Vector3.new(-47.800000000000004, 7.300000000000001, 44),
	},
	{
		Vector3.new(-47.800000000000004, 7.300000000000001, 44),
		Vector3.new(-48.300000000000004, 6.800000000000001, 44),
		Vector3.new(-48.900000000000006, 5.7, 44),
		Vector3.new(-49.300000000000004, 5.2, 44),
		Vector3.new(-48.800000000000004, 4.6000000000000005, 44),
		Vector3.new(-48.2, 4.6000000000000005, 44),
		Vector3.new(-47.800000000000004, 4, 44),
		Vector3.new(-47.2, 4.1000000000000005, 44),
		Vector3.new(-46.7, 4, 44),
		Vector3.new(-46.300000000000004, 4.800000000000001, 44),
		Vector3.new(-43.800000000000004, 4.6000000000000005, 44),
		Vector3.new(-46.2, 4.6000000000000005, 44),
		Vector3.new(-46.800000000000004, 4.1000000000000005, 44),
		Vector3.new(-47.400000000000006, 4, 44),
		Vector3.new(-48.2, 3, 44),
		Vector3.new(-48.800000000000004, 1.9000000000000001, 44),
		Vector3.new(-49.400000000000006, 1.3, 44),
		Vector3.new(-49.400000000000006, 0.6000000000000001, 44),
		Vector3.new(-53.1, 0.5, 44),
		Vector3.new(-53.7, 1, 44),
		Vector3.new(-52.7, 2, 44),
		Vector3.new(-51.800000000000004, 2.4000000000000004, 44),
		Vector3.new(-51.300000000000004, 2.9000000000000004, 44),
		Vector3.new(-50.7, 3.5, 44),
		Vector3.new(-50.2, 4, 44),
		Vector3.new(-50.300000000000004, 4.6000000000000005, 44),
		Vector3.new(-49.6, 5, 44),
		Vector3.new(-50.300000000000004, 5.800000000000001, 44),
		Vector3.new(-51.2, 6.2, 44),
		Vector3.new(-51.800000000000004, 6.7, 44),
		Vector3.new(-51.1, 7.5, 44),
		Vector3.new(-51.2, 8, 44),
		Vector3.new(-50.7, 8.4, 44),
		Vector3.new(-50.7, 10, 44),
		Vector3.new(-50.800000000000004, 11.700000000000001, 44),
		Vector3.new(-52.300000000000004, 11.700000000000001, 44),
	},
	{
		Vector3.new(-52.300000000000004, 11.700000000000001, 44),
		Vector3.new(-50.900000000000006, 11.700000000000001, 44),
		Vector3.new(-50.6, 8.5, 44),
		Vector3.new(-51.2, 8.1, 44),
		Vector3.new(-51.2, 7.300000000000001, 44),
		Vector3.new(-51.800000000000004, 6.7, 44),
		Vector3.new(-52.400000000000006, 6.300000000000001, 44),
		Vector3.new(-53.400000000000006, 5.7, 44),
		Vector3.new(-54.300000000000004, 5.1000000000000005, 44),
		Vector3.new(-54.800000000000004, 5.1000000000000005, 44),
		Vector3.new(-55.900000000000006, 4.2, 44),
		Vector3.new(-56.5, 5, 44),
		Vector3.new(-55.7, 6.2, 44),
		Vector3.new(-55.800000000000004, 6.800000000000001, 44),
		Vector3.new(-55.400000000000006, 7.5, 44),
		Vector3.new(-53.900000000000006, 8.3, 44),
		Vector3.new(-53.7, 9, 44),
		Vector3.new(-53.300000000000004, 9.4, 44),
		Vector3.new(-53.2, 10.200000000000001, 44),
		Vector3.new(-52.7, 11.100000000000001, 44),
		Vector3.new(-52.7, 12.200000000000001, 44),
		Vector3.new(-55.800000000000004, 12.200000000000001, 44),
		Vector3.new(-56.300000000000004, 11.700000000000001, 44),
		Vector3.new(-57.6, 11.8, 44),
		Vector3.new(-57.800000000000004, 14.9, 44),
		Vector3.new(-57.300000000000004, 15.4, 44),
		Vector3.new(-56.2, 15.5, 44),
		Vector3.new(-55.800000000000004, 16, 44),
		Vector3.new(-53.800000000000004, 16, 44),
		Vector3.new(-53.2, 16.400000000000002, 44),
		Vector3.new(-51.800000000000004, 16.6, 44),
		Vector3.new(-51.300000000000004, 17.1, 44),
		Vector3.new(-51.300000000000004, 17.8, 44),
	},
	{
		Vector3.new(-51.300000000000004, 17.8, 44),
		Vector3.new(-51.800000000000004, 17.900000000000002, 44),
		Vector3.new(-51.800000000000004, 19.700000000000003, 44),
		Vector3.new(-52.300000000000004, 20.3, 44),
		Vector3.new(-52.900000000000006, 20.3, 44),
		Vector3.new(-53.300000000000004, 20.8, 44),
		Vector3.new(-55.800000000000004, 20.8, 44),
		Vector3.new(-56.2, 20.3, 44),
		Vector3.new(-58.1, 20.3, 44),
	},
}
