local wires = {
	{
		Vector3.new(0, 0, 0),
		Vector3.new(0.4, 1.1, 0),
		Vector3.new(0.9, 3.6, 0),
		Vector3.new(0.9, 4.9, 0),
		Vector3.new(0.9, 6.7, 0),
		Vector3.new(0.8, 8.5, 0),
		Vector3.new(0.9, 11.8, 0),
		Vector3.new(1.4000000000000001, 14.9, 0),
		Vector3.new(1.6, 16.2, 0),
		Vector3.new(1.7000000000000002, 18.8, 0),
		Vector3.new(1.6, 20.900000000000002, 0),
		Vector3.new(1.8, 23, 0),
		Vector3.new(2, 24.1, 0),
		Vector3.new(2, 25.1, 0),
		Vector3.new(2.7, 24.900000000000002, 0),
		Vector3.new(3.2, 24.6, 0),
		Vector3.new(3.4000000000000004, 25.900000000000002, 0),
		Vector3.new(3.3000000000000003, 27.700000000000003, 0),
		Vector3.new(3, 29.6, 0),
		Vector3.new(2.5, 32, 0),
		Vector3.new(2.7, 30.900000000000002, 0),
		Vector3.new(3.9000000000000004, 32.1, 0),
	},
	{
		Vector3.new(3.9000000000000004, 32.1, 0),
		Vector3.new(5.4, 33.4, 0),
		Vector3.new(6.4, 34.1, 0),
		Vector3.new(7.2, 34.2, 0),
		Vector3.new(6.1000000000000005, 34.800000000000004, 0),
		Vector3.new(5.300000000000001, 35.300000000000004, 0),
		Vector3.new(4.9, 35.800000000000004, 0),
		Vector3.new(4.6000000000000005, 36.5, 0),
		Vector3.new(4.1000000000000005, 37.5, 0),
		Vector3.new(3.7, 38, 0),
		Vector3.new(3.6, 39.300000000000004, 0),
		Vector3.new(4.1000000000000005, 40.7, 0),
		Vector3.new(4.800000000000001, 42.2, 0),
		Vector3.new(5.5, 43.2, 0),
		Vector3.new(5.4, 44, 0),
		Vector3.new(5.4, 44.800000000000004, 0),
		Vector3.new(5.5, 44, 0),
		Vector3.new(5.800000000000001, 42.400000000000006, 0),
		Vector3.new(6.6000000000000005, 40.400000000000006, 0),
		Vector3.new(7.4, 38.6, 0),
		Vector3.new(6.7, 39.900000000000006, 0),
		Vector3.new(5.5, 40.300000000000004, 0),
		Vector3.new(6.7, 39.900000000000006, 0),
		Vector3.new(6.1000000000000005, 40.1, 0),
		Vector3.new(5.4, 39.900000000000006, 0),
		Vector3.new(4.6000000000000005, 39.800000000000004, 0),
		Vector3.new(4.2, 39.1, 0),
		Vector3.new(4.5, 38.400000000000006, 0),
		Vector3.new(4.4, 39.1, 0),
		Vector3.new(4.9, 39.6, 0),
		Vector3.new(5.7, 39.7, 0),
		Vector3.new(6.5, 39.300000000000004, 0),
		Vector3.new(6, 39.800000000000004, 0),
		Vector3.new(5.4, 39.800000000000004, 0),
		Vector3.new(4.7, 39.5, 0),
		Vector3.new(4.3, 39.1, 0),
		Vector3.new(4.9, 39.6, 0),
	},
	{
		Vector3.new(4.9, 39.6, 0),
		Vector3.new(5.7, 39.800000000000004, 0),
		Vector3.new(6.300000000000001, 39.400000000000006, 0),
		Vector3.new(6.5, 39, 0),
		Vector3.new(6.5, 38.400000000000006, 0),
		Vector3.new(5.800000000000001, 38.2, 0),
		Vector3.new(6.4, 38.300000000000004, 0),
		Vector3.new(6.5, 38.900000000000006, 0),
		Vector3.new(6.4, 39.400000000000006, 0),
		Vector3.new(5.9, 39.7, 0),
		Vector3.new(5.6000000000000005, 39.1, 0),
		Vector3.new(5.5, 38.6, 0),
		Vector3.new(6.4, 38.400000000000006, 0),
		Vector3.new(6.1000000000000005, 39.5, 0),
		Vector3.new(6.5, 38.6, 0),
		Vector3.new(6.300000000000001, 39.300000000000004, 0),
		Vector3.new(6.300000000000001, 38.400000000000006, 0),
		Vector3.new(6, 39.300000000000004, 0),
		Vector3.new(6.1000000000000005, 38.400000000000006, 0),
		Vector3.new(5.9, 39.2, 0),
		Vector3.new(5.6000000000000005, 38.7, 0),
		Vector3.new(6, 39.400000000000006, 0),
		Vector3.new(6.1000000000000005, 40.2, 0),
		Vector3.new(6.800000000000001, 39.900000000000006, 0),
		Vector3.new(7.4, 38.5, 0),
		Vector3.new(7.1000000000000005, 40, 0),
		Vector3.new(6.9, 41.5, 0),
		Vector3.new(7.1000000000000005, 40.7, 0),
		Vector3.new(7.800000000000001, 39.5, 0),
		Vector3.new(8.6, 38, 0),
		Vector3.new(8.6, 38.7, 0),
		Vector3.new(8.5, 39.5, 0),
		Vector3.new(9.200000000000001, 37.800000000000004, 0),
		Vector3.new(9.4, 39.7, 0),
		Vector3.new(9.200000000000001, 42.2, 0),
		Vector3.new(9.1, 43.300000000000004, 0),
		Vector3.new(9.4, 39.7, 0),
	},
	{
		Vector3.new(9.4, 39.7, 0),
		Vector3.new(9.700000000000001, 40.2, 0),
		Vector3.new(9.9, 41.5, 0),
		Vector3.new(10, 43.1, 0),
		Vector3.new(10.8, 42.300000000000004, 0),
		Vector3.new(11.9, 41.2, 0),
		Vector3.new(12.600000000000001, 40.400000000000006, 0),
		Vector3.new(11.700000000000001, 40.300000000000004, 0),
		Vector3.new(10.600000000000001, 40.1, 0),
		Vector3.new(11.5, 40.2, 0),
		Vector3.new(12, 40.2, 0),
		Vector3.new(12.9, 39.400000000000006, 0),
		Vector3.new(12.200000000000001, 40.2, 0),
		Vector3.new(12.9, 39.6, 0),
		Vector3.new(12.100000000000001, 40.2, 0),
		Vector3.new(11.5, 40.2, 0),
		Vector3.new(11, 40.2, 0),
		Vector3.new(10.4, 40, 0),
		Vector3.new(11.200000000000001, 40.2, 0),
		Vector3.new(11.9, 40.1, 0),
		Vector3.new(12.3, 39.800000000000004, 0),
		Vector3.new(11.700000000000001, 39.6, 0),
		Vector3.new(11.700000000000001, 38.900000000000006, 0),
		Vector3.new(12, 38.400000000000006, 0),
		Vector3.new(12.5, 38.5, 0),
		Vector3.new(12.9, 39.1, 0),
		Vector3.new(12.3, 39.7, 0),
		Vector3.new(12.8, 39, 0),
		Vector3.new(12.100000000000001, 38.5, 0),
		Vector3.new(12.4, 39.6, 0),
		Vector3.new(12.3, 38.7, 0),
		Vector3.new(12.5, 39.5, 0),
		Vector3.new(12.4, 38.800000000000004, 0),
		Vector3.new(12.600000000000001, 39.300000000000004, 0),
		Vector3.new(12.5, 38.6, 0),
		Vector3.new(12.4, 39.6, 0),
		Vector3.new(12, 38.7, 0),
		Vector3.new(11.8, 39.400000000000006, 0),
		Vector3.new(12.200000000000001, 38.800000000000004, 0),
		Vector3.new(11.700000000000001, 38.400000000000006, 0),
		Vector3.new(10.8, 38.6, 0),
		Vector3.new(11.9, 38.400000000000006, 0),
		Vector3.new(12.600000000000001, 38.800000000000004, 0),
		Vector3.new(12.5, 39.6, 0),
		Vector3.new(13, 39.900000000000006, 0),
		Vector3.new(13.4, 39.5, 0),
	},
	{
		Vector3.new(13.4, 39.5, 0),
		Vector3.new(12.5, 39.5, 0),
		Vector3.new(12.200000000000001, 40.2, 0),
		Vector3.new(12.9, 40.1, 0),
		Vector3.new(13.4, 39.800000000000004, 0),
		Vector3.new(13.4, 41.300000000000004, 0),
		Vector3.new(13.3, 42, 0),
		Vector3.new(12.5, 44.300000000000004, 0),
		Vector3.new(13.200000000000001, 42.2, 0),
		Vector3.new(13.4, 41.400000000000006, 0),
		Vector3.new(13.100000000000001, 42.2, 0),
		Vector3.new(12.5, 43.2, 0),
		Vector3.new(11.700000000000001, 44.400000000000006, 0),
		Vector3.new(12.4, 43.300000000000004, 0),
		Vector3.new(13.100000000000001, 42.2, 0),
		Vector3.new(13.4, 41.1, 0),
		Vector3.new(13.5, 37.4, 0),
		Vector3.new(14, 38.1, 0),
		Vector3.new(14.5, 39, 0),
		Vector3.new(15.100000000000001, 40, 0),
		Vector3.new(15.100000000000001, 40.5, 0),
		Vector3.new(15.3, 39.6, 0),
		Vector3.new(15.700000000000001, 38.5, 0),
		Vector3.new(16, 39.2, 0),
		Vector3.new(16.1, 40.2, 0),
		Vector3.new(16.2, 40.800000000000004, 0),
		Vector3.new(16.6, 40.2, 0),
		Vector3.new(17.6, 38.300000000000004, 0),
		Vector3.new(17.400000000000002, 39.800000000000004, 0),
		Vector3.new(17.1, 41.1, 0),
		Vector3.new(16.2, 43.300000000000004, 0),
	},
	{
		Vector3.new(16.2, 43.300000000000004, 0),
		Vector3.new(17, 41.1, 0),
		Vector3.new(17, 43.2, 0),
		Vector3.new(17.900000000000002, 42.6, 0),
		Vector3.new(18.6, 41.6, 0),
		Vector3.new(17.7, 43.900000000000006, 0),
		Vector3.new(16, 45.900000000000006, 0),
		Vector3.new(14.8, 46.900000000000006, 0),
		Vector3.new(11.4, 48.800000000000004, 0),
		Vector3.new(8.700000000000001, 49.800000000000004, 0),
		Vector3.new(8.200000000000001, 50, 0),
		Vector3.new(7.4, 49.300000000000004, 0),
		Vector3.new(7, 48.7, 0),
		Vector3.new(6.1000000000000005, 49.2, 0),
		Vector3.new(4.9, 48.5, 0),
		Vector3.new(3.1, 47.1, 0),
		Vector3.new(2.1, 45.7, 0),
		Vector3.new(0.7000000000000001, 43.800000000000004, 0),
		Vector3.new(-0.1, 42.2, 0),
		Vector3.new(-0.2, 40.400000000000006, 0),
		Vector3.new(0.30000000000000004, 41.800000000000004, 0),
		Vector3.new(0.7000000000000001, 42.5, 0),
	},
	{
		Vector3.new(0.7000000000000001, 42.5, 0),
		Vector3.new(0.8, 40.2, 0),
		Vector3.new(1.1, 38.5, 0),
		Vector3.new(1.2000000000000002, 39.900000000000006, 0),
		Vector3.new(1.5, 40.6, 0),
		Vector3.new(2.3000000000000003, 39, 0),
		Vector3.new(3.3000000000000003, 37.1, 0),
		Vector3.new(3.2, 38.1, 0),
		Vector3.new(3.1, 38.900000000000006, 0),
		Vector3.new(2.8000000000000003, 39.5, 0),
		Vector3.new(3.7, 38, 0),
		Vector3.new(3.6, 39.300000000000004, 0),
		Vector3.new(3.6, 40.5, 0),
		Vector3.new(3.6, 41.900000000000006, 0),
		Vector3.new(4.2, 44, 0),
		Vector3.new(3.6, 41.800000000000004, 0),
		Vector3.new(3.7, 39.800000000000004, 0),
		Vector3.new(3.6, 41.2, 0),
		Vector3.new(3.9000000000000004, 40, 0),
		Vector3.new(4.4, 41.400000000000006, 0),
		Vector3.new(4.800000000000001, 42.2, 0),
		Vector3.new(5.5, 43.2, 0),
		Vector3.new(5.800000000000001, 42.400000000000006, 0),
		Vector3.new(7.2, 39.300000000000004, 0),
		Vector3.new(7, 39.900000000000006, 0),
		Vector3.new(7, 41.400000000000006, 0),
	},
	{
		Vector3.new(7, 41.400000000000006, 0),
		Vector3.new(7.2, 40.5, 0),
		Vector3.new(8.6, 38.1, 0),
		Vector3.new(8.6, 38.7, 0),
		Vector3.new(8.5, 39.400000000000006, 0),
		Vector3.new(9.200000000000001, 37.9, 0),
		Vector3.new(9.5, 39.900000000000006, 0),
		Vector3.new(9.3, 41.7, 0),
		Vector3.new(9.700000000000001, 40.5, 0),
		Vector3.new(9.600000000000001, 40, 0),
		Vector3.new(9.5, 40.900000000000006, 0),
		Vector3.new(9.5, 40.2, 0),
		Vector3.new(9.600000000000001, 40.7, 0),
		Vector3.new(9.9, 41.900000000000006, 0),
		Vector3.new(10, 43.5, 0),
		Vector3.new(10.8, 42.300000000000004, 0),
		Vector3.new(12.4, 40.7, 0),
		Vector3.new(13.200000000000001, 39.900000000000006, 0),
		Vector3.new(13.4, 41.2, 0),
		Vector3.new(13, 42.5, 0),
		Vector3.new(12.700000000000001, 43.7, 0),
		Vector3.new(12.700000000000001, 42.800000000000004, 0),
		Vector3.new(13.4, 41.6, 0),
		Vector3.new(13.5, 39.300000000000004, 0),
		Vector3.new(13.5, 37.4, 0),
		Vector3.new(14.5, 39, 0),
		Vector3.new(15.100000000000001, 40.1, 0),
		Vector3.new(15.600000000000001, 38.6, 0),
	},
	{
		Vector3.new(15.600000000000001, 38.6, 0),
		Vector3.new(16.1, 39.900000000000006, 0),
		Vector3.new(16.7, 39.5, 0),
		Vector3.new(16.8, 38.6, 0),
		Vector3.new(16.5, 37.9, 0),
		Vector3.new(15.9, 37.2, 0),
		Vector3.new(15.4, 36.7, 0),
		Vector3.new(14.700000000000001, 36.6, 0),
		Vector3.new(14.3, 36.2, 0),
		Vector3.new(13.8, 36, 0),
		Vector3.new(14.200000000000001, 36.5, 0),
		Vector3.new(13.600000000000001, 35.9, 0),
		Vector3.new(12.9, 35.300000000000004, 0),
		Vector3.new(11.8, 34.6, 0),
		Vector3.new(11, 34.2, 0),
		Vector3.new(10, 33.800000000000004, 0),
		Vector3.new(9.200000000000001, 33.5, 0),
		Vector3.new(8.6, 33.5, 0),
		Vector3.new(7.800000000000001, 33.9, 0),
		Vector3.new(7.2, 34.2, 0),
		Vector3.new(5.9, 34.9, 0),
		Vector3.new(5.300000000000001, 35.300000000000004, 0),
		Vector3.new(4.9, 35.9, 0),
		Vector3.new(4.5, 36.5, 0),
		Vector3.new(4, 36.6, 0),
		Vector3.new(3.3000000000000003, 36.800000000000004, 0),
		Vector3.new(2.9000000000000004, 37.2, 0),
		Vector3.new(2.7, 38.1, 0),
		Vector3.new(2.7, 37.5, 0),
		Vector3.new(3.3000000000000003, 36.800000000000004, 0),
		Vector3.new(2.6, 36.300000000000004, 0),
		Vector3.new(1.5, 36.1, 0),
		Vector3.new(1.7000000000000002, 37.2, 0),
		Vector3.new(1.8, 38.800000000000004, 0),
		Vector3.new(1.7000000000000002, 37.2, 0),
		Vector3.new(1.5, 36, 0),
		Vector3.new(1, 35.9, 0),
		Vector3.new(-0.7000000000000001, 35.6, 0),
		Vector3.new(-0.7000000000000001, 37.2, 0),
		Vector3.new(-0.5, 38.7, 0),
		Vector3.new(-0.4, 39.7, 0),
	},
	{
		Vector3.new(-0.4, 39.7, 0),
		Vector3.new(-0.2, 42.2, 0),
		Vector3.new(0, 43.300000000000004, 0),
		Vector3.new(-0.7000000000000001, 42.7, 0),
		Vector3.new(-1.4000000000000001, 41.1, 0),
		Vector3.new(-1.2000000000000002, 42.2, 0),
		Vector3.new(-0.8, 43.400000000000006, 0),
		Vector3.new(-0.1, 44, 0),
		Vector3.new(0.30000000000000004, 44.2, 0),
		Vector3.new(-0.8, 43.900000000000006, 0),
		Vector3.new(-2.1, 43.300000000000004, 0),
		Vector3.new(-3.8000000000000003, 42.300000000000004, 0),
		Vector3.new(-2.9000000000000004, 43.5, 0),
		Vector3.new(-1.9000000000000001, 44.300000000000004, 0),
		Vector3.new(-0.5, 45.2, 0),
		Vector3.new(0.30000000000000004, 45.6, 0),
		Vector3.new(-0.6000000000000001, 45.2, 0),
		Vector3.new(-1.9000000000000001, 44.400000000000006, 0),
		Vector3.new(-1.5, 44.900000000000006, 0),
		Vector3.new(-0.7000000000000001, 45.5, 0),
		Vector3.new(0.4, 46, 0),
		Vector3.new(-0.7000000000000001, 46.5, 0),
		Vector3.new(-1.8, 46.6, 0),
		Vector3.new(-0.8, 47, 0),
		Vector3.new(0.1, 47, 0),
		Vector3.new(0.8, 47, 0),
		Vector3.new(0.7000000000000001, 48.2, 0),
		Vector3.new(0.8, 49.2, 0),
		Vector3.new(1, 49.7, 0),
		Vector3.new(2.4000000000000004, 49.900000000000006, 0),
		Vector3.new(3.6, 49.800000000000004, 0),
		Vector3.new(4.6000000000000005, 49.6, 0),
		Vector3.new(4.2, 49, 0),
	},
	{
		Vector3.new(4.2, 49, 0),
		Vector3.new(3.6, 49, 0),
		Vector3.new(3.5, 48.400000000000006, 0),
		Vector3.new(2.6, 47.800000000000004, 0),
		Vector3.new(2, 47.300000000000004, 0),
		Vector3.new(1.7000000000000002, 46.900000000000006, 0),
		Vector3.new(0.8, 44.1, 0),
		Vector3.new(1.3, 45.800000000000004, 0),
		Vector3.new(0.9, 47.1, 0),
		Vector3.new(1.7000000000000002, 47.7, 0),
		Vector3.new(2.1, 49.1, 0),
		Vector3.new(3, 49.800000000000004, 0),
		Vector3.new(3.9000000000000004, 49.7, 0),
		Vector3.new(2.4000000000000004, 48.800000000000004, 0),
		Vector3.new(2.2, 47.800000000000004, 0),
		Vector3.new(0.9, 47, 0),
		Vector3.new(2.1, 47.900000000000006, 0),
		Vector3.new(2.3000000000000003, 49.1, 0),
		Vector3.new(2.2, 47.900000000000006, 0),
		Vector3.new(2.2, 49.1, 0),
		Vector3.new(3.2, 49.7, 0),
		Vector3.new(2.3000000000000003, 48.800000000000004, 0),
		Vector3.new(3.4000000000000004, 49.6, 0),
		Vector3.new(2.3000000000000003, 48.900000000000006, 0),
		Vector3.new(3.7, 49.7, 0),
		Vector3.new(4.7, 49.6, 0),
		Vector3.new(4.2, 49, 0),
		Vector3.new(3.6, 49, 0),
		Vector3.new(3.5, 48.5, 0),
		Vector3.new(3, 48, 0),
		Vector3.new(3, 47, 0),
		Vector3.new(3.8000000000000003, 47.7, 0),
		Vector3.new(3.8000000000000003, 48.2, 0),
	},
	{
		Vector3.new(3.8000000000000003, 48.2, 0),
		Vector3.new(3, 47, 0),
		Vector3.new(1.9000000000000001, 45.400000000000006, 0),
		Vector3.new(1.8, 46.400000000000006, 0),
		Vector3.new(1.8, 47.1, 0),
		Vector3.new(2.3000000000000003, 47.800000000000004, 0),
		Vector3.new(2.2, 48.5, 0),
		Vector3.new(2.5, 49.2, 0),
		Vector3.new(3.5, 49.800000000000004, 0),
		Vector3.new(4.800000000000001, 49.6, 0),
		Vector3.new(5.9, 50.1, 0),
		Vector3.new(6.800000000000001, 50.300000000000004, 0),
		Vector3.new(7.7, 50.5, 0),
		Vector3.new(8.700000000000001, 50.900000000000006, 0),
		Vector3.new(10.100000000000001, 51, 0),
		Vector3.new(11.5, 51, 0),
		Vector3.new(12.8, 50.7, 0),
		Vector3.new(14.9, 49.800000000000004, 0),
		Vector3.new(15.8, 49.2, 0),
		Vector3.new(16.7, 49.6, 0),
		Vector3.new(18, 49.900000000000006, 0),
		Vector3.new(19.1, 50.1, 0),
		Vector3.new(19.700000000000003, 50.1, 0),
		Vector3.new(20.200000000000003, 48.800000000000004, 0),
		Vector3.new(20.3, 47.900000000000006, 0),
		Vector3.new(20.3, 47.300000000000004, 0),
		Vector3.new(19.700000000000003, 47.400000000000006, 0),
		Vector3.new(18.8, 47.300000000000004, 0),
		Vector3.new(18.1, 47.400000000000006, 0),
		Vector3.new(17.8, 47.900000000000006, 0),
		Vector3.new(17.2, 48.1, 0),
		Vector3.new(16.6, 48.7, 0),
		Vector3.new(15.9, 49.1, 0),
		Vector3.new(16.7, 49.6, 0),
		Vector3.new(17.900000000000002, 49.900000000000006, 0),
		Vector3.new(18.400000000000002, 49.2, 0),
		Vector3.new(18.8, 48.800000000000004, 0),
		Vector3.new(18.7, 48.1, 0),
	},
	{
		Vector3.new(18.7, 48.1, 0),
		Vector3.new(19.400000000000002, 47.400000000000006, 0),
		Vector3.new(18.8, 48.2, 0),
		Vector3.new(19.1, 48.800000000000004, 0),
		Vector3.new(18.2, 49.900000000000006, 0),
		Vector3.new(18.900000000000002, 48.7, 0),
		Vector3.new(18.2, 49.7, 0),
		Vector3.new(18.900000000000002, 48.7, 0),
		Vector3.new(19.400000000000002, 47.400000000000006, 0),
		Vector3.new(20, 47.400000000000006, 0),
		Vector3.new(20.900000000000002, 47.2, 0),
		Vector3.new(21.900000000000002, 46.900000000000006, 0),
		Vector3.new(23, 46.2, 0),
		Vector3.new(24.3, 45.2, 0),
		Vector3.new(22.900000000000002, 45.800000000000004, 0),
		Vector3.new(21.3, 46.2, 0),
		Vector3.new(21.900000000000002, 45.6, 0),
		Vector3.new(22.700000000000003, 44.300000000000004, 0),
		Vector3.new(23.200000000000003, 42.7, 0),
		Vector3.new(23.3, 42.2, 0),
		Vector3.new(22.8, 43, 0),
		Vector3.new(22, 43.800000000000004, 0),
		Vector3.new(21.3, 44.6, 0),
		Vector3.new(19.900000000000002, 45.1, 0),
		Vector3.new(19.1, 46.2, 0),
		Vector3.new(18.900000000000002, 46.800000000000004, 0),
		Vector3.new(18.6, 47.2, 0),
		Vector3.new(19, 46.7, 0),
		Vector3.new(18.400000000000002, 47.300000000000004, 0),
		Vector3.new(17.900000000000002, 47.5, 0),
		Vector3.new(18.6, 46.2, 0),
		Vector3.new(19, 45.300000000000004, 0),
		Vector3.new(18.6, 46.300000000000004, 0),
		Vector3.new(17.8, 47.6, 0),
	},
	{
		Vector3.new(17.8, 47.6, 0),
		Vector3.new(17.8, 46.1, 0),
		Vector3.new(17.8, 45.2, 0),
		Vector3.new(17.7, 47.1, 0),
		Vector3.new(17.8, 47.900000000000006, 0),
		Vector3.new(17.2, 48.1, 0),
		Vector3.new(17.1, 47.2, 0),
		Vector3.new(16.6, 46.1, 0),
		Vector3.new(17.1, 47.300000000000004, 0),
		Vector3.new(17.2, 48.1, 0),
		Vector3.new(16.8, 48.5, 0),
		Vector3.new(16.2, 48.2, 0),
		Vector3.new(15, 47.300000000000004, 0),
		Vector3.new(16.3, 48.2, 0),
		Vector3.new(16.8, 48.5, 0),
		Vector3.new(16.3, 48.800000000000004, 0),
		Vector3.new(14.9, 48.1, 0),
		Vector3.new(16.3, 48.900000000000006, 0),
		Vector3.new(17.2, 48.1, 0),
		Vector3.new(17.8, 47.900000000000006, 0),
		Vector3.new(18, 47.400000000000006, 0),
		Vector3.new(18.6, 47.300000000000004, 0),
		Vector3.new(19, 46.7, 0),
		Vector3.new(19.200000000000003, 45.300000000000004, 0),
		Vector3.new(19.200000000000003, 43.400000000000006, 0),
		Vector3.new(19.1, 42.800000000000004, 0),
		Vector3.new(19.200000000000003, 43.5, 0),
		Vector3.new(19.3, 45.400000000000006, 0),
		Vector3.new(19.1, 46.2, 0),
		Vector3.new(19.6, 44.900000000000006, 0),
		Vector3.new(19.900000000000002, 42.400000000000006, 0),
		Vector3.new(19.900000000000002, 40.5, 0),
		Vector3.new(19.900000000000002, 42.6, 0),
	},
	{
		Vector3.new(19.900000000000002, 42.6, 0),
		Vector3.new(19.6, 45.1, 0),
		Vector3.new(20.5, 44.800000000000004, 0),
		Vector3.new(20.700000000000003, 42.6, 0),
		Vector3.new(20.5, 39.900000000000006, 0),
		Vector3.new(20.1, 37.7, 0),
		Vector3.new(19.6, 36.1, 0),
		Vector3.new(19, 34.800000000000004, 0),
		Vector3.new(18.8, 34, 0),
		Vector3.new(18.900000000000002, 35.4, 0),
		Vector3.new(19.400000000000002, 37.5, 0),
		Vector3.new(19.700000000000003, 38.800000000000004, 0),
		Vector3.new(18.900000000000002, 35.4, 0),
		Vector3.new(18.8, 33.9, 0),
		Vector3.new(17.5, 33.6, 0),
		Vector3.new(16.6, 33.7, 0),
		Vector3.new(16.3, 34.2, 0),
		Vector3.new(16.1, 35.1, 0),
		Vector3.new(15.9, 36.2, 0),
		Vector3.new(15.5, 35.300000000000004, 0),
		Vector3.new(15.3, 34.6, 0),
		Vector3.new(15.3, 35.6, 0),
		Vector3.new(15.5, 36.4, 0),
		Vector3.new(15.3, 35.300000000000004, 0),
		Vector3.new(15.4, 34.5, 0),
		Vector3.new(15.8, 34.2, 0),
		Vector3.new(14.9, 34, 0),
		Vector3.new(14.4, 34.5, 0),
		Vector3.new(14.4, 35, 0),
	},
	{
		Vector3.new(14.4, 35, 0),
		Vector3.new(14.8, 36.2, 0),
		Vector3.new(14.600000000000001, 35.300000000000004, 0),
		Vector3.new(14.4, 34.5, 0),
		Vector3.new(14.5, 33.9, 0),
		Vector3.new(14.5, 34.4, 0),
		Vector3.new(14.5, 35.1, 0),
		Vector3.new(14.9, 36.300000000000004, 0),
		Vector3.new(15.4, 36.7, 0),
		Vector3.new(16.1, 37.4, 0),
		Vector3.new(16.5, 38, 0),
		Vector3.new(16.8, 38.6, 0),
		Vector3.new(16.7, 39.5, 0),
		Vector3.new(17.5, 38.400000000000006, 0),
		Vector3.new(17.3, 40.1, 0),
		Vector3.new(17.900000000000002, 41.400000000000006, 0),
		Vector3.new(18.3, 42, 0),
		Vector3.new(17.5, 41.5, 0),
		Vector3.new(17.3, 40.1, 0),
		Vector3.new(18, 41.5, 0),
		Vector3.new(18.400000000000002, 42, 0),
		Vector3.new(18.8, 41.5, 0),
		Vector3.new(19, 42.300000000000004, 0),
		Vector3.new(18.5, 40.7, 0),
		Vector3.new(18.8, 41.400000000000006, 0),
		Vector3.new(19, 41, 0),
		Vector3.new(18.8, 39.300000000000004, 0),
		Vector3.new(18.400000000000002, 37.2, 0),
		Vector3.new(17.900000000000002, 34.800000000000004, 0),
		Vector3.new(17.8, 34, 0),
		Vector3.new(17.3, 34.2, 0),
		Vector3.new(16.8, 35, 0),
		Vector3.new(16.6, 35.7, 0),
		Vector3.new(16.6, 36.5, 0),
		Vector3.new(16.900000000000002, 37.6, 0),
		Vector3.new(16.6, 36.5, 0),
		Vector3.new(16.6, 35.7, 0),
	},
	{
		Vector3.new(16.6, 35.7, 0),
		Vector3.new(16.8, 34.9, 0),
		Vector3.new(17.3, 34.2, 0),
		Vector3.new(17.900000000000002, 34.9, 0),
		Vector3.new(18.5, 37.6, 0),
		Vector3.new(19, 41, 0),
		Vector3.new(18.7, 41.5, 0),
		Vector3.new(18.2, 42.2, 0),
		Vector3.new(17, 43.2, 0),
		Vector3.new(17, 41.300000000000004, 0),
		Vector3.new(17.3, 40, 0),
		Vector3.new(17.6, 38.5, 0),
		Vector3.new(16.7, 40.2, 0),
		Vector3.new(16.2, 40.7, 0),
		Vector3.new(16.1, 39.900000000000006, 0),
		Vector3.new(16.7, 39.400000000000006, 0),
		Vector3.new(16.8, 38.6, 0),
		Vector3.new(16.5, 38, 0),
		Vector3.new(15.5, 36.800000000000004, 0),
		Vector3.new(15, 36.7, 0),
		Vector3.new(14.600000000000001, 35.300000000000004, 0),
		Vector3.new(14.4, 34.6, 0),
		Vector3.new(14.5, 33.9, 0),
		Vector3.new(13.9, 33.6, 0),
		Vector3.new(12.5, 33, 0),
		Vector3.new(14, 33.6, 0),
		Vector3.new(14.4, 33.9, 0),
		Vector3.new(14.5, 35.2, 0),
		Vector3.new(15.100000000000001, 36.7, 0),
		Vector3.new(14.3, 36.6, 0),
		Vector3.new(12.8, 35.2, 0),
	},
	{
		Vector3.new(12.8, 35.2, 0),
		Vector3.new(12.4, 34.4, 0),
		Vector3.new(11.700000000000001, 33.300000000000004, 0),
		Vector3.new(12.9, 35.2, 0),
		Vector3.new(11, 34.1, 0),
		Vector3.new(9, 33.4, 0),
		Vector3.new(9.600000000000001, 32.300000000000004, 0),
		Vector3.new(9.700000000000001, 31.5, 0),
		Vector3.new(9.3, 30.400000000000002, 0),
		Vector3.new(8.9, 29.900000000000002, 0),
		Vector3.new(8.3, 29.900000000000002, 0),
		Vector3.new(7.300000000000001, 29.3, 0),
		Vector3.new(8.200000000000001, 29.900000000000002, 0),
		Vector3.new(8.9, 29.900000000000002, 0),
		Vector3.new(8.4, 29.200000000000003, 0),
		Vector3.new(6.9, 27, 0),
		Vector3.new(6.2, 26.1, 0),
		Vector3.new(5.1000000000000005, 24.200000000000003, 0),
		Vector3.new(3.9000000000000004, 22.8, 0),
		Vector3.new(2.7, 20.8, 0),
		Vector3.new(1.8, 19.5, 0),
		Vector3.new(1.7000000000000002, 17.8, 0),
		Vector3.new(1.6, 16, 0),
		Vector3.new(1.1, 12.9, 0),
	},
	{
		Vector3.new(1.1, 12.9, 0),
		Vector3.new(0.8, 9.700000000000001, 0),
		Vector3.new(0.9, 6.6000000000000005, 0),
		Vector3.new(0.9, 4.4, 0),
		Vector3.new(0.8, 3.3000000000000003, 0),
		Vector3.new(0.4, 1, 0),
		Vector3.new(0, 0, 0),
		Vector3.new(-4.4, -0.1, 0),
		Vector3.new(-3.8000000000000003, 0.5, 0),
		Vector3.new(-5, 0.4, 0),
		Vector3.new(-4.5, 0, 0),
		Vector3.new(-5.4, -0.1, 0),
		Vector3.new(-5.6000000000000005, 0.7000000000000001, 0),
		Vector3.new(-5.800000000000001, 1.4000000000000001, 0),
		Vector3.new(-6.6000000000000005, 0, 0),
		Vector3.new(-6.1000000000000005, 1.1, 0),
		Vector3.new(-5.800000000000001, 2.1, 0),
		Vector3.new(-5.9, 2.7, 0),
		Vector3.new(-6.300000000000001, 2.3000000000000003, 0),
		Vector3.new(-6.9, 1.8, 0),
		Vector3.new(-7.7, 1.7000000000000002, 0),
		Vector3.new(-7.1000000000000005, 1, 0),
		Vector3.new(-5.9, 1.4000000000000001, 0),
		Vector3.new(-7.2, 0.7000000000000001, 0),
		Vector3.new(-8.200000000000001, 0.4, 0),
		Vector3.new(-9.700000000000001, 0.4, 0),
		Vector3.new(-10.600000000000001, 0.6000000000000001, 0),
		Vector3.new(-11.600000000000001, 0.8, 0),
	},
	{
		Vector3.new(-11.600000000000001, 0.8, 0),
		Vector3.new(-12.4, 1.3, 0),
		Vector3.new(-12.9, 2, 0),
		Vector3.new(-12.200000000000001, 1.4000000000000001, 0),
		Vector3.new(-11.4, 1.5, 0),
		Vector3.new(-10.600000000000001, 1.9000000000000001, 0),
		Vector3.new(-8.9, 2, 0),
		Vector3.new(-8.1, 1.7000000000000002, 0),
		Vector3.new(-9, 1.9000000000000001, 0),
		Vector3.new(-10.200000000000001, 2.1, 0),
		Vector3.new(-10.700000000000001, 1.9000000000000001, 0),
		Vector3.new(-11.8, 2.1, 0),
		Vector3.new(-12.4, 2.7, 0),
		Vector3.new(-12.9, 3.8000000000000003, 0),
		Vector3.new(-12.9, 4.6000000000000005, 0),
		Vector3.new(-12.9, 5.300000000000001, 0),
		Vector3.new(-13.5, 4.6000000000000005, 0),
		Vector3.new(-13.5, 3.4000000000000004, 0),
		Vector3.new(-13.200000000000001, 2.3000000000000003, 0),
		Vector3.new(-13.5, 3.5, 0),
		Vector3.new(-13.5, 4.6000000000000005, 0),
		Vector3.new(-12.8, 5.7, 0),
		Vector3.new(-12.4, 6.300000000000001, 0),
		Vector3.new(-12.3, 7.1000000000000005, 0),
		Vector3.new(-11.700000000000001, 8, 0),
		Vector3.new(-10.8, 9.200000000000001, 0),
		Vector3.new(-10, 10.3, 0),
		Vector3.new(-10.100000000000001, 9.700000000000001, 0),
		Vector3.new(-10.3, 9.200000000000001, 0),
		Vector3.new(-9.700000000000001, 8.8, 0),
		Vector3.new(-9.1, 9.600000000000001, 0),
		Vector3.new(-8.6, 10.100000000000001, 0),
		Vector3.new(-8.8, 9.5, 0),
		Vector3.new(-9.200000000000001, 8.6, 0),
		Vector3.new(-9.700000000000001, 7.1000000000000005, 0),
		Vector3.new(-9.8, 6.6000000000000005, 0),
		Vector3.new(-9.700000000000001, 7.2, 0),
		Vector3.new(-9.200000000000001, 8.6, 0),
		Vector3.new(-8.8, 9.600000000000001, 0),
	},
	{
		Vector3.new(-8.8, 9.600000000000001, 0),
		Vector3.new(-8.700000000000001, 8.700000000000001, 0),
		Vector3.new(-9.1, 7.7, 0),
		Vector3.new(-9.200000000000001, 6.800000000000001, 0),
		Vector3.new(-8.5, 7.7, 0),
		Vector3.new(-7.6000000000000005, 7.6000000000000005, 0),
		Vector3.new(-7.2, 8, 0),
		Vector3.new(-6.7, 7.6000000000000005, 0),
		Vector3.new(-6.5, 7.1000000000000005, 0),
		Vector3.new(-5.800000000000001, 6.9, 0),
		Vector3.new(-4.9, 6.300000000000001, 0),
		Vector3.new(-5.7, 6.7, 0),
		Vector3.new(-6.2, 5.300000000000001, 0),
		Vector3.new(-6.1000000000000005, 4, 0),
		Vector3.new(-6.5, 5, 0),
		Vector3.new(-6.7, 5.7, 0),
		Vector3.new(-6.5, 6.6000000000000005, 0),
		Vector3.new(-6.300000000000001, 7.1000000000000005, 0),
		Vector3.new(-8.1, 7.5, 0),
		Vector3.new(-6.6000000000000005, 6.7, 0),
		Vector3.new(-6.6000000000000005, 6.2, 0),
		Vector3.new(-8.200000000000001, 7.5, 0),
		Vector3.new(-6.7, 6.2, 0),
		Vector3.new(-8.3, 7.1000000000000005, 0),
		Vector3.new(-6.7, 5.9, 0),
		Vector3.new(-8.5, 6.300000000000001, 0),
		Vector3.new(-6.800000000000001, 6, 0),
		Vector3.new(-8.1, 5.9, 0),
		Vector3.new(-9.5, 6.300000000000001, 0),
		Vector3.new(-6.7, 5.7, 0),
		Vector3.new(-6.5, 5.2, 0),
	},
	{
		Vector3.new(-6.5, 5.2, 0),
		Vector3.new(-6.1000000000000005, 4.1000000000000005, 0),
		Vector3.new(-6.2, 5.300000000000001, 0),
		Vector3.new(-5.9, 6.300000000000001, 0),
		Vector3.new(-5, 5.6000000000000005, 0),
		Vector3.new(-4.5, 5.1000000000000005, 0),
		Vector3.new(-3.7, 4.9, 0),
		Vector3.new(-3.9000000000000004, 5.4, 0),
		Vector3.new(-4.3, 6, 0),
		Vector3.new(-3.9000000000000004, 6.800000000000001, 0),
		Vector3.new(-2.9000000000000004, 7.7, 0),
		Vector3.new(-2.4000000000000004, 8.3, 0),
		Vector3.new(-2.1, 8.8, 0),
		Vector3.new(-2.2, 10.700000000000001, 0),
		Vector3.new(-2.4000000000000004, 12.9, 0),
		Vector3.new(-2.1, 10.3, 0),
		Vector3.new(-1.9000000000000001, 8.3, 0),
		Vector3.new(-1.7000000000000002, 5.9, 0),
		Vector3.new(-2.4000000000000004, 6.1000000000000005, 0),
		Vector3.new(-3, 6.2, 0),
		Vector3.new(-2.9000000000000004, 7.7, 0),
		Vector3.new(-3.4000000000000004, 6.6000000000000005, 0),
		Vector3.new(-3.6, 5.800000000000001, 0),
		Vector3.new(-4.1000000000000005, 6.4, 0),
		Vector3.new(-3.6, 6.2, 0),
		Vector3.new(-2.9000000000000004, 7.7, 0),
		Vector3.new(-2.9000000000000004, 7.1000000000000005, 0),
		Vector3.new(-1.8, 6.1000000000000005, 0),
		Vector3.new(-2.9000000000000004, 7, 0),
		Vector3.new(-3, 6.300000000000001, 0),
		Vector3.new(-3.3000000000000003, 5.6000000000000005, 0),
		Vector3.new(-4.4, 4, 0),
	},
	{
		Vector3.new(-4.4, 4, 0),
		Vector3.new(-5.2, 2.5, 0),
		Vector3.new(-4.9, 1.8, 0),
		Vector3.new(-4.3, 1.7000000000000002, 0),
		Vector3.new(-3.4000000000000004, 2.2, 0),
		Vector3.new(-3.1, 3.2, 0),
		Vector3.new(-1.8, 5.6000000000000005, 0),
		Vector3.new(-2.3000000000000003, 11.700000000000001, 0),
		Vector3.new(-2.4000000000000004, 13.3, 0),
		Vector3.new(-3.3000000000000003, 12.700000000000001, 0),
		Vector3.new(-4.800000000000001, 12.100000000000001, 0),
		Vector3.new(-6, 11.600000000000001, 0),
		Vector3.new(-6.7, 11.100000000000001, 0),
		Vector3.new(-7.5, 10.5, 0),
		Vector3.new(-8.5, 10.100000000000001, 0),
		Vector3.new(-8.5, 9.5, 0),
		Vector3.new(-7.9, 9.600000000000001, 0),
		Vector3.new(-7.1000000000000005, 9.8, 0),
		Vector3.new(-6.5, 10.4, 0),
		Vector3.new(-6.300000000000001, 10.9, 0),
		Vector3.new(-6.5, 10.4, 0),
		Vector3.new(-6.9, 9.9, 0),
		Vector3.new(-7.6000000000000005, 9.4, 0),
		Vector3.new(-8.200000000000001, 8.5, 0),
		Vector3.new(-8.5, 8, 0),
		Vector3.new(-7.6000000000000005, 9.4, 0),
		Vector3.new(-8.5, 9.5, 0),
		Vector3.new(-8.6, 10.200000000000001, 0),
		Vector3.new(-9.700000000000001, 8.9, 0),
		Vector3.new(-10.3, 9.200000000000001, 0),
		Vector3.new(-10.100000000000001, 9.700000000000001, 0),
		Vector3.new(-9.700000000000001, 10.4, 0),
	},
	{
		Vector3.new(-9.700000000000001, 10.4, 0),
		Vector3.new(-10.8, 9.200000000000001, 0),
		Vector3.new(-11.3, 9.3, 0),
		Vector3.new(-12.5, 9.600000000000001, 0),
		Vector3.new(-12, 10.3, 0),
		Vector3.new(-12.600000000000001, 10.5, 0),
		Vector3.new(-12.700000000000001, 11, 0),
		Vector3.new(-12.8, 11.700000000000001, 0),
		Vector3.new(-13.200000000000001, 12.5, 0),
		Vector3.new(-13.100000000000001, 13, 0),
		Vector3.new(-13.200000000000001, 13.8, 0),
		Vector3.new(-13.200000000000001, 14.600000000000001, 0),
		Vector3.new(-12.700000000000001, 14.8, 0),
		Vector3.new(-12.700000000000001, 15.4, 0),
		Vector3.new(-12.8, 16.3, 0),
		Vector3.new(-12.3, 16.400000000000002, 0),
		Vector3.new(-11.9, 16.900000000000002, 0),
		Vector3.new(-11.600000000000001, 17.6, 0),
		Vector3.new(-11.3, 18.2, 0),
		Vector3.new(-10.5, 19, 0),
		Vector3.new(-10.4, 19.8, 0),
		Vector3.new(-9.600000000000001, 19.900000000000002, 0),
		Vector3.new(-9.5, 20.6, 0),
		Vector3.new(-9, 20.900000000000002, 0),
		Vector3.new(-8.200000000000001, 21.6, 0),
		Vector3.new(-7.5, 21.5, 0),
		Vector3.new(-6.9, 22, 0),
		Vector3.new(-6.6000000000000005, 22.700000000000003, 0),
		Vector3.new(-6.1000000000000005, 22.700000000000003, 0),
		Vector3.new(-5.300000000000001, 22.6, 0),
		Vector3.new(-6.6000000000000005, 21.700000000000003, 0),
		Vector3.new(-9, 19.900000000000002, 0),
		Vector3.new(-9.9, 19.1, 0),
		Vector3.new(-11.600000000000001, 16.3, 0),
		Vector3.new(-12.3, 15.100000000000001, 0),
		Vector3.new(-12.200000000000001, 12.8, 0),
		Vector3.new(-12.100000000000001, 11.8, 0),
		Vector3.new(-12, 10.8, 0),
		Vector3.new(-11.600000000000001, 10.4, 0),
	},
	{
		Vector3.new(-11.600000000000001, 10.4, 0),
		Vector3.new(-11.100000000000001, 9.9, 0),
		Vector3.new(-10.8, 9.200000000000001, 0),
		Vector3.new(-10, 10.3, 0),
		Vector3.new(-10.600000000000001, 11.3, 0),
		Vector3.new(-11.200000000000001, 12.5, 0),
		Vector3.new(-11.5, 13.200000000000001, 0),
		Vector3.new(-11.5, 14.3, 0),
		Vector3.new(-11.200000000000001, 15.5, 0),
		Vector3.new(-10.200000000000001, 17.3, 0),
		Vector3.new(-9, 18.8, 0),
		Vector3.new(-7, 21, 0),
		Vector3.new(-5.9, 22.1, 0),
		Vector3.new(-4.800000000000001, 23, 0),
		Vector3.new(-3.4000000000000004, 24.200000000000003, 0),
		Vector3.new(-2.2, 23.900000000000002, 0),
		Vector3.new(-2.2, 22.3, 0),
		Vector3.new(-3.6, 19.900000000000002, 0),
		Vector3.new(-4.6000000000000005, 18, 0),
		Vector3.new(-6.2, 15.4, 0),
		Vector3.new(-7.300000000000001, 13.9, 0),
		Vector3.new(-8.200000000000001, 12.600000000000001, 0),
		Vector3.new(-9.700000000000001, 10.4, 0),
	},
	{
		Vector3.new(-9.700000000000001, 10.4, 0),
		Vector3.new(-7.6000000000000005, 13.4, 0),
		Vector3.new(-7.2, 13.9, 0),
		Vector3.new(-6.6000000000000005, 15.100000000000001, 0),
		Vector3.new(-5.5, 14.200000000000001, 0),
		Vector3.new(-4.6000000000000005, 13.8, 0),
		Vector3.new(-4, 13.4, 0),
		Vector3.new(-3.4000000000000004, 13.4, 0),
		Vector3.new(-3.6, 12.700000000000001, 0),
		Vector3.new(-2.5, 14.3, 0),
		Vector3.new(-2.4000000000000004, 13.100000000000001, 0),
		Vector3.new(-2.5, 14.8, 0),
		Vector3.new(-2.7, 17.6, 0),
		Vector3.new(-2.8000000000000003, 18.3, 0),
		Vector3.new(-2.6, 19.1, 0),
		Vector3.new(-2.1, 20.5, 0),
		Vector3.new(-2.1, 21.700000000000003, 0),
		Vector3.new(-2.1, 22.5, 0),
		Vector3.new(-2.2, 23.900000000000002, 0),
		Vector3.new(-3.3000000000000003, 24.200000000000003, 0),
		Vector3.new(-5.7, 22.3, 0),
		Vector3.new(-12.100000000000001, 15.3, 0),
	},
	{
		Vector3.new(-12.100000000000001, 15.3, 0),
		Vector3.new(-6.2, 21.900000000000002, 0),
		Vector3.new(-11.9, 15.600000000000001, 0),
		Vector3.new(-11.4, 16.3, 0),
		Vector3.new(-6.7, 21.6, 0),
		Vector3.new(-7.4, 21, 0),
		Vector3.new(-11.3, 16.6, 0),
		Vector3.new(-7.800000000000001, 20.8, 0),
	},
	{
		Vector3.new(-7.800000000000001, 20.8, 0),
		Vector3.new(-9.9, 18.900000000000002, 0),
		Vector3.new(-11, 17.2, 0),
		Vector3.new(-8.5, 20.1, 0),
		Vector3.new(-10.4, 17.900000000000002, 0),
		Vector3.new(-9.700000000000001, 18.900000000000002, 0),
		Vector3.new(-9, 19.700000000000003, 0),
		Vector3.new(-9.9, 18.5, 0),
		Vector3.new(-10.5, 16.900000000000002, 0),
		Vector3.new(-12.100000000000001, 14.100000000000001, 0),
		Vector3.new(-10.8, 16.8, 0),
		Vector3.new(-12.200000000000001, 14.3, 0),
		Vector3.new(-12.200000000000001, 15.100000000000001, 0),
		Vector3.new(-11.200000000000001, 16.2, 0),
		Vector3.new(-12.100000000000001, 14.600000000000001, 0),
		Vector3.new(-11.700000000000001, 15.600000000000001, 0),
		Vector3.new(-12.100000000000001, 14.9, 0),
		Vector3.new(-10.5, 9.8, 0),
	},
	{
		Vector3.new(-10.5, 9.8, 0),
		Vector3.new(-12, 14.3, 0),
		Vector3.new(-10.700000000000001, 9.4, 0),
		Vector3.new(-12.100000000000001, 14, 0),
		Vector3.new(-11.100000000000001, 9.8, 0),
		Vector3.new(-11.4, 10.4, 0),
		Vector3.new(-12.100000000000001, 13.700000000000001, 0),
		Vector3.new(-12, 12.3, 0),
		Vector3.new(-11.5, 10.5, 0),
		Vector3.new(-12, 12.100000000000001, 0),
		Vector3.new(-12, 10.9, 0),
		Vector3.new(-10.4, 9.9, 0),
		Vector3.new(-11.100000000000001, 12.100000000000001, 0),
		Vector3.new(-10.700000000000001, 11.200000000000001, 0),
		Vector3.new(-10.100000000000001, 10.4, 0),
		Vector3.new(-10.3, 10, 0),
		Vector3.new(-10.600000000000001, 11, 0),
		Vector3.new(-10.3, 10.5, 0),
	},
	{
		Vector3.new(-10.3, 10.5, 0),
		Vector3.new(-10.700000000000001, 11, 0),
		Vector3.new(-11, 11.9, 0),
		Vector3.new(-11.600000000000001, 13.5, 0),
		Vector3.new(-11.4, 15.4, 0),
		Vector3.new(-11.700000000000001, 13.9, 0),
		Vector3.new(-11.5, 15.200000000000001, 0),
		Vector3.new(-11.9, 14, 0),
		Vector3.new(-10.9, 16.8, 0),
		Vector3.new(-8.700000000000001, 19.700000000000003, 0),
		Vector3.new(-6.300000000000001, 21.700000000000003, 0),
		Vector3.new(-5.5, 22.5, 0),
		Vector3.new(-3.3000000000000003, 24.200000000000003, 0),
		Vector3.new(-5.300000000000001, 25.1, 0),
		Vector3.new(-6.4, 25.6, 0),
		Vector3.new(-8.3, 26.6, 0),
		Vector3.new(-7.2, 28.1, 0),
		Vector3.new(-6, 29.200000000000003, 0),
		Vector3.new(-4.7, 30.3, 0),
		Vector3.new(-3.7, 31.200000000000003, 0),
		Vector3.new(-2.8000000000000003, 33, 0),
	},
	{
		Vector3.new(-2.8000000000000003, 33, 0),
		Vector3.new(-2.2, 34.2, 0),
		Vector3.new(-1.7000000000000002, 35.5, 0),
		Vector3.new(-1.3, 37, 0),
		Vector3.new(-0.9, 38.2, 0),
		Vector3.new(-0.4, 39.5, 0),
		Vector3.new(-0.9, 38.300000000000004, 0),
		Vector3.new(-1.6, 35.7, 0),
		Vector3.new(-1.7000000000000002, 34.7, 0),
		Vector3.new(-1.4000000000000001, 33.2, 0),
		Vector3.new(-1, 32.1, 0),
		Vector3.new(-0.2, 31.5, 0),
		Vector3.new(0.5, 31.1, 0),
		Vector3.new(1.1, 30, 0),
		Vector3.new(1.3, 28.900000000000002, 0),
		Vector3.new(1.3, 27.900000000000002, 0),
		Vector3.new(1.3, 28.8, 0),
		Vector3.new(1.2000000000000002, 29.400000000000002, 0),
		Vector3.new(1.1, 28.8, 0),
		Vector3.new(0.9, 27.900000000000002, 0),
		Vector3.new(0, 26.700000000000003, 0),
		Vector3.new(-0.6000000000000001, 26.200000000000003, 0),
		Vector3.new(0.8, 26.700000000000003, 0),
		Vector3.new(1.3, 27.1, 0),
		Vector3.new(0.5, 25.8, 0),
		Vector3.new(1.2000000000000002, 26.200000000000003, 0),
		Vector3.new(1.9000000000000001, 26.6, 0),
		Vector3.new(2.4000000000000004, 27.1, 0),
		Vector3.new(2.4000000000000004, 27.8, 0),
		Vector3.new(2.2, 28.6, 0),
		Vector3.new(2.7, 27.6, 0),
		Vector3.new(2.8000000000000003, 26.8, 0),
		Vector3.new(2.9000000000000004, 28.1, 0),
		Vector3.new(2.6, 29.1, 0),
	},
	{
		Vector3.new(2.6, 29.1, 0),
		Vector3.new(2, 30.3, 0),
		Vector3.new(1.3, 31, 0),
		Vector3.new(0.4, 31.700000000000003, 0),
		Vector3.new(-0.7000000000000001, 32.300000000000004, 0),
		Vector3.new(0.4, 31.700000000000003, 0),
		Vector3.new(-0.30000000000000004, 33.1, 0),
		Vector3.new(-0.7000000000000001, 34.6, 0),
		Vector3.new(-0.7000000000000001, 35.800000000000004, 0),
		Vector3.new(0.7000000000000001, 36, 0),
		Vector3.new(1.9000000000000001, 34.9, 0),
		Vector3.new(3, 34.1, 0),
		Vector3.new(4, 33.6, 0),
		Vector3.new(5, 33.1, 0),
		Vector3.new(5.6000000000000005, 33.5, 0),
		Vector3.new(6.4, 34.1, 0),
		Vector3.new(4.9, 34.800000000000004, 0),
		Vector3.new(5.9, 34.300000000000004, 0),
		Vector3.new(6.4, 34.1, 0),
		Vector3.new(5, 33.1, 0),
		Vector3.new(3.7, 31.8, 0),
		Vector3.new(2.7, 30.900000000000002, 0),
		Vector3.new(3, 29.700000000000003, 0),
		Vector3.new(3.3000000000000003, 30.400000000000002, 0),
		Vector3.new(4.5, 31.900000000000002, 0),
		Vector3.new(3.3000000000000003, 30.400000000000002, 0),
		Vector3.new(3, 29.700000000000003, 0),
		Vector3.new(3.4000000000000004, 27.700000000000003, 0),
		Vector3.new(3.4000000000000004, 25.900000000000002, 0),
	},
	{
		Vector3.new(3.4000000000000004, 25.900000000000002, 0),
		Vector3.new(3.2, 24.200000000000003, 0),
		Vector3.new(2.5, 23.8, 0),
		Vector3.new(1.8, 23.400000000000002, 0),
		Vector3.new(2, 24.200000000000003, 0),
		Vector3.new(2, 25.200000000000003, 0),
		Vector3.new(0.6000000000000001, 25.5, 0),
		Vector3.new(-1.6, 25.8, 0),
		Vector3.new(-2.4000000000000004, 25.8, 0),
		Vector3.new(-2.1, 23.700000000000003, 0),
		Vector3.new(-2.3000000000000003, 25.700000000000003, 0),
		Vector3.new(-3.2, 25.5, 0),
		Vector3.new(-5.6000000000000005, 25.200000000000003, 0),
		Vector3.new(-8.3, 26.6, 0),
		Vector3.new(-7.1000000000000005, 28.200000000000003, 0),
		Vector3.new(-6, 29.3, 0),
		Vector3.new(-3.7, 31.200000000000003, 0),
		Vector3.new(-2.3000000000000003, 34, 0),
		Vector3.new(-1.4000000000000001, 36.4, 0),
		Vector3.new(-0.7000000000000001, 39, 0),
		Vector3.new(-0.8, 37, 0),
	},
	{
		Vector3.new(-0.8, 37, 0),
		Vector3.new(-0.7000000000000001, 35.6, 0),
		Vector3.new(-0.1, 35.9, 0),
		Vector3.new(0.30000000000000004, 37, 0),
		Vector3.new(0.7000000000000001, 38.1, 0),
		Vector3.new(0, 36.2, 0),
		Vector3.new(-0.1, 37, 0),
		Vector3.new(0.2, 38.1, 0),
		Vector3.new(0.30000000000000004, 39.800000000000004, 0),
		Vector3.new(0.2, 38.1, 0),
		Vector3.new(0, 37, 0),
		Vector3.new(0, 36.5, 0),
		Vector3.new(-0.1, 35.7, 0),
		Vector3.new(0.7000000000000001, 36.1, 0),
		Vector3.new(1.7000000000000002, 35.2, 0),
		Vector3.new(2.6, 34.4, 0),
		Vector3.new(4.9, 33.2, 0),
		Vector3.new(6.4, 34.1, 0),
		Vector3.new(7, 34.300000000000004, 0),
		Vector3.new(8.3, 33.6, 0),
		Vector3.new(9, 33.300000000000004, 0),
		Vector3.new(9.700000000000001, 32, 0),
		Vector3.new(11.700000000000001, 32.1, 0),
		Vector3.new(14.3, 32.5, 0),
		Vector3.new(16.7, 32.9, 0),
		Vector3.new(18.5, 33.300000000000004, 0),
		Vector3.new(19, 31.700000000000003, 0),
	},
	{
		Vector3.new(19, 31.700000000000003, 0),
		Vector3.new(18.900000000000002, 29.8, 0),
		Vector3.new(18.8, 28.700000000000003, 0),
		Vector3.new(19.400000000000002, 28, 0),
		Vector3.new(18.900000000000002, 27.3, 0),
		Vector3.new(18.5, 26.200000000000003, 0),
		Vector3.new(18.400000000000002, 24.900000000000002, 0),
		Vector3.new(18, 23.6, 0),
		Vector3.new(17.900000000000002, 22.6, 0),
		Vector3.new(18.2, 21.6, 0),
		Vector3.new(17.900000000000002, 22.6, 0),
		Vector3.new(18.1, 23.400000000000002, 0),
		Vector3.new(19.200000000000003, 22.700000000000003, 0),
		Vector3.new(19.6, 22.1, 0),
		Vector3.new(19.900000000000002, 21.6, 0),
		Vector3.new(19, 20.400000000000002, 0),
		Vector3.new(18.3, 19.8, 0),
		Vector3.new(16.5, 19.200000000000003, 0),
		Vector3.new(15.200000000000001, 19, 0),
		Vector3.new(14.5, 19, 0),
		Vector3.new(13.8, 19.200000000000003, 0),
		Vector3.new(14.600000000000001, 20, 0),
		Vector3.new(15.100000000000001, 20.5, 0),
		Vector3.new(16, 20, 0),
		Vector3.new(18.2, 19.8, 0),
		Vector3.new(16, 20, 0),
		Vector3.new(14.700000000000001, 20.8, 0),
		Vector3.new(13.5, 21.5, 0),
		Vector3.new(12.9, 21.900000000000002, 0),
		Vector3.new(12.4, 22.1, 0),
		Vector3.new(11.100000000000001, 22.1, 0),
		Vector3.new(10.5, 21.200000000000003, 0),
		Vector3.new(10.200000000000001, 22.400000000000002, 0),
	},
	{
		Vector3.new(10.200000000000001, 22.400000000000002, 0),
		Vector3.new(10.700000000000001, 23.3, 0),
		Vector3.new(11.5, 24.5, 0),
		Vector3.new(11.600000000000001, 26.200000000000003, 0),
		Vector3.new(11.9, 27, 0),
		Vector3.new(13.4, 27.8, 0),
		Vector3.new(15.3, 29.200000000000003, 0),
		Vector3.new(16.6, 30.200000000000003, 0),
		Vector3.new(15.100000000000001, 29, 0),
		Vector3.new(13.5, 27.900000000000002, 0),
		Vector3.new(12.9, 27.6, 0),
		Vector3.new(13.4, 28.700000000000003, 0),
		Vector3.new(14, 29.700000000000003, 0),
		Vector3.new(14.9, 31.400000000000002, 0),
		Vector3.new(13.8, 29.400000000000002, 0),
		Vector3.new(12.9, 27.6, 0),
		Vector3.new(11.9, 27, 0),
		Vector3.new(11.600000000000001, 26.3, 0),
		Vector3.new(11.5, 24.400000000000002, 0),
		Vector3.new(12, 25.3, 0),
		Vector3.new(12.5, 25.8, 0),
		Vector3.new(13.700000000000001, 26.8, 0),
		Vector3.new(12.5, 25.900000000000002, 0),
		Vector3.new(11.3, 24.1, 0),
		Vector3.new(10.200000000000001, 22.400000000000002, 0),
		Vector3.new(10.3, 21.5, 0),
	},
	{
		Vector3.new(10.3, 21.5, 0),
		Vector3.new(9.3, 19.6, 0),
		Vector3.new(8.700000000000001, 19.1, 0),
		Vector3.new(7, 18.2, 0),
		Vector3.new(5.4, 18.3, 0),
		Vector3.new(5, 18.900000000000002, 0),
		Vector3.new(4.3, 20.5, 0),
		Vector3.new(3.9000000000000004, 21.6, 0),
		Vector3.new(4.7, 19.6, 0),
		Vector3.new(5, 18.900000000000002, 0),
		Vector3.new(5.4, 18.3, 0),
		Vector3.new(4.7, 18.5, 0),
		Vector3.new(4, 19, 0),
		Vector3.new(2.4000000000000004, 20.400000000000002, 0),
		Vector3.new(3.3000000000000003, 19.5, 0),
		Vector3.new(3.2, 18.900000000000002, 0),
		Vector3.new(3.1, 18.3, 0),
		Vector3.new(2.6, 17.900000000000002, 0),
		Vector3.new(2.6, 17.400000000000002, 0),
		Vector3.new(2.7, 17.900000000000002, 0),
		Vector3.new(3.6, 17.400000000000002, 0),
		Vector3.new(4.3, 17.1, 0),
		Vector3.new(3.9000000000000004, 17.8, 0),
		Vector3.new(3.9000000000000004, 18.3, 0),
		Vector3.new(4.6000000000000005, 17.6, 0),
		Vector3.new(5.1000000000000005, 17.1, 0),
		Vector3.new(5.2, 18.3, 0),
		Vector3.new(7, 18.2, 0),
		Vector3.new(4.7, 16.900000000000002, 0),
		Vector3.new(3.7, 16.1, 0),
		Vector3.new(4.3, 16.6, 0),
		Vector3.new(3.2, 17.1, 0),
		Vector3.new(2.4000000000000004, 17.6, 0),
		Vector3.new(1.8, 18.2, 0),
		Vector3.new(1.8, 18.8, 0),
	},
	{
		Vector3.new(1.8, 18.8, 0),
		Vector3.new(2.7, 17.900000000000002, 0),
		Vector3.new(1.7000000000000002, 18.8, 0),
		Vector3.new(1.7000000000000002, 17.6, 0),
		Vector3.new(1.6, 15.600000000000001, 0),
		Vector3.new(2, 16.2, 0),
		Vector3.new(2.5, 17.1, 0),
		Vector3.new(2, 16.2, 0),
		Vector3.new(1.5, 15.600000000000001, 0),
		Vector3.new(1.4000000000000001, 14.9, 0),
		Vector3.new(1.9000000000000001, 15.600000000000001, 0),
		Vector3.new(2.7, 16.8, 0),
		Vector3.new(1.4000000000000001, 14.9, 0),
		Vector3.new(3.1, 15.700000000000001, 0),
		Vector3.new(3.9000000000000004, 16.3, 0),
		Vector3.new(3.1, 15.700000000000001, 0),
		Vector3.new(1.4000000000000001, 14.5, 0),
		Vector3.new(0.9, 11.700000000000001, 0),
		Vector3.new(1, 10.9, 0),
		Vector3.new(2.2, 11.600000000000001, 0),
		Vector3.new(3.9000000000000004, 12.600000000000001, 0),
		Vector3.new(7.6000000000000005, 14.700000000000001, 0),
		Vector3.new(9.4, 15.700000000000001, 0),
		Vector3.new(10.9, 16.3, 0),
		Vector3.new(11.4, 16.5, 0),
		Vector3.new(12.4, 17.8, 0),
	},
	{
		Vector3.new(12.4, 17.8, 0),
		Vector3.new(13.9, 19.3, 0),
		Vector3.new(12.4, 17.8, 0),
		Vector3.new(11.4, 16.5, 0),
		Vector3.new(10.3, 16, 0),
		Vector3.new(9.4, 14.3, 0),
		Vector3.new(9.4, 13.100000000000001, 0),
		Vector3.new(9.4, 11.9, 0),
		Vector3.new(8.9, 11.8, 0),
		Vector3.new(9.4, 11.600000000000001, 0),
		Vector3.new(8.6, 11.5, 0),
		Vector3.new(8.4, 13.5, 0),
		Vector3.new(8.5, 14.700000000000001, 0),
		Vector3.new(8.3, 11.700000000000001, 0),
		Vector3.new(9.4, 11.200000000000001, 0),
		Vector3.new(9.4, 8.9, 0),
		Vector3.new(8.6, 8.8, 0),
		Vector3.new(8.6, 8.3, 0),
		Vector3.new(9.1, 7.1000000000000005, 0),
		Vector3.new(9.3, 9, 0),
		Vector3.new(9.4, 6.4, 0),
		Vector3.new(9.1, 5.300000000000001, 0),
		Vector3.new(9, 4.7, 0),
		Vector3.new(9.5, 4.3, 0),
		Vector3.new(8.8, 3.7, 0),
		Vector3.new(9.4, 2.7, 0),
		Vector3.new(10.200000000000001, 1, 0),
		Vector3.new(11.100000000000001, 0.7000000000000001, 0),
	},
	{
		Vector3.new(11.100000000000001, 0.7000000000000001, 0),
		Vector3.new(10.9, 0, 0),
		Vector3.new(8.5, -0.1, 0),
		Vector3.new(10, 0.5, 0),
		Vector3.new(10.3, 1, 0),
		Vector3.new(9.9, 0.5, 0),
		Vector3.new(9.4, 0.30000000000000004, 0),
		Vector3.new(8.6, 1.5, 0),
		Vector3.new(8.6, 3.4000000000000004, 0),
		Vector3.new(8.6, 1.5, 0),
		Vector3.new(8, 1.7000000000000002, 0),
		Vector3.new(6.800000000000001, 2.1, 0),
		Vector3.new(6.300000000000001, 2.3000000000000003, 0),
		Vector3.new(5.300000000000001, 2.4000000000000004, 0),
		Vector3.new(5.2, 4.4, 0),
		Vector3.new(5.300000000000001, 7.4, 0),
		Vector3.new(5.5, 8.8, 0),
		Vector3.new(5.300000000000001, 7.300000000000001, 0),
		Vector3.new(5.2, 4.4, 0),
		Vector3.new(5.300000000000001, 2.4000000000000004, 0),
		Vector3.new(6.300000000000001, 2.3000000000000003, 0),
		Vector3.new(7.7, 1.8, 0),
		Vector3.new(8.6, 1.5, 0),
		Vector3.new(7.7, 2.1, 0),
		Vector3.new(6.9, 2.6, 0),
		Vector3.new(5.9, 2.8000000000000003, 0),
		Vector3.new(5.800000000000001, 4.6000000000000005, 0),
	},
	{
		Vector3.new(5.800000000000001, 4.6000000000000005, 0),
		Vector3.new(5.9, 6.6000000000000005, 0),
		Vector3.new(5.9, 8, 0),
		Vector3.new(6.1000000000000005, 9.4, 0),
		Vector3.new(6.6000000000000005, 10.8, 0),
		Vector3.new(7.5, 12.600000000000001, 0),
		Vector3.new(8.1, 14.9, 0),
		Vector3.new(7.300000000000001, 14.5, 0),
		Vector3.new(7, 12.9, 0),
		Vector3.new(6.300000000000001, 11.200000000000001, 0),
		Vector3.new(5.9, 10.3, 0),
		Vector3.new(5.9, 9.8, 0),
		Vector3.new(5.7, 9.3, 0),
		Vector3.new(6, 9.8, 0),
		Vector3.new(6.2, 10.9, 0),
		Vector3.new(3.1, 10.4, 0),
		Vector3.new(4.6000000000000005, 10.700000000000001, 0),
		Vector3.new(3.7, 9.600000000000001, 0),
		Vector3.new(1.7000000000000002, 8.3, 0),
		Vector3.new(3.7, 9.600000000000001, 0),
		Vector3.new(4.5, 10.600000000000001, 0),
		Vector3.new(6.1000000000000005, 10.9, 0),
		Vector3.new(7, 13, 0),
		Vector3.new(7.4, 14.600000000000001, 0),
	},
	{
		Vector3.new(7.4, 14.600000000000001, 0),
		Vector3.new(0.9, 10.700000000000001, 0),
		Vector3.new(0.9, 6.2, 0),
		Vector3.new(0.9, 5.2, 0),
		Vector3.new(1.4000000000000001, 4.800000000000001, 0),
		Vector3.new(2.1, 3.7, 0),
		Vector3.new(3.5, 1.5, 0),
		Vector3.new(4.2, 0.9, 0),
		Vector3.new(5.800000000000001, 0, 0),
		Vector3.new(6.300000000000001, 0, 0),
		Vector3.new(3.8000000000000003, -0.1, 0),
		Vector3.new(3.2, 0.6000000000000001, 0),
		Vector3.new(2.8000000000000003, 0.9, 0),
		Vector3.new(2.5, 1.6, 0),
		Vector3.new(2.1, 2.1, 0),
		Vector3.new(2.3000000000000003, 2.7, 0),
		Vector3.new(1.7000000000000002, 3.2, 0),
		Vector3.new(1.5, 3.7, 0),
		Vector3.new(0.9, 4.3, 0),
	},
}
