local wires = {
	{
		Vector3.new(0, 0, 0),
		Vector3.new(-0.1, -10.600000000000001, 0),
		Vector3.new(-0.6000000000000001, -12, 0),
		Vector3.new(-1.1, -12.700000000000001, 0),
		Vector3.new(-1.6, -13.200000000000001, 0),
		Vector3.new(-3.1, -14.3, 0),
		Vector3.new(-4.2, -14.9, 0),
		Vector3.new(-5.6000000000000005, -15.100000000000001, 0),
		Vector3.new(-6.800000000000001, -15, 0),
		Vector3.new(-8.3, -14.3, 0),
		Vector3.new(-9.200000000000001, -13.9, 0),
		Vector3.new(-9.9, -13, 0),
		Vector3.new(-10.8, -11.700000000000001, 0),
		Vector3.new(-11, -10.8, 0),
		Vector3.new(-11.200000000000001, -9.5, 0),
		Vector3.new(-11.200000000000001, -7.2, 0),
		Vector3.new(-11.200000000000001, -4, 0),
		Vector3.new(-11.200000000000001, -0.9, 0),
		Vector3.new(-11.3, -0.1, 0),
	},
	{
		Vector3.new(-11.3, -0.1, 0),
		Vector3.new(-7.800000000000001, -0.1, 0),
		Vector3.new(-7.800000000000001, -9.9, 0),
		Vector3.new(-7.4, -11, 0),
		Vector3.new(-6.800000000000001, -11.4, 0),
		Vector3.new(-6.300000000000001, -11.600000000000001, 0),
		Vector3.new(-5.5, -11.8, 0),
		Vector3.new(-5, -11.600000000000001, 0),
		Vector3.new(-4.6000000000000005, -11.3, 0),
		Vector3.new(-4.2, -11, 0),
		Vector3.new(-3.5, -10, 0),
		Vector3.new(-3.6, -0.1, 0),
		Vector3.new(-0.1, 0, 0),
		Vector3.new(-3.6, 0, 0),
	},
	{
		Vector3.new(-3.6, 0, 0),
		Vector3.new(-3.4000000000000004, -9.8, 0),
		Vector3.new(-3.8000000000000003, -10.4, 0),
		Vector3.new(-4.9, -11.5, 0),
		Vector3.new(-6, -11.700000000000001, 0),
		Vector3.new(-7.1000000000000005, -11.200000000000001, 0),
		Vector3.new(-7.5, -10.8, 0),
		Vector3.new(-7.800000000000001, -9.9, 0),
		Vector3.new(-7.800000000000001, -0.1, 0),
		Vector3.new(-11.3, -0.1, 0),
		Vector3.new(-12.5, -0.1, 0),
	},
	{
		Vector3.new(-12.5, -0.1, 0),
		Vector3.new(-12.5, -15.100000000000001, 0),
		Vector3.new(-22.5, -15.100000000000001, 0),
		Vector3.new(-22.6, -11.8, 0),
		Vector3.new(-15.9, -11.8, 0),
	},
	{
		Vector3.new(-15.9, -11.8, 0),
		Vector3.new(-16, -0.1, 0),
		Vector3.new(-12.5, -0.1, 0),
		Vector3.new(-16, -0.1, 0),
		Vector3.new(-19, 0, 0),
		Vector3.new(-19, -3.1, 0),
		Vector3.new(-22.700000000000003, -3.1, 0),
		Vector3.new(-26.400000000000002, -0.1, 0),
	},
	{
		Vector3.new(-26.400000000000002, -0.1, 0),
		Vector3.new(-19, 0, 0),
		Vector3.new(-26.3, -0.1, 0),
		Vector3.new(-27.400000000000002, -0.1, 0),
		Vector3.new(-23.200000000000003, -3.7, 0),
		Vector3.new(-23.200000000000003, -15.100000000000001, 0),
		Vector3.new(-26.900000000000002, -15.200000000000001, 0),
	},
	{
		Vector3.new(-26.900000000000002, -15.200000000000001, 0),
		Vector3.new(-26.8, -3.2, 0),
		Vector3.new(-31, -3.2, 0),
		Vector3.new(-31, -0.1, 0),
		Vector3.new(-27.400000000000002, -0.1, 0),
		Vector3.new(-32, -0.1, 0),
	},
	{
		Vector3.new(-32, -0.1, 0),
		Vector3.new(-31.900000000000002, -15, 0),
		Vector3.new(-35.4, -15, 0),
		Vector3.new(-35.4, -8.8, 0),
		Vector3.new(-38.1, -8.8, 0),
		Vector3.new(-38.6, -9, 0),
		Vector3.new(-39, -9.5, 0),
		Vector3.new(-39.400000000000006, -9.9, 0),
		Vector3.new(-39.6, -10.9, 0),
		Vector3.new(-39.7, -14.9, 0),
		Vector3.new(-43.1, -14.9, 0),
	},
	{
		Vector3.new(-43.1, -14.9, 0),
		Vector3.new(-43.1, -9.600000000000001, 0),
		Vector3.new(-42.6, -8.700000000000001, 0),
		Vector3.new(-42.300000000000004, -8.200000000000001, 0),
		Vector3.new(-41.6, -7.6000000000000005, 0),
		Vector3.new(-41.1, -7.300000000000001, 0),
		Vector3.new(-42.1, -6.6000000000000005, 0),
		Vector3.new(-42.5, -6.1000000000000005, 0),
		Vector3.new(-43.1, -4.7, 0),
		Vector3.new(-43.1, -3.2, 0),
		Vector3.new(-42.800000000000004, -2.2, 0),
		Vector3.new(-41.7, -1, 0),
		Vector3.new(-40.7, -0.4, 0),
		Vector3.new(-39.900000000000006, 0, 0),
		Vector3.new(-32, 0, 0),
		Vector3.new(-32, -2.9000000000000004, 0),
		Vector3.new(-35.4, -3, 0),
		Vector3.new(-35.4, -4.1000000000000005, 0),
		Vector3.new(-35.4, -4.9, 0),
		Vector3.new(-35.4, -5.4, 0),
		Vector3.new(-35.5, -5.9, 0),
		Vector3.new(-36, -6, 0),
		Vector3.new(-37.1, -6.1000000000000005, 0),
	},
	{
		Vector3.new(-37.1, -6.1000000000000005, 0),
		Vector3.new(-38.400000000000006, -6, 0),
		Vector3.new(-39, -5.7, 0),
		Vector3.new(-39.400000000000006, -5.2, 0),
		Vector3.new(-39.6, -4.6000000000000005, 0),
		Vector3.new(-39.7, -3.8000000000000003, 0),
		Vector3.new(-39.400000000000006, -3.2, 0),
		Vector3.new(-38.7, -2.9000000000000004, 0),
		Vector3.new(-35.5, -3, 0),
		Vector3.new(-32, -2.9000000000000004, 0),
		Vector3.new(-31.900000000000002, -15.100000000000001, 0),
		Vector3.new(-35.4, -15, 0),
		Vector3.new(-35.4, -8.9, 0),
		Vector3.new(-38.300000000000004, -8.8, 0),
	},
	{
		Vector3.new(-38.300000000000004, -8.8, 0),
		Vector3.new(-39.400000000000006, -9.9, 0),
		Vector3.new(-39.6, -10.9, 0),
		Vector3.new(-39.7, -14.9, 0),
		Vector3.new(-43, -15, 0),
		Vector3.new(-47.400000000000006, -14.9, 0),
		Vector3.new(-48.6, -11.8, 0),
		Vector3.new(-53.5, -11.9, 0),
		Vector3.new(-52.5, -9.200000000000001, 0),
		Vector3.new(-49.7, -9.1, 0),
		Vector3.new(-52.900000000000006, -0.1, 0),
	},
	{
		Vector3.new(-52.900000000000006, -0.1, 0),
		Vector3.new(-49.1, 0, 0),
		Vector3.new(-43.800000000000004, -14.9, 0),
		Vector3.new(-49, 0, 0),
	},
	{
		Vector3.new(-49, 0, 0),
		Vector3.new(-52.900000000000006, -0.1, 0),
		Vector3.new(-53.6, -0.1, 0),
		Vector3.new(-51.5, -5.300000000000001, 0),
		Vector3.new(-55.2, -15, 0),
		Vector3.new(-59.1, -15.100000000000001, 0),
	},
	{
		Vector3.new(-59.1, -15.100000000000001, 0),
		Vector3.new(-53.6, -0.2, 0),
		Vector3.new(-59.7, -0.1, 0),
		Vector3.new(-63.1, -0.1, 0),
	},
	{
		Vector3.new(-63.1, -0.1, 0),
		Vector3.new(-63.1, -14.9, 0),
		Vector3.new(-59.800000000000004, -15, 0),
		Vector3.new(-59.7, -0.1, 0),
		Vector3.new(-63.1, -0.1, 0),
	},
	{
		Vector3.new(-63.1, -0.1, 0),
		Vector3.new(-63.1, -5, 0),
		Vector3.new(-64.10000000000001, -5.300000000000001, 0),
		Vector3.new(-67.7, -0.1, 0),
		Vector3.new(-72.2, -0.2, 0),
		Vector3.new(-67, -6.7, 0),
		Vector3.new(-65.9, -5.2, 0),
		Vector3.new(-64.10000000000001, -5.300000000000001, 0),
		Vector3.new(-63.1, -5.300000000000001, 0),
		Vector3.new(-63.2, -5.9, 0),
		Vector3.new(-65.60000000000001, -6, 0),
	},
	{
		Vector3.new(-65.60000000000001, -6, 0),
		Vector3.new(-72.5, -15.100000000000001, 0),
		Vector3.new(-67.9, -15.100000000000001, 0),
		Vector3.new(-64.3, -8.9, 0),
		Vector3.new(-63.7, -8.9, 0),
		Vector3.new(-63.6, -6, 0),
		Vector3.new(-65.60000000000001, -6, 0),
	},
	{
		Vector3.new(-65.60000000000001, -6, 0),
		Vector3.new(-72.5, -15.100000000000001, 0),
		Vector3.new(-76.80000000000001, -15.100000000000001, 0),
		Vector3.new(-76.80000000000001, -0.1, 0),
		Vector3.new(-73.10000000000001, -0.1, 0),
	},
	{
		Vector3.new(-73.10000000000001, -0.1, 0),
		Vector3.new(-73.10000000000001, -15, 0),
		Vector3.new(-73.10000000000001, -9.9, 0),
		Vector3.new(-74.2, -9.9, 0),
		Vector3.new(-74.5, -10.600000000000001, 0),
		Vector3.new(-75, -10.600000000000001, 0),
		Vector3.new(-75.4, -10.100000000000001, 0),
		Vector3.new(-75.2, -9.5, 0),
		Vector3.new(-74.4, -9.5, 0),
		Vector3.new(-73.10000000000001, -9.9, 0),
		Vector3.new(-73.10000000000001, -4.7, 0),
		Vector3.new(-74.3, -4.7, 0),
		Vector3.new(-74.5, -5.4, 0),
		Vector3.new(-75.10000000000001, -5.6000000000000005, 0),
		Vector3.new(-75.4, -5.1000000000000005, 0),
		Vector3.new(-75.4, -4.5, 0),
		Vector3.new(-74.8, -4.2, 0),
		Vector3.new(-74.3, -4.7, 0),
		Vector3.new(-73.10000000000001, -4.7, 0),
	},
	{
		Vector3.new(-73.10000000000001, -4.7, 0),
		Vector3.new(-73.10000000000001, -0.1, 0),
		Vector3.new(-76.80000000000001, -0.1, 0),
		Vector3.new(-78.2, -0.1, 0),
		Vector3.new(-81.60000000000001, -0.2, 0),
		Vector3.new(-81.60000000000001, -11.4, 0),
		Vector3.new(-78.2, -8.1, 0),
		Vector3.new(-78.10000000000001, -0.2, 0),
	},
	{
		Vector3.new(-78.10000000000001, -0.2, 0),
		Vector3.new(-78.2, -8.200000000000001, 0),
		Vector3.new(-78.2, -9, 0),
		Vector3.new(-78.2, -15, 0),
		Vector3.new(-84.4, -15.100000000000001, 0),
		Vector3.new(-78.2, -9, 0),
	},
	{
		Vector3.new(-78.2, -9, 0),
		Vector3.new(-84.5, -15.100000000000001, 0),
		Vector3.new(-88.10000000000001, -15, 0),
		Vector3.new(-88.2, -11.8, 0),
		Vector3.new(-81.9, -11.700000000000001, 0),
		Vector3.new(-85.5, -15, 0),
		Vector3.new(-88.10000000000001, -15.100000000000001, 0),
		Vector3.new(-89.10000000000001, -15.100000000000001, 0),
	},
	{
		Vector3.new(-89.10000000000001, -15.100000000000001, 0),
		Vector3.new(-89, -0.2, 0),
		Vector3.new(-92.60000000000001, -0.2, 0),
		Vector3.new(-92.60000000000001, -11.5, 0),
		Vector3.new(-97.10000000000001, -11.600000000000001, 0),
	},
	{
		Vector3.new(-97.10000000000001, -11.600000000000001, 0),
		Vector3.new(-92.60000000000001, -15.100000000000001, 0),
		Vector3.new(-89.10000000000001, -15.100000000000001, 0),
		Vector3.new(-92.7, -15.100000000000001, 0),
		Vector3.new(-93.60000000000001, -15, 0),
		Vector3.new(-99.10000000000001, -15, 0),
		Vector3.new(-99.2, -11.8, 0),
		Vector3.new(-97.9, -11.700000000000001, 0),
		Vector3.new(-93.80000000000001, -15, 0),
	},
}
