local wires = {
	{
		Vector3.new(-613, 1986.3000000000002, 3300),
		Vector3.new(-613, 1985.9, 3298.6000000000004),
		Vector3.new(-613, 1985.7, 3296.7000000000003),
		Vector3.new(-613, 1985.6000000000001, 3293.8),
		Vector3.new(-613, 1985.7, 3290.7000000000003),
		Vector3.new(-613, 1985.8000000000002, 3288.4),
		Vector3.new(-613, 1986.3000000000002, 3285.9),
		Vector3.new(-613, 1986.7, 3284.6000000000004),
		Vector3.new(-613, 1987.4, 3283.1000000000004),
		Vector3.new(-613, 1985.3000000000002, 3283.2000000000003),
		Vector3.new(-613, 1984.7, 3285),
		Vector3.new(-613, 1984.1000000000001, 3288.1000000000004),
		Vector3.new(-613, 1983.9, 3290.6000000000004),
		Vector3.new(-613, 1983.8000000000002, 3293.4),
		Vector3.new(-613, 1983.8000000000002, 3295.9),
		Vector3.new(-613, 1984.1000000000001, 3298.3),
		Vector3.new(-613, 1984.6000000000001, 3300.1000000000004),
	},
	{
		Vector3.new(-613, 1984.6000000000001, 3300.1000000000004),
		Vector3.new(-613, 1986.3000000000002, 3300),
		Vector3.new(-613, 1987.8000000000002, 3299.4),
		Vector3.new(-613, 1989.6000000000001, 3298.1000000000004),
		Vector3.new(-613, 1991.6000000000001, 3296.1000000000004),
		Vector3.new(-613, 1992.2, 3297.3),
		Vector3.new(-613, 1992.1000000000001, 3298.4),
		Vector3.new(-613, 1991.5, 3299.2000000000003),
		Vector3.new(-613, 1990.4, 3299.3),
		Vector3.new(-613, 1990, 3298.6000000000004),
		Vector3.new(-613, 1988.5, 3298.9),
		Vector3.new(-613, 1988.2, 3300.1000000000004),
		Vector3.new(-613, 1988, 3301.6000000000004),
		Vector3.new(-613, 1988, 3303.7000000000003),
		Vector3.new(-613, 1988, 3305.6000000000004),
		Vector3.new(-613, 1988.2, 3307.1000000000004),
		Vector3.new(-613, 1988.4, 3309),
		Vector3.new(-613, 1988.8000000000002, 3310.3),
		Vector3.new(-613, 1989.4, 3311.4),
		Vector3.new(-613, 1988.3000000000002, 3311.6000000000004),
		Vector3.new(-613, 1987.5, 3311.4),
		Vector3.new(-613, 1987.1000000000001, 3310.2000000000003),
		Vector3.new(-613, 1986.6000000000001, 3308.2000000000003),
		Vector3.new(-613, 1986.5, 3306.1000000000004),
	},
	{
		Vector3.new(-613, 1986.5, 3306.1000000000004),
		Vector3.new(-613, 1986.5, 3303.3),
		Vector3.new(-613, 1986.7, 3301.7000000000003),
		Vector3.new(-613, 1987.3000000000002, 3299.7000000000003),
		Vector3.new(-613, 1989.3000000000002, 3311.4),
		Vector3.new(-613, 1990.7, 3310.6000000000004),
		Vector3.new(-613, 1992, 3309.4),
		Vector3.new(-613, 1992.9, 3308.2000000000003),
		Vector3.new(-613, 1993.6000000000001, 3306.9),
		Vector3.new(-613, 1994.6000000000001, 3304.7000000000003),
		Vector3.new(-613, 1994.1000000000001, 3303.6000000000004),
		Vector3.new(-613, 1993.6000000000001, 3302.2000000000003),
		Vector3.new(-613, 1993.4, 3300.7000000000003),
		Vector3.new(-613, 1993.4, 3298.6000000000004),
		Vector3.new(-613, 1993.6000000000001, 3297),
		Vector3.new(-613, 1994.2, 3295.5),
		Vector3.new(-613, 1994.8000000000002, 3294.8),
	},
	{
		Vector3.new(-613, 1994.8000000000002, 3294.8),
		Vector3.new(-613, 1995.6000000000001, 3294.9),
		Vector3.new(-613, 1996.1000000000001, 3295.7000000000003),
		Vector3.new(-613, 1995.8000000000002, 3296.9),
		Vector3.new(-613, 1995.4, 3298.1000000000004),
		Vector3.new(-613, 1995.4, 3300.1000000000004),
		Vector3.new(-613, 1995.6000000000001, 3301.9),
		Vector3.new(-613, 1996, 3303.3),
		Vector3.new(-613, 1996.7, 3303.7000000000003),
		Vector3.new(-613, 1996.4, 3304.6000000000004),
		Vector3.new(-613, 1995.7, 3305.1000000000004),
		Vector3.new(-613, 1994.7, 3304.8),
		Vector3.new(-613, 1991.6000000000001, 3296.2000000000003),
		Vector3.new(-613, 1992.5, 3294.5),
		Vector3.new(-613, 1992.1000000000001, 3293.5),
		Vector3.new(-613, 1991.8000000000002, 3292.1000000000004),
		Vector3.new(-613, 1991.7, 3290.6000000000004),
		Vector3.new(-613, 1991.7, 3289),
		Vector3.new(-613, 1991.7, 3287.6000000000004),
		Vector3.new(-613, 1991.9, 3286.6000000000004),
		Vector3.new(-613, 1992.5, 3285.4),
		Vector3.new(-613, 1991.6000000000001, 3284.5),
		Vector3.new(-613, 1990, 3283.7000000000003),
	},
	{
		Vector3.new(-613, 1990, 3283.7000000000003),
		Vector3.new(-613, 1987.4, 3283.1000000000004),
		Vector3.new(-613, 1992.4, 3294.5),
		Vector3.new(-613, 1993.1000000000001, 3295),
		Vector3.new(-613, 1994, 3295),
		Vector3.new(-613, 1994.6000000000001, 3294.4),
		Vector3.new(-613, 1994.7, 3293.5),
		Vector3.new(-613, 1994.3000000000002, 3292.5),
		Vector3.new(-613, 1994.1000000000001, 3290.9),
		Vector3.new(-613, 1994.1000000000001, 3289.2000000000003),
		Vector3.new(-613, 1994.3000000000002, 3287.6000000000004),
		Vector3.new(-613, 1994.8000000000002, 3286.4),
		Vector3.new(-613, 1994.6000000000001, 3285.4),
		Vector3.new(-613, 1993.7, 3285),
		Vector3.new(-613, 1992.5, 3285.4),
		Vector3.new(-613, 1994.7, 3286.6000000000004),
		Vector3.new(-613, 1997.4, 3286.6000000000004),
		Vector3.new(-613, 2000.8000000000002, 3286.6000000000004),
	},
	{
		Vector3.new(-613, 2000.8000000000002, 3286.6000000000004),
		Vector3.new(-613, 2004.4, 3286.5),
		Vector3.new(-613, 2004.3000000000002, 3287.8),
		Vector3.new(-613, 2004.1000000000001, 3289.5),
		Vector3.new(-613, 2004.2, 3291),
		Vector3.new(-613, 2004.3000000000002, 3293.6000000000004),
		Vector3.new(-613, 2001.4, 3293.6000000000004),
		Vector3.new(-613, 1994.7, 3293.6000000000004),
		Vector3.new(-613, 2004.3000000000002, 3293.6000000000004),
		Vector3.new(-613, 2004.6000000000001, 3296.2000000000003),
		Vector3.new(-613, 2000.9, 3296.3),
	},
	{
		Vector3.new(-613, 2000.9, 3296.3),
		Vector3.new(-613, 1996, 3296.4),
		Vector3.new(-613, 1996, 3303.3),
		Vector3.new(-613, 2000.1000000000001, 3303.3),
		Vector3.new(-613, 2005.8000000000002, 3303.3),
		Vector3.new(-613, 2005.6000000000001, 3301.9),
		Vector3.new(-613, 2005.5, 3300.4),
		Vector3.new(-613, 2005.4, 3298.6000000000004),
		Vector3.new(-613, 2005.5, 3296.8),
		Vector3.new(-613, 2004.7, 3296.8),
		Vector3.new(-613, 2004.5, 3295.5),
		Vector3.new(-613, 2004.7, 3296.8),
		Vector3.new(-613, 2007.5, 3296.9),
		Vector3.new(-613, 2008, 3298.8),
	},
	{
		Vector3.new(-613, 2008, 3298.8),
		Vector3.new(-613, 2007.4, 3296.3),
		Vector3.new(-613, 2008.1000000000001, 3299.4),
		Vector3.new(-613, 2008.7, 3301.2000000000003),
		Vector3.new(-613, 2009.7, 3302.9),
		Vector3.new(-613, 2010.9, 3304.8),
		Vector3.new(-613, 2012, 3305.9),
		Vector3.new(-613, 2013.5, 3307.1000000000004),
		Vector3.new(-613, 2011.1000000000001, 3307.3),
		Vector3.new(-613, 2007, 3307.6000000000004),
		Vector3.new(-613, 2006.1000000000001, 3304.4),
		Vector3.new(-613, 2005.8000000000002, 3303.2000000000003),
		Vector3.new(-613, 2013.5, 3307.1000000000004),
		Vector3.new(-613, 2014.7, 3307.8),
	},
	{
		Vector3.new(-613, 2014.7, 3307.8),
		Vector3.new(-613, 2016.6000000000001, 3308.3),
		Vector3.new(-613, 2016.8000000000002, 3309.2000000000003),
		Vector3.new(-613, 2016.2, 3306.8),
		Vector3.new(-613, 2015.9, 3304.9),
		Vector3.new(-613, 2015.6000000000001, 3302.7000000000003),
		Vector3.new(-613, 2015.3000000000002, 3300),
		Vector3.new(-613, 2015.1000000000001, 3297.6000000000004),
		Vector3.new(-613, 2015, 3295.9),
		Vector3.new(-613, 2015, 3293.5),
		Vector3.new(-613, 2014.1000000000001, 3293.5),
		Vector3.new(-613, 2014.7, 3294.5),
		Vector3.new(-613, 2013.8000000000002, 3292.7000000000003),
		Vector3.new(-613, 2013.3000000000002, 3290.5),
		Vector3.new(-613, 2012.7, 3288.6000000000004),
		Vector3.new(-613, 2012.3000000000002, 3286.7000000000003),
		Vector3.new(-613, 2011.8000000000002, 3283.8),
		Vector3.new(-613, 2012.1000000000001, 3285.6000000000004),
		Vector3.new(-613, 2014.9, 3285.1000000000004),
	},
	{
		Vector3.new(-613, 2014.9, 3285.1000000000004),
		Vector3.new(-613, 2014.8000000000002, 3283.1000000000004),
		Vector3.new(-613, 2014.6000000000001, 3280.8),
		Vector3.new(-613, 2014.7, 3279),
		Vector3.new(-613, 2014.7, 3277.8),
		Vector3.new(-613, 2013.6000000000001, 3278.2000000000003),
		Vector3.new(-613, 2012.3000000000002, 3279.1000000000004),
		Vector3.new(-613, 2010.2, 3281.1000000000004),
		Vector3.new(-613, 2005.7, 3281),
		Vector3.new(-613, 2005.1000000000001, 3282.8),
		Vector3.new(-613, 2004.6000000000001, 3285.1000000000004),
		Vector3.new(-613, 2004.4, 3286.6000000000004),
		Vector3.new(-613, 2014.7, 3277.8),
	},
	{
		Vector3.new(-613, 2014.7, 3277.8),
		Vector3.new(-613, 2016, 3277.7000000000003),
		Vector3.new(-613, 2018.2, 3277.8),
		Vector3.new(-613, 2020.2, 3278.4),
		Vector3.new(-613, 2021.7, 3279),
		Vector3.new(-613, 2023.9, 3280),
		Vector3.new(-613, 2025.6000000000001, 3281.1000000000004),
		Vector3.new(-613, 2027.4, 3282.4),
		Vector3.new(-613, 2029.6000000000001, 3282.3),
		Vector3.new(-613, 2030.3000000000002, 3281.5),
		Vector3.new(-613, 2033, 3281.6000000000004),
		Vector3.new(-613, 2034.8000000000002, 3281.8),
		Vector3.new(-613, 2036.9, 3282.8),
		Vector3.new(-613, 2038.7, 3284),
		Vector3.new(-613, 2040.2, 3285.8),
		Vector3.new(-613, 2040.5, 3287.1000000000004),
		Vector3.new(-613, 2040.4, 3288.7000000000003),
		Vector3.new(-613, 2039.8000000000002, 3290.1000000000004),
		Vector3.new(-613, 2038.8000000000002, 3291.2000000000003),
		Vector3.new(-613, 2037.7, 3292.2000000000003),
		Vector3.new(-613, 2036, 3292.9),
	},
	{
		Vector3.new(-613, 2036, 3292.9),
		Vector3.new(-613, 2034.6000000000001, 3293.7000000000003),
		Vector3.new(-613, 2033, 3294),
		Vector3.new(-613, 2031.5, 3294.2000000000003),
		Vector3.new(-613, 2030.3000000000002, 3293.9),
		Vector3.new(-613, 2029.9, 3293.1000000000004),
		Vector3.new(-613, 2029.7, 3291.9),
		Vector3.new(-613, 2031.2, 3291.6000000000004),
		Vector3.new(-613, 2030.8000000000002, 3292.4),
		Vector3.new(-613, 2031.3000000000002, 3291.5),
		Vector3.new(-613, 2031.3000000000002, 3290.1000000000004),
		Vector3.new(-613, 2031.3000000000002, 3287.9),
		Vector3.new(-613, 2031.3000000000002, 3286.2000000000003),
		Vector3.new(-613, 2031, 3284.8),
		Vector3.new(-613, 2030.8000000000002, 3283.3),
		Vector3.new(-613, 2029.4, 3283.4),
		Vector3.new(-613, 2029.6000000000001, 3282.3),
		Vector3.new(-613, 2030.3000000000002, 3281.5),
		Vector3.new(-613, 2029.7, 3282.3),
		Vector3.new(-613, 2029.4, 3283.4),
		Vector3.new(-613, 2030.8000000000002, 3283.3),
		Vector3.new(-613, 2030.5, 3282.4),
		Vector3.new(-613, 2030.8000000000002, 3283.3),
		Vector3.new(-613, 2027.5, 3283.5),
		Vector3.new(-613, 2024.9, 3283.7000000000003),
		Vector3.new(-613, 2022.1000000000001, 3284.1000000000004),
	},
	{
		Vector3.new(-613, 2022.1000000000001, 3284.1000000000004),
		Vector3.new(-613, 2019.3000000000002, 3284.3),
		Vector3.new(-613, 2017, 3284.6000000000004),
		Vector3.new(-613, 2014.8000000000002, 3285.1000000000004),
		Vector3.new(-613, 2015, 3293.5),
		Vector3.new(-613, 2017.9, 3293.1000000000004),
		Vector3.new(-613, 2020.7, 3292.7000000000003),
		Vector3.new(-613, 2024.2, 3292.3),
		Vector3.new(-613, 2027, 3292.1000000000004),
		Vector3.new(-613, 2029.8000000000002, 3291.9),
	},
	{
		Vector3.new(-613, 2029.8000000000002, 3291.9),
		Vector3.new(-613, 2016.8000000000002, 3309.2000000000003),
		Vector3.new(-613, 2018.3000000000002, 3309.2000000000003),
		Vector3.new(-613, 2020.5, 3308.8),
		Vector3.new(-613, 2022.4, 3308),
		Vector3.new(-613, 2024.6000000000001, 3307.1000000000004),
		Vector3.new(-613, 2025.9, 3306.3),
		Vector3.new(-613, 2028, 3304.8),
		Vector3.new(-613, 2029.9, 3304.5),
		Vector3.new(-613, 2031.5, 3304.2000000000003),
	},
	{
		Vector3.new(-613, 2031.5, 3304.2000000000003),
		Vector3.new(-613, 2031.8000000000002, 3305.3),
		Vector3.new(-613, 2030.1000000000001, 3305.6000000000004),
		Vector3.new(-613, 2028.2, 3306),
		Vector3.new(-613, 2025.8000000000002, 3306.3),
		Vector3.new(-613, 2031.7, 3305.1000000000004),
		Vector3.new(-613, 2032.2, 3306.3),
		Vector3.new(-613, 2034.3000000000002, 3305.5),
		Vector3.new(-613, 2035.6000000000001, 3304.9),
		Vector3.new(-613, 2037, 3304),
		Vector3.new(-613, 2037.9, 3303.1000000000004),
		Vector3.new(-613, 2038.1000000000001, 3302.1000000000004),
		Vector3.new(-613, 2036.7, 3302.6000000000004),
		Vector3.new(-613, 2034.8000000000002, 3303.3),
		Vector3.new(-613, 2033, 3303.8),
		Vector3.new(-613, 2031.4, 3304.2000000000003),
		Vector3.new(-613, 2038, 3302.1000000000004),
	},
	{
		Vector3.new(-613, 2038, 3302.1000000000004),
		Vector3.new(-613, 2040.2, 3301.2000000000003),
		Vector3.new(-613, 2040.2, 3300.3),
		Vector3.new(-613, 2039.9, 3299.4),
		Vector3.new(-613, 2039.8000000000002, 3297.9),
		Vector3.new(-613, 2039.8000000000002, 3296.6000000000004),
		Vector3.new(-613, 2039.8000000000002, 3295.2000000000003),
		Vector3.new(-613, 2040.2, 3293.9),
		Vector3.new(-613, 2040.7, 3292),
		Vector3.new(-613, 2041.6000000000001, 3290),
		Vector3.new(-613, 2042.7, 3288.4),
		Vector3.new(-613, 2042.5, 3287.3),
		Vector3.new(-613, 2041.2, 3286.7000000000003),
		Vector3.new(-613, 2042.6000000000001, 3288.1000000000004),
		Vector3.new(-613, 2044.8000000000002, 3288.7000000000003),
		Vector3.new(-613, 2047.2, 3289.4),
		Vector3.new(-613, 2048.8, 3289.3),
		Vector3.new(-613, 2051.1, 3289.2000000000003),
		Vector3.new(-613, 2051.7000000000003, 3289.9),
		Vector3.new(-613, 2052.6, 3290.4),
		Vector3.new(-613, 2051.7000000000003, 3290),
		Vector3.new(-613, 2051.1, 3289.2000000000003),
		Vector3.new(-613, 2051.1, 3288.3),
		Vector3.new(-613, 2051.7000000000003, 3287.3),
		Vector3.new(-613, 2052.9, 3286.3),
		Vector3.new(-613, 2054, 3286.3),
	},
	{
		Vector3.new(-613, 2054, 3286.3),
		Vector3.new(-613, 2055.3, 3286.4),
		Vector3.new(-613, 2056.1, 3287.4),
		Vector3.new(-613, 2056.3, 3288.5),
		Vector3.new(-613, 2055.8, 3290.2000000000003),
		Vector3.new(-613, 2056.3, 3288.5),
		Vector3.new(-613, 2058.1, 3288.5),
		Vector3.new(-613, 2054.9, 3288),
		Vector3.new(-613, 2054.2000000000003, 3289.4),
		Vector3.new(-613, 2054, 3288),
		Vector3.new(-613, 2053.3, 3287.6000000000004),
		Vector3.new(-613, 2057.9, 3288.5),
		Vector3.new(-613, 2060.2000000000003, 3288.3),
		Vector3.new(-613, 2063.7000000000003, 3287.7000000000003),
		Vector3.new(-613, 2068, 3286.9),
		Vector3.new(-613, 2071.9, 3286.1000000000004),
	},
	{
		Vector3.new(-613, 2071.9, 3286.1000000000004),
		Vector3.new(-613, 2075.9, 3285.3),
		Vector3.new(-613, 2081.3, 3284),
		Vector3.new(-613, 2080.3, 3286),
		Vector3.new(-613, 2082.3, 3286.2000000000003),
		Vector3.new(-613, 2081.2000000000003, 3289),
		Vector3.new(-613, 2083.6, 3289.1000000000004),
		Vector3.new(-613, 2082.2000000000003, 3292.4),
		Vector3.new(-613, 2084.6, 3292.6000000000004),
		Vector3.new(-613, 2083.3, 3295.2000000000003),
		Vector3.new(-613, 2085.3, 3296.7000000000003),
		Vector3.new(-613, 2084.1, 3299.3),
		Vector3.new(-613, 2086, 3301.1000000000004),
	},
	{
		Vector3.new(-613, 2086, 3301.1000000000004),
		Vector3.new(-613, 2084.4, 3303.5),
		Vector3.new(-613, 2086.2000000000003, 3305.5),
		Vector3.new(-613, 2084.4, 3307.9),
		Vector3.new(-613, 2086.3, 3309.9),
		Vector3.new(-613, 2084.2000000000003, 3311.6000000000004),
		Vector3.new(-613, 2086.1, 3314.2000000000003),
		Vector3.new(-613, 2078.8, 3314.3),
		Vector3.new(-613, 2074.5, 3314.4),
		Vector3.new(-613, 2069.3, 3314.8),
		Vector3.new(-613, 2068.5, 3316.1000000000004),
		Vector3.new(-613, 2067.4, 3316.6000000000004),
	},
	{
		Vector3.new(-613, 2067.4, 3316.6000000000004),
		Vector3.new(-613, 2066.1, 3316.1000000000004),
		Vector3.new(-613, 2066.8, 3315),
		Vector3.new(-613, 2067.3, 3313.8),
		Vector3.new(-613, 2067.4, 3312.3),
		Vector3.new(-613, 2067.3, 3310.8),
		Vector3.new(-613, 2066.9, 3309.4),
		Vector3.new(-613, 2066.3, 3308.4),
		Vector3.new(-613, 2065.1, 3307.1000000000004),
		Vector3.new(-613, 2066.4, 3305.8),
		Vector3.new(-613, 2067.1, 3304.2000000000003),
		Vector3.new(-613, 2067.3, 3302.4),
		Vector3.new(-613, 2067.3, 3300.5),
		Vector3.new(-613, 2066.9, 3298.8),
		Vector3.new(-613, 2066, 3297.2000000000003),
		Vector3.new(-613, 2064.9, 3296.1000000000004),
		Vector3.new(-613, 2063.3, 3295.2000000000003),
		Vector3.new(-613, 2061.9, 3294.8),
		Vector3.new(-613, 2059.9, 3294.9),
		Vector3.new(-613, 2058.2000000000003, 3295.6000000000004),
		Vector3.new(-613, 2056.7000000000003, 3296.9),
		Vector3.new(-613, 2055.8, 3298.3),
		Vector3.new(-613, 2055.1, 3300.2000000000003),
	},
	{
		Vector3.new(-613, 2055.1, 3300.2000000000003),
		Vector3.new(-613, 2055, 3302.6000000000004),
		Vector3.new(-613, 2055.5, 3304.6000000000004),
		Vector3.new(-613, 2056.4, 3306.1000000000004),
		Vector3.new(-613, 2058.2000000000003, 3307.8),
		Vector3.new(-613, 2060.1, 3308.6000000000004),
		Vector3.new(-613, 2061.9, 3308.7000000000003),
		Vector3.new(-613, 2064, 3308.1000000000004),
		Vector3.new(-613, 2065.2000000000003, 3307.1000000000004),
		Vector3.new(-613, 2058.2000000000003, 3307.8),
		Vector3.new(-613, 2058.2000000000003, 3309.3),
		Vector3.new(-613, 2058.2000000000003, 3311.3),
		Vector3.new(-613, 2058.4, 3313.6000000000004),
		Vector3.new(-613, 2058.4, 3315),
		Vector3.new(-613, 2057.4, 3316.3),
		Vector3.new(-613, 2058.1, 3317.1000000000004),
		Vector3.new(-613, 2059.7000000000003, 3318),
		Vector3.new(-613, 2061.6, 3318.5),
	},
	{
		Vector3.new(-613, 2061.6, 3318.5),
		Vector3.new(-613, 2063.1, 3318.4),
		Vector3.new(-613, 2064.9, 3317.5),
		Vector3.new(-613, 2066.1, 3316.1000000000004),
		Vector3.new(-613, 2057.4, 3316.3),
		Vector3.new(-613, 2056.3, 3316.5),
		Vector3.new(-613, 2055.3, 3316.2000000000003),
		Vector3.new(-613, 2054.6, 3315.4),
		Vector3.new(-613, 2054, 3314.2000000000003),
		Vector3.new(-613, 2053.7000000000003, 3312.7000000000003),
		Vector3.new(-613, 2053.7000000000003, 3310.6000000000004),
		Vector3.new(-613, 2056.3, 3316.5),
		Vector3.new(-613, 2054.6, 3316.7000000000003),
		Vector3.new(-613, 2053.1, 3316.7000000000003),
		Vector3.new(-613, 2051.3, 3316.8),
		Vector3.new(-613, 2049.9, 3317),
		Vector3.new(-613, 2049, 3317.4),
		Vector3.new(-613, 2047.9, 3317.2000000000003),
	},
	{
		Vector3.new(-613, 2047.9, 3317.2000000000003),
		Vector3.new(-613, 2047.3000000000002, 3316.2000000000003),
		Vector3.new(-613, 2046.8000000000002, 3314.3),
		Vector3.new(-613, 2046.3000000000002, 3311.3),
		Vector3.new(-613, 2046, 3308.7000000000003),
		Vector3.new(-613, 2046, 3306.4),
		Vector3.new(-613, 2046.1000000000001, 3304.2000000000003),
		Vector3.new(-613, 2046.5, 3301.8),
		Vector3.new(-613, 2047.1000000000001, 3299.3),
		Vector3.new(-613, 2047.9, 3296.4),
		Vector3.new(-613, 2048.8, 3294.2000000000003),
		Vector3.new(-613, 2049.2000000000003, 3295.1000000000004),
		Vector3.new(-613, 2048.8, 3293.9),
		Vector3.new(-613, 2048.2000000000003, 3293.3),
	},
	{
		Vector3.new(-613, 2048.2000000000003, 3293.3),
		Vector3.new(-613, 2046, 3305.4),
		Vector3.new(-613, 2045.1000000000001, 3305.2000000000003),
		Vector3.new(-613, 2044.4, 3304.6000000000004),
		Vector3.new(-613, 2044, 3303.8),
		Vector3.new(-613, 2043.9, 3302.6000000000004),
		Vector3.new(-613, 2043.4, 3301.7000000000003),
		Vector3.new(-613, 2042.8000000000002, 3301.2000000000003),
		Vector3.new(-613, 2041.8000000000002, 3301.2000000000003),
		Vector3.new(-613, 2040.2, 3301.2000000000003),
	},
	{
		Vector3.new(-613, 2040.2, 3301.2000000000003),
		Vector3.new(-613, 2062.3, 3300.8),
		Vector3.new(-613, 2061.7000000000003, 3301.4),
		Vector3.new(-613, 2060.9, 3301.3),
		Vector3.new(-613, 2060.6, 3300.6000000000004),
		Vector3.new(-613, 2060.8, 3299.6000000000004),
		Vector3.new(-613, 2061.7000000000003, 3299.4),
		Vector3.new(-613, 2062.3, 3300.1000000000004),
		Vector3.new(-613, 2062.2000000000003, 3301),
		Vector3.new(-613, 2061.8, 3299.5),
		Vector3.new(-613, 2061.2000000000003, 3301.2000000000003),
		Vector3.new(-613, 2061.9, 3299.6000000000004),
		Vector3.new(-613, 2061.2000000000003, 3301.3),
		Vector3.new(-613, 2061.9, 3299.7000000000003),
	},
	{
		Vector3.new(-613, 2061.9, 3299.7000000000003),
		Vector3.new(-613, 2061.4, 3301.4),
		Vector3.new(-613, 2062.1, 3299.8),
		Vector3.new(-613, 2061.5, 3301.4),
		Vector3.new(-613, 2062.1, 3299.9),
		Vector3.new(-613, 2061.7000000000003, 3301.4),
		Vector3.new(-613, 2062.3, 3300),
		Vector3.new(-613, 2061.8, 3301.3),
		Vector3.new(-613, 2060.9, 3299.7000000000003),
		Vector3.new(-613, 2061.5, 3301),
		Vector3.new(-613, 2060.8, 3299.8),
		Vector3.new(-613, 2061.3, 3301.1000000000004),
		Vector3.new(-613, 2060.8, 3300),
		Vector3.new(-613, 2061.2000000000003, 3301.2000000000003),
		Vector3.new(-613, 2060.7000000000003, 3300.3),
		Vector3.new(-613, 2061.1, 3301.3),
		Vector3.new(-613, 2060.6, 3300.4),
		Vector3.new(-613, 2061, 3301.3),
		Vector3.new(-613, 2061.6, 3299.5),
		Vector3.new(-613, 2061.1, 3300.4),
		Vector3.new(-613, 2061.4, 3299.5),
		Vector3.new(-613, 2060.9, 3300.3),
		Vector3.new(-613, 2061.8, 3299.7000000000003),
		Vector3.new(-613, 2060.9, 3299.7000000000003),
	},
	{
		Vector3.new(-613, 2060.9, 3299.7000000000003),
		Vector3.new(-613, 2062.9, 3313.3),
		Vector3.new(-613, 2062.9, 3312.3),
		Vector3.new(-613, 2062.3, 3311.7000000000003),
		Vector3.new(-613, 2061.4, 3311.9),
		Vector3.new(-613, 2061.1, 3312.8),
		Vector3.new(-613, 2061.5, 3313.7000000000003),
		Vector3.new(-613, 2062.5, 3313.8),
		Vector3.new(-613, 2062.9, 3313.2000000000003),
		Vector3.new(-613, 2061.1, 3312.8),
		Vector3.new(-613, 2062.9, 3313.1000000000004),
		Vector3.new(-613, 2061.2000000000003, 3312.7000000000003),
		Vector3.new(-613, 2062.8, 3312.9),
		Vector3.new(-613, 2061.2000000000003, 3312.6000000000004),
		Vector3.new(-613, 2062.3, 3311.9),
		Vector3.new(-613, 2061.9, 3313.8),
		Vector3.new(-613, 2062.3, 3311.7000000000003),
		Vector3.new(-613, 2062.1, 3313.8),
	},
	{
		Vector3.new(-613, 2062.1, 3313.8),
		Vector3.new(-613, 2062.4, 3311.8),
		Vector3.new(-613, 2062.2000000000003, 3313.8),
		Vector3.new(-613, 2062.5, 3312),
		Vector3.new(-613, 2062.3, 3313.8),
		Vector3.new(-613, 2062.6, 3312.1000000000004),
		Vector3.new(-613, 2062.5, 3313.7000000000003),
		Vector3.new(-613, 2062.8, 3312.2000000000003),
		Vector3.new(-613, 2062.6, 3313.7000000000003),
		Vector3.new(-613, 2062.9, 3312.9),
		Vector3.new(-613, 2061.3, 3312.6000000000004),
		Vector3.new(-613, 2062.6, 3312.7000000000003),
		Vector3.new(-613, 2061.2000000000003, 3312.4),
		Vector3.new(-613, 2062.3, 3312.5),
		Vector3.new(-613, 2061.3, 3312.2000000000003),
		Vector3.new(-613, 2062.3, 3312.3),
		Vector3.new(-613, 2061.4, 3312.1000000000004),
		Vector3.new(-613, 2062.4, 3312),
		Vector3.new(-613, 2061.4, 3311.9),
		Vector3.new(-613, 2061.3, 3313.2000000000003),
		Vector3.new(-613, 2062.4, 3313.4),
		Vector3.new(-613, 2061.3, 3312.9),
		Vector3.new(-613, 2062.4, 3313.1000000000004),
		Vector3.new(-613, 2061.4, 3313.4),
		Vector3.new(-613, 2062.3, 3313.5),
		Vector3.new(-613, 2061.4, 3313.5),
		Vector3.new(-613, 2062.3, 3313.7000000000003),
		Vector3.new(-613, 2062.1, 3312),
	},
}
