local wires = {
	{
		Vector3.new(-0.2, 0.5, 0),
		Vector3.new(-0.8, 1, 0),
		Vector3.new(-1.7000000000000002, 1.5, 0),
		Vector3.new(-2.7, 1.8, 0),
		Vector3.new(-3.7, 2, 0),
		Vector3.new(-4.800000000000001, 2, 0),
		Vector3.new(-5.9, 1.9000000000000001, 0),
		Vector3.new(-7, 1.7000000000000002, 0),
		Vector3.new(-7.800000000000001, 1.4000000000000001, 0),
		Vector3.new(-8.700000000000001, 0.9, 0),
		Vector3.new(-9.200000000000001, 0.30000000000000004, 0),
		Vector3.new(-9.1, -0.2, 0),
		Vector3.new(0, -0.2, 0),
		Vector3.new(-9.3, -0.5, 0),
		Vector3.new(-9.5, -1.2000000000000002, 0),
		Vector3.new(-8.8, -1.4000000000000001, 0),
	},
	{
		Vector3.new(-8.8, -1.4000000000000001, 0),
		Vector3.new(-0.2, -1.4000000000000001, 0),
		Vector3.new(0.4, -1.1, 0),
		Vector3.new(0.1, -0.5, 0),
		Vector3.new(0.4, -1.1, 0),
		Vector3.new(-0.30000000000000004, -1.4000000000000001, 0),
		Vector3.new(-9.1, -1.6, 0),
		Vector3.new(-7.800000000000001, -1.8, 0),
		Vector3.new(-7.6000000000000005, -3.4000000000000004, 0),
		Vector3.new(-7.1000000000000005, -3.7, 0),
		Vector3.new(-6.9, -2, 0),
		Vector3.new(-0.30000000000000004, -1.8, 0),
		Vector3.new(-0.30000000000000004, -2.4000000000000004, 0),
		Vector3.new(-0.9, -2.6, 0),
		Vector3.new(-1.7000000000000002, -2.5, 0),
		Vector3.new(-2.6, -2.8000000000000003, 0),
		Vector3.new(-3.4000000000000004, -2.5, 0),
		Vector3.new(-4, -2.5, 0),
		Vector3.new(-4.6000000000000005, -2.7, 0),
		Vector3.new(-5.4, -2.5, 0),
	},
	{
		Vector3.new(-5.4, -2.5, 0),
		Vector3.new(-5.9, -2.4000000000000004, 0),
		Vector3.new(-6.6000000000000005, -2.7, 0),
		Vector3.new(-6.6000000000000005, -2.1, 0),
		Vector3.new(-0.30000000000000004, -2, 0),
		Vector3.new(0.2, -2.5, 0),
		Vector3.new(0.2, -3.1, 0),
		Vector3.new(-6.6000000000000005, -3.3000000000000003, 0),
		Vector3.new(-6.300000000000001, -2.9000000000000004, 0),
		Vector3.new(-5.6000000000000005, -2.7, 0),
		Vector3.new(-4.800000000000001, -3, 0),
		Vector3.new(-4, -2.9000000000000004, 0),
		Vector3.new(-3.5, -2.8000000000000003, 0),
		Vector3.new(-2.7, -3, 0),
		Vector3.new(-1.9000000000000001, -3, 0),
		Vector3.new(-1.2000000000000002, -2.8000000000000003, 0),
		Vector3.new(-0.6000000000000001, -3, 0),
		Vector3.new(-0.1, -2.5, 0),
		Vector3.new(0.2, -2.9000000000000004, 0),
		Vector3.new(-0.4, -3.3000000000000003, 0),
		Vector3.new(-0.5, -4, 0),
		Vector3.new(-1.3, -4.5, 0),
		Vector3.new(-1.8, -4.7, 0),
		Vector3.new(-2.7, -4.7, 0),
		Vector3.new(-7.1000000000000005, -4.7, 0),
		Vector3.new(-7.7, -4.6000000000000005, 0),
		Vector3.new(-8.200000000000001, -4.4, 0),
		Vector3.new(-8.9, -3.8000000000000003, 0),
		Vector3.new(-9.200000000000001, -3.3000000000000003, 0),
		Vector3.new(-9.600000000000001, -2.8000000000000003, 0),
		Vector3.new(-9.3, -2.4000000000000004, 0),
		Vector3.new(-7.9, -2, 0),
		Vector3.new(-7.9, -2.5, 0),
	},
	{
		Vector3.new(-7.9, -2.5, 0),
		Vector3.new(-8.4, -2.6, 0),
		Vector3.new(-8.9, -2.5, 0),
		Vector3.new(-8.5, -2.9000000000000004, 0),
		Vector3.new(-7.9, -2.8000000000000003, 0),
		Vector3.new(-7.9, -3.3000000000000003, 0),
		Vector3.new(-8.9, -3.3000000000000003, 0),
		Vector3.new(-7.9, -3.5, 0),
		Vector3.new(-7.300000000000001, -3.9000000000000004, 0),
		Vector3.new(-6.7, -3.6, 0),
		Vector3.new(-0.5, -3.5, 0),
	},
}
