local wires = {
	{
		Vector3.new(-613, 1980, 2938),
		Vector3.new(-613, 1981.9, 2938.6000000000004),
		Vector3.new(-613, 1983.4, 2939.1000000000004),
		Vector3.new(-613, 1984.5, 2939.3),
		Vector3.new(-613, 1984.1000000000001, 2937.4),
		Vector3.new(-613, 1985.6000000000001, 2937.2000000000003),
		Vector3.new(-613, 1983.6000000000001, 2937.5),
		Vector3.new(-613, 1983.4, 2936.2000000000003),
		Vector3.new(-613, 1983.3000000000002, 2934.7000000000003),
		Vector3.new(-613, 1983.3000000000002, 2933.6000000000004),
		Vector3.new(-613, 1983.3000000000002, 2932),
		Vector3.new(-613, 1984.7, 2931.8),
		Vector3.new(-613, 1982.8000000000002, 2932),
		Vector3.new(-613, 1982.6000000000001, 2930.7000000000003),
		Vector3.new(-613, 1982.6000000000001, 2929.4),
		Vector3.new(-613, 1982.7, 2927.8),
		Vector3.new(-613, 1982.8000000000002, 2926.8),
		Vector3.new(-613, 1980.1000000000001, 2926.5),
		Vector3.new(-613, 1982.8000000000002, 2926.8),
		Vector3.new(-613, 1982.8000000000002, 2925.8),
		Vector3.new(-613, 1984.9, 2925.8),
		Vector3.new(-613, 1982.5, 2925.8),
		Vector3.new(-613, 1982.5, 2924.9),
		Vector3.new(-613, 1982.5, 2923.4),
	},
	{
		Vector3.new(-613, 1982.5, 2923.4),
		Vector3.new(-613, 1982.7, 2921.6000000000004),
		Vector3.new(-613, 1982.8000000000002, 2920.1000000000004),
		Vector3.new(-613, 1983, 2919),
		Vector3.new(-613, 1985.3000000000002, 2919.2000000000003),
		Vector3.new(-613, 1983.2, 2919),
		Vector3.new(-613, 1983.3000000000002, 2917.8),
		Vector3.new(-613, 1983.5, 2916.2000000000003),
		Vector3.new(-613, 1983.8000000000002, 2914.4),
		Vector3.new(-613, 1984.2, 2912.6000000000004),
		Vector3.new(-613, 1986.6000000000001, 2913),
		Vector3.new(-613, 1984.6000000000001, 2912.6000000000004),
		Vector3.new(-613, 1985, 2910.8),
		Vector3.new(-613, 1982.8000000000002, 2911.3),
		Vector3.new(-613, 1980, 2912),
		Vector3.new(-613, 1982.8000000000002, 2911.4),
		Vector3.new(-613, 1984.9, 2910.8),
		Vector3.new(-613, 1985.3000000000002, 2909.4),
		Vector3.new(-613, 1985.7, 2908),
		Vector3.new(-613, 1986.1000000000001, 2907.2000000000003),
		Vector3.new(-613, 1987.8000000000002, 2907.7000000000003),
	},
	{
		Vector3.new(-613, 1987.8000000000002, 2907.7000000000003),
		Vector3.new(-613, 1986.6000000000001, 2907.4),
		Vector3.new(-613, 1987.1000000000001, 2906.1000000000004),
		Vector3.new(-613, 1987.6000000000001, 2904.9),
		Vector3.new(-613, 1988.1000000000001, 2904.3),
		Vector3.new(-613, 1988.7, 2903.5),
		Vector3.new(-613, 1991, 2904.6000000000004),
		Vector3.new(-613, 1989.3000000000002, 2903.8),
		Vector3.new(-613, 1990, 2902.9),
		Vector3.new(-613, 1990.6000000000001, 2902.3),
		Vector3.new(-613, 1991.3000000000002, 2902),
		Vector3.new(-613, 1992.7, 2902.8),
		Vector3.new(-613, 1995.2, 2904.4),
		Vector3.new(-613, 1999.4, 2907),
		Vector3.new(-613, 2001.8000000000002, 2908.5),
		Vector3.new(-613, 2004.9, 2910.4),
		Vector3.new(-613, 2006.7, 2911.6000000000004),
		Vector3.new(-613, 2008.1000000000001, 2912.6000000000004),
		Vector3.new(-613, 2006.3000000000002, 2914),
	},
	{
		Vector3.new(-613, 2006.3000000000002, 2914),
		Vector3.new(-613, 2002.9, 2912.7000000000003),
		Vector3.new(-613, 2000.2, 2911.8),
		Vector3.new(-613, 1997, 2910.7000000000003),
		Vector3.new(-613, 1994.1000000000001, 2909.7000000000003),
		Vector3.new(-613, 1991.8000000000002, 2908.9),
		Vector3.new(-613, 1987.8000000000002, 2907.7000000000003),
		Vector3.new(-613, 1991, 2904.6000000000004),
		Vector3.new(-613, 1994.1000000000001, 2906),
		Vector3.new(-613, 1998.6000000000001, 2908.2000000000003),
		Vector3.new(-613, 2001.7, 2909.7000000000003),
	},
	{
		Vector3.new(-613, 2001.7, 2909.7000000000003),
		Vector3.new(-613, 2004.2, 2910.9),
		Vector3.new(-613, 2006.1000000000001, 2911.9),
		Vector3.new(-613, 2007.7, 2912.9),
		Vector3.new(-613, 1986.6000000000001, 2913.1000000000004),
		Vector3.new(-613, 1991.7, 2914.2000000000003),
		Vector3.new(-613, 1995.9, 2915.1000000000004),
	},
	{
		Vector3.new(-613, 1995.9, 2915.1000000000004),
		Vector3.new(-613, 1998.8000000000002, 2915.8),
		Vector3.new(-613, 2002.5, 2916.7000000000003),
		Vector3.new(-613, 2004.2, 2915.5),
		Vector3.new(-613, 2006.3000000000002, 2914),
		Vector3.new(-613, 2002.1000000000001, 2917.1000000000004),
		Vector3.new(-613, 2000, 2918.6000000000004),
		Vector3.new(-613, 1998.6000000000001, 2919.7000000000003),
		Vector3.new(-613, 1997.8000000000002, 2920.6000000000004),
		Vector3.new(-613, 1993, 2920.1000000000004),
		Vector3.new(-613, 1985.3000000000002, 2919.2000000000003),
	},
	{
		Vector3.new(-613, 1985.3000000000002, 2919.2000000000003),
		Vector3.new(-613, 1984.9, 2925.8),
		Vector3.new(-613, 1987.5, 2925.7000000000003),
		Vector3.new(-613, 1990.5, 2925.7000000000003),
		Vector3.new(-613, 1993.1000000000001, 2925.6000000000004),
		Vector3.new(-613, 1995, 2925.6000000000004),
		Vector3.new(-613, 1996.1000000000001, 2924.5),
		Vector3.new(-613, 1996.8000000000002, 2923.8),
		Vector3.new(-613, 1996.9, 2923),
		Vector3.new(-613, 1997.2, 2921.8),
		Vector3.new(-613, 1997.7, 2920.6000000000004),
		Vector3.new(-613, 1995.1000000000001, 2925.5),
		Vector3.new(-613, 1994.1000000000001, 2926.6000000000004),
		Vector3.new(-613, 1995, 2927.1000000000004),
		Vector3.new(-613, 1996.3000000000002, 2928),
		Vector3.new(-613, 1997.5, 2929.1000000000004),
		Vector3.new(-613, 1998.3000000000002, 2930),
		Vector3.new(-613, 1999, 2930.8),
		Vector3.new(-613, 1999.9, 2929.9),
	},
	{
		Vector3.new(-613, 1999.9, 2929.9),
		Vector3.new(-613, 1999, 2928.7000000000003),
		Vector3.new(-613, 1998, 2927.6000000000004),
		Vector3.new(-613, 1996.9, 2926.6000000000004),
		Vector3.new(-613, 1996, 2926),
		Vector3.new(-613, 1995, 2925.6000000000004),
		Vector3.new(-613, 1995.7, 2924.9),
		Vector3.new(-613, 1997, 2925.5),
		Vector3.new(-613, 1998.3000000000002, 2926.6000000000004),
		Vector3.new(-613, 1999.5, 2927.8),
		Vector3.new(-613, 2000.6000000000001, 2929.3),
		Vector3.new(-613, 1999.8000000000002, 2930.1000000000004),
		Vector3.new(-613, 2001.2, 2928.7000000000003),
		Vector3.new(-613, 2001.7, 2927.9),
		Vector3.new(-613, 2001.3000000000002, 2927.1000000000004),
		Vector3.new(-613, 2000.2, 2925.6000000000004),
		Vector3.new(-613, 1998.9, 2924.5),
		Vector3.new(-613, 1997.9, 2923.9),
		Vector3.new(-613, 1996.9, 2923.7000000000003),
		Vector3.new(-613, 1995, 2927.1000000000004),
		Vector3.new(-613, 1994.1000000000001, 2927.1000000000004),
		Vector3.new(-613, 1992.9, 2928.1000000000004),
		Vector3.new(-613, 1991.9, 2929.3),
		Vector3.new(-613, 1990.9, 2929),
		Vector3.new(-613, 1989.8000000000002, 2928.9),
		Vector3.new(-613, 1990.2, 2929.8),
		Vector3.new(-613, 1991.1000000000001, 2930.2000000000003),
	},
	{
		Vector3.new(-613, 1991.1000000000001, 2930.2000000000003),
		Vector3.new(-613, 1991.9, 2929.3),
		Vector3.new(-613, 1991.1000000000001, 2930.3),
		Vector3.new(-613, 1990.1000000000001, 2929.8),
		Vector3.new(-613, 1989.2, 2929.7000000000003),
		Vector3.new(-613, 1988.3000000000002, 2930),
		Vector3.new(-613, 1990.1000000000001, 2931.1000000000004),
		Vector3.new(-613, 1988.1000000000001, 2930.4),
		Vector3.new(-613, 1988.5, 2931.4),
		Vector3.new(-613, 1984.7, 2931.8),
		Vector3.new(-613, 1988.5, 2931.4),
		Vector3.new(-613, 1989.2, 2932.1000000000004),
		Vector3.new(-613, 1991.1000000000001, 2930.3),
		Vector3.new(-613, 1989.2, 2932.1000000000004),
		Vector3.new(-613, 1988.7, 2932.9),
		Vector3.new(-613, 1988.2, 2933.8),
		Vector3.new(-613, 1989.2, 2933.8),
		Vector3.new(-613, 1990.9, 2932.7000000000003),
		Vector3.new(-613, 1992.2, 2931.5),
		Vector3.new(-613, 1990.9, 2932.7000000000003),
		Vector3.new(-613, 1989.2, 2933.9),
		Vector3.new(-613, 1988.2, 2934.1000000000004),
		Vector3.new(-613, 1988.3000000000002, 2935.1000000000004),
	},
	{
		Vector3.new(-613, 1988.3000000000002, 2935.1000000000004),
		Vector3.new(-613, 1989.8000000000002, 2934.8),
		Vector3.new(-613, 1991.7, 2934),
		Vector3.new(-613, 1993.2, 2933),
		Vector3.new(-613, 1988.2, 2934.1000000000004),
		Vector3.new(-613, 1988.1000000000001, 2935.1000000000004),
		Vector3.new(-613, 1988.8000000000002, 2935.6000000000004),
		Vector3.new(-613, 1989.9, 2935.7000000000003),
		Vector3.new(-613, 1991.6000000000001, 2935.7000000000003),
		Vector3.new(-613, 1992.4, 2935.4),
		Vector3.new(-613, 1993.3000000000002, 2934.9),
		Vector3.new(-613, 1995.3000000000002, 2933.9),
		Vector3.new(-613, 1989.7, 2935.7000000000003),
		Vector3.new(-613, 1990.3000000000002, 2936.3),
		Vector3.new(-613, 1989, 2936.7000000000003),
		Vector3.new(-613, 1985.5, 2937.2000000000003),
		Vector3.new(-613, 1989, 2936.7000000000003),
		Vector3.new(-613, 1990.6000000000001, 2936.3),
		Vector3.new(-613, 1991.7, 2936.5),
	},
	{
		Vector3.new(-613, 1991.7, 2936.5),
		Vector3.new(-613, 1992.8000000000002, 2936.6000000000004),
		Vector3.new(-613, 1994, 2936),
		Vector3.new(-613, 1995, 2935.6000000000004),
		Vector3.new(-613, 1995.9, 2935.2000000000003),
		Vector3.new(-613, 1996.3000000000002, 2934.3),
		Vector3.new(-613, 1997, 2933.5),
		Vector3.new(-613, 1997.6000000000001, 2932.5),
		Vector3.new(-613, 1998.2, 2931.7000000000003),
		Vector3.new(-613, 1998.8000000000002, 2930.7000000000003),
		Vector3.new(-613, 1998, 2932),
		Vector3.new(-613, 1997.4, 2932.9),
		Vector3.new(-613, 1998.2, 2933.8),
		Vector3.new(-613, 1999.3000000000002, 2934.1000000000004),
		Vector3.new(-613, 2001, 2934.6000000000004),
		Vector3.new(-613, 2001.9, 2935.1000000000004),
		Vector3.new(-613, 2002.5, 2936.2000000000003),
		Vector3.new(-613, 2002.5, 2937.6000000000004),
		Vector3.new(-613, 2001.9, 2939.1000000000004),
		Vector3.new(-613, 2001.1000000000001, 2940.1000000000004),
		Vector3.new(-613, 2000.1000000000001, 2940.6000000000004),
		Vector3.new(-613, 1999, 2940.5),
		Vector3.new(-613, 1998, 2940.1000000000004),
		Vector3.new(-613, 1996.4, 2939.6000000000004),
		Vector3.new(-613, 1995.9, 2938.7000000000003),
		Vector3.new(-613, 1994.7, 2938.2000000000003),
		Vector3.new(-613, 1993.1000000000001, 2937.7000000000003),
		Vector3.new(-613, 1991.4, 2936.5),
	},
	{
		Vector3.new(-613, 1991.4, 2936.5),
		Vector3.new(-613, 1996.4, 2939.5),
		Vector3.new(-613, 1997.3000000000002, 2938.8),
		Vector3.new(-613, 1998.1000000000001, 2937.9),
		Vector3.new(-613, 1998.6000000000001, 2937.1000000000004),
		Vector3.new(-613, 1998.9, 2936.1000000000004),
		Vector3.new(-613, 1999, 2935.1000000000004),
		Vector3.new(-613, 1998.8000000000002, 2934.3),
		Vector3.new(-613, 1998, 2933.6000000000004),
		Vector3.new(-613, 1995.9, 2938.7000000000003),
		Vector3.new(-613, 1996.9, 2939.1000000000004),
		Vector3.new(-613, 1997.8000000000002, 2940),
		Vector3.new(-613, 1998.5, 2939.4),
		Vector3.new(-613, 1999.2, 2938.8),
		Vector3.new(-613, 1999.7, 2937.8),
		Vector3.new(-613, 2000.1000000000001, 2936.8),
		Vector3.new(-613, 2000.2, 2935.6000000000004),
		Vector3.new(-613, 2000.1000000000001, 2934.8),
		Vector3.new(-613, 1999.6000000000001, 2934.1000000000004),
		Vector3.new(-613, 1998.5, 2940.3),
		Vector3.new(-613, 1999.2, 2939.9),
		Vector3.new(-613, 1999.9, 2939.2000000000003),
		Vector3.new(-613, 2000.4, 2938.4),
	},
	{
		Vector3.new(-613, 2000.4, 2938.4),
		Vector3.new(-613, 2000.9, 2937.2000000000003),
		Vector3.new(-613, 2001, 2936.2000000000003),
		Vector3.new(-613, 2000.9, 2935.4),
		Vector3.new(-613, 2000.6000000000001, 2934.5),
		Vector3.new(-613, 1984.5, 2939.3),
		Vector3.new(-613, 1984.9, 2940.9),
		Vector3.new(-613, 1985.4, 2942.3),
		Vector3.new(-613, 1986.4, 2942.1000000000004),
		Vector3.new(-613, 1989.1000000000001, 2941.4),
		Vector3.new(-613, 1992.2, 2940.6000000000004),
		Vector3.new(-613, 1994.7, 2939.9),
		Vector3.new(-613, 1996.3000000000002, 2939.4),
	},
	{
		Vector3.new(-613, 1996.3000000000002, 2939.4),
		Vector3.new(-613, 1986, 2942.2000000000003),
		Vector3.new(-613, 1986.5, 2943.5),
		Vector3.new(-613, 1987.1000000000001, 2944.7000000000003),
		Vector3.new(-613, 1987.6000000000001, 2945.4),
		Vector3.new(-613, 1988.8000000000002, 2945),
		Vector3.new(-613, 1990.8000000000002, 2944.4),
		Vector3.new(-613, 1993.3000000000002, 2943.6000000000004),
		Vector3.new(-613, 1995.5, 2942.8),
		Vector3.new(-613, 1997.6000000000001, 2942.1000000000004),
		Vector3.new(-613, 1999.5, 2941.3),
		Vector3.new(-613, 1999, 2940.5),
		Vector3.new(-613, 1999.7, 2941.7000000000003),
		Vector3.new(-613, 2000.2, 2942.3),
		Vector3.new(-613, 1998.3000000000002, 2943.2000000000003),
		Vector3.new(-613, 1995.1000000000001, 2944.5),
	},
	{
		Vector3.new(-613, 1995.1000000000001, 2944.5),
		Vector3.new(-613, 1992.6000000000001, 2945.6000000000004),
		Vector3.new(-613, 1991, 2946.2000000000003),
		Vector3.new(-613, 1989.4, 2946.8),
		Vector3.new(-613, 1988.4, 2945.2000000000003),
		Vector3.new(-613, 1997.6000000000001, 2932.5),
		Vector3.new(-613, 1999.7, 2932.4),
		Vector3.new(-613, 2001.8000000000002, 2932.2000000000003),
		Vector3.new(-613, 2004.3000000000002, 2931.9),
		Vector3.new(-613, 2006.3000000000002, 2931.6000000000004),
		Vector3.new(-613, 2008.1000000000001, 2931.3),
		Vector3.new(-613, 2008.3000000000002, 2932.7000000000003),
		Vector3.new(-613, 2008.5, 2934.2000000000003),
	},
	{
		Vector3.new(-613, 2008.5, 2934.2000000000003),
		Vector3.new(-613, 2005.7, 2935.1000000000004),
		Vector3.new(-613, 2004.4, 2934.8),
		Vector3.new(-613, 2005.5, 2935.9),
		Vector3.new(-613, 2007, 2937.1000000000004),
		Vector3.new(-613, 2008.8000000000002, 2938.3),
		Vector3.new(-613, 2010.2, 2938.8),
		Vector3.new(-613, 2004.3000000000002, 2934.8),
		Vector3.new(-613, 2003.7, 2934.1000000000004),
		Vector3.new(-613, 2002.7, 2934),
		Vector3.new(-613, 2001.9, 2934.2000000000003),
		Vector3.new(-613, 2001, 2934.7000000000003),
		Vector3.new(-613, 2001.3000000000002, 2928.5),
		Vector3.new(-613, 2002.1000000000001, 2928.7000000000003),
		Vector3.new(-613, 2003, 2928.6000000000004),
		Vector3.new(-613, 2003.7, 2928.1000000000004),
		Vector3.new(-613, 2004.4, 2927.2000000000003),
		Vector3.new(-613, 2005.7, 2925.9),
		Vector3.new(-613, 2006.7, 2924.9),
		Vector3.new(-613, 2008, 2923.9),
	},
	{
		Vector3.new(-613, 2008, 2923.9),
		Vector3.new(-613, 2007.8000000000002, 2925.1000000000004),
		Vector3.new(-613, 2007.9, 2927.6000000000004),
		Vector3.new(-613, 2006, 2927.6000000000004),
		Vector3.new(-613, 2004.1000000000001, 2927.7000000000003),
		Vector3.new(-613, 2007.9, 2927.6000000000004),
		Vector3.new(-613, 2007.9, 2928.8),
		Vector3.new(-613, 2008.1000000000001, 2931.2000000000003),
		Vector3.new(-613, 2008.3000000000002, 2932.7000000000003),
		Vector3.new(-613, 2008.5, 2934.3),
		Vector3.new(-613, 2008.9, 2935.9),
		Vector3.new(-613, 2005.7, 2935.1000000000004),
		Vector3.new(-613, 2010.2, 2936.2000000000003),
		Vector3.new(-613, 2011.7, 2936.5),
		Vector3.new(-613, 2011.4, 2935.3),
		Vector3.new(-613, 2011.1000000000001, 2933.4),
		Vector3.new(-613, 2010.8000000000002, 2931.1000000000004),
		Vector3.new(-613, 2010.7, 2929.2000000000003),
	},
	{
		Vector3.new(-613, 2010.7, 2929.2000000000003),
		Vector3.new(-613, 2010.5, 2927),
		Vector3.new(-613, 2010.6000000000001, 2924.8),
		Vector3.new(-613, 2010.8000000000002, 2921.9),
		Vector3.new(-613, 2009.6000000000001, 2922.7000000000003),
		Vector3.new(-613, 2007.9, 2923.9),
		Vector3.new(-613, 2003, 2926.3),
		Vector3.new(-613, 2003.2, 2924.6000000000004),
		Vector3.new(-613, 2003.6000000000001, 2922.9),
		Vector3.new(-613, 2004.3000000000002, 2920.7000000000003),
		Vector3.new(-613, 2005, 2919.1000000000004),
		Vector3.new(-613, 2005.7, 2917.7000000000003),
		Vector3.new(-613, 2006.6000000000001, 2916.3),
		Vector3.new(-613, 2013.8000000000002, 2918.6000000000004),
		Vector3.new(-613, 2014.4, 2917.6000000000004),
		Vector3.new(-613, 2015, 2916.4),
	},
	{
		Vector3.new(-613, 2015, 2916.4),
		Vector3.new(-613, 2015.6000000000001, 2915.1000000000004),
		Vector3.new(-613, 2015.8000000000002, 2914.3),
		Vector3.new(-613, 2015.8000000000002, 2913.4),
		Vector3.new(-613, 2015.1000000000001, 2912.8),
		Vector3.new(-613, 2014.4, 2913.3),
		Vector3.new(-613, 2014, 2914.2000000000003),
		Vector3.new(-613, 2013.7, 2915.2000000000003),
		Vector3.new(-613, 2008.1000000000001, 2912.6000000000004),
		Vector3.new(-613, 2009.6000000000001, 2911.7000000000003),
		Vector3.new(-613, 2011.5, 2910.9),
		Vector3.new(-613, 2013.1000000000001, 2910.3),
		Vector3.new(-613, 2015.4, 2909.6000000000004),
		Vector3.new(-613, 2018.6000000000001, 2908.8),
		Vector3.new(-613, 2021.2, 2908.1000000000004),
		Vector3.new(-613, 2023.2, 2907.7000000000003),
		Vector3.new(-613, 2024.2, 2906.7000000000003),
		Vector3.new(-613, 2025.6000000000001, 2906),
		Vector3.new(-613, 2027.2, 2905.6000000000004),
		Vector3.new(-613, 2025.9, 2905.4),
		Vector3.new(-613, 2024.9, 2905),
		Vector3.new(-613, 2024, 2904.3),
	},
	{
		Vector3.new(-613, 2024, 2904.3),
		Vector3.new(-613, 2023.4, 2903.2000000000003),
		Vector3.new(-613, 2023.3000000000002, 2902),
		Vector3.new(-613, 2023.8000000000002, 2900.8),
		Vector3.new(-613, 2023.5, 2902),
		Vector3.new(-613, 2023.8000000000002, 2902.8),
		Vector3.new(-613, 2024.5, 2903.3),
		Vector3.new(-613, 2026.1000000000001, 2903.5),
		Vector3.new(-613, 2028, 2903.1000000000004),
		Vector3.new(-613, 2030.1000000000001, 2902.6000000000004),
		Vector3.new(-613, 2032.2, 2902.4),
		Vector3.new(-613, 2034.1000000000001, 2902.5),
		Vector3.new(-613, 2036.1000000000001, 2902.9),
		Vector3.new(-613, 2037.9, 2903.7000000000003),
		Vector3.new(-613, 2039.8000000000002, 2904.8),
		Vector3.new(-613, 2041.7, 2906),
		Vector3.new(-613, 2043.5, 2907.1000000000004),
		Vector3.new(-613, 2045.4, 2908.1000000000004),
	},
	{
		Vector3.new(-613, 2045.4, 2908.1000000000004),
		Vector3.new(-613, 2023.1000000000001, 2907.7000000000003),
		Vector3.new(-613, 2024.8000000000002, 2907.3),
		Vector3.new(-613, 2026.2, 2907),
		Vector3.new(-613, 2029.1000000000001, 2906.5),
		Vector3.new(-613, 2031.4, 2906.2000000000003),
		Vector3.new(-613, 2033.8000000000002, 2906.2000000000003),
		Vector3.new(-613, 2031.8000000000002, 2905.8),
		Vector3.new(-613, 2030.2, 2905.6000000000004),
	},
	{
		Vector3.new(-613, 2030.2, 2905.6000000000004),
		Vector3.new(-613, 2028.5, 2905.5),
		Vector3.new(-613, 2027.2, 2905.6000000000004),
		Vector3.new(-613, 2033.5, 2906.1000000000004),
		Vector3.new(-613, 2035.5, 2906.3),
		Vector3.new(-613, 2037, 2906.8),
		Vector3.new(-613, 2037.9, 2907.2000000000003),
		Vector3.new(-613, 2037.9, 2908.1000000000004),
		Vector3.new(-613, 2037.6000000000001, 2909),
		Vector3.new(-613, 2037.1000000000001, 2910),
		Vector3.new(-613, 2036.2, 2911),
		Vector3.new(-613, 2034.5, 2912.3),
		Vector3.new(-613, 2032.5, 2913.5),
		Vector3.new(-613, 2030.7, 2914.4),
		Vector3.new(-613, 2028.8000000000002, 2915.2000000000003),
		Vector3.new(-613, 2027, 2915.8),
		Vector3.new(-613, 2025.2, 2916.2000000000003),
		Vector3.new(-613, 2027.7, 2916.1000000000004),
		Vector3.new(-613, 2029.5, 2915.9),
		Vector3.new(-613, 2032.3000000000002, 2915.5),
	},
	{
		Vector3.new(-613, 2032.3000000000002, 2915.5),
		Vector3.new(-613, 2025.3000000000002, 2916.2000000000003),
		Vector3.new(-613, 2023.3000000000002, 2916.6000000000004),
		Vector3.new(-613, 2020.7, 2917.2000000000003),
		Vector3.new(-613, 2022.4, 2915.9),
		Vector3.new(-613, 2024.4, 2914.6000000000004),
		Vector3.new(-613, 2026.6000000000001, 2913.1000000000004),
		Vector3.new(-613, 2029.1000000000001, 2911.6000000000004),
		Vector3.new(-613, 2030.7, 2910.8),
		Vector3.new(-613, 2031.8000000000002, 2910.4),
		Vector3.new(-613, 2032.9, 2910.2000000000003),
	},
	{
		Vector3.new(-613, 2032.9, 2910.2000000000003),
		Vector3.new(-613, 2020.8000000000002, 2917.2000000000003),
		Vector3.new(-613, 2019.6000000000001, 2918),
		Vector3.new(-613, 2018.6000000000001, 2918.6000000000004),
		Vector3.new(-613, 2017.3000000000002, 2918.8),
		Vector3.new(-613, 2015.4, 2918.8),
		Vector3.new(-613, 2014.9, 2919.5),
		Vector3.new(-613, 2015.8000000000002, 2920.5),
		Vector3.new(-613, 2017.2, 2921.6000000000004),
		Vector3.new(-613, 2018.4, 2922.5),
		Vector3.new(-613, 2019.8000000000002, 2923.4),
		Vector3.new(-613, 2010.8000000000002, 2922),
		Vector3.new(-613, 2011.7, 2921.3),
	},
	{
		Vector3.new(-613, 2011.7, 2921.3),
		Vector3.new(-613, 2012.5, 2920.7000000000003),
		Vector3.new(-613, 2013.2, 2920.2000000000003),
		Vector3.new(-613, 2014.1000000000001, 2920.1000000000004),
		Vector3.new(-613, 2014.9, 2919.5),
		Vector3.new(-613, 2015.8000000000002, 2918.2000000000003),
		Vector3.new(-613, 2017, 2916.6000000000004),
		Vector3.new(-613, 2018.1000000000001, 2915.2000000000003),
		Vector3.new(-613, 2019, 2913.9),
		Vector3.new(-613, 2020.3000000000002, 2912.6000000000004),
		Vector3.new(-613, 2021.3000000000002, 2911.7000000000003),
		Vector3.new(-613, 2022, 2911),
		Vector3.new(-613, 2023.3000000000002, 2910),
		Vector3.new(-613, 2024.2, 2909.5),
	},
	{
		Vector3.new(-613, 2024.2, 2909.5),
		Vector3.new(-613, 2011.6000000000001, 2926.8),
		Vector3.new(-613, 2012.4, 2927.7000000000003),
		Vector3.new(-613, 2013.6000000000001, 2928.5),
		Vector3.new(-613, 2014.7, 2929.2000000000003),
		Vector3.new(-613, 2016.1000000000001, 2929.8),
		Vector3.new(-613, 2017.8000000000002, 2930.4),
	},
	{
		Vector3.new(-613, 2017.8000000000002, 2930.4),
		Vector3.new(-613, 2000.2, 2942.2000000000003),
		Vector3.new(-613, 2001, 2942.8),
		Vector3.new(-613, 2002.3000000000002, 2943),
		Vector3.new(-613, 2003.7, 2943.1000000000004),
		Vector3.new(-613, 2005.4, 2943.2000000000003),
		Vector3.new(-613, 2007.6000000000001, 2943.4),
		Vector3.new(-613, 2009.8000000000002, 2943.7000000000003),
		Vector3.new(-613, 2011.5, 2943.9),
		Vector3.new(-613, 2013.3000000000002, 2944.1000000000004),
		Vector3.new(-613, 2014.7, 2944.2000000000003),
		Vector3.new(-613, 2016.1000000000001, 2944.2000000000003),
	},
	{
		Vector3.new(-613, 2016.1000000000001, 2944.2000000000003),
		Vector3.new(-613, 2017.4, 2943.8),
		Vector3.new(-613, 2019.2, 2943.3),
		Vector3.new(-613, 2020.7, 2942.9),
		Vector3.new(-613, 2022.7, 2942.5),
		Vector3.new(-613, 2024.3000000000002, 2942),
		Vector3.new(-613, 2026, 2941.5),
		Vector3.new(-613, 2028.1000000000001, 2940.8),
		Vector3.new(-613, 2030.4, 2940.2000000000003),
		Vector3.new(-613, 2032.4, 2939.7000000000003),
		Vector3.new(-613, 2034.3000000000002, 2939.1000000000004),
		Vector3.new(-613, 2035.9, 2938.4),
		Vector3.new(-613, 2037, 2937.9),
		Vector3.new(-613, 2037.8000000000002, 2937.4),
		Vector3.new(-613, 2038.8000000000002, 2936.2000000000003),
		Vector3.new(-613, 2038.1000000000001, 2937),
		Vector3.new(-613, 2036.9, 2937.2000000000003),
		Vector3.new(-613, 2034.9, 2937.2000000000003),
		Vector3.new(-613, 2032.8000000000002, 2937.1000000000004),
		Vector3.new(-613, 2030.8000000000002, 2937),
		Vector3.new(-613, 2032.5, 2936.5),
		Vector3.new(-613, 2034.3000000000002, 2936),
	},
	{
		Vector3.new(-613, 2034.3000000000002, 2936),
		Vector3.new(-613, 2030.9, 2937),
		Vector3.new(-613, 2029.4, 2937.5),
		Vector3.new(-613, 2027.7, 2938),
		Vector3.new(-613, 2024.6000000000001, 2938.3),
		Vector3.new(-613, 2026.7, 2938.7000000000003),
		Vector3.new(-613, 2028.6000000000001, 2938.9),
		Vector3.new(-613, 2030.2, 2938.9),
		Vector3.new(-613, 2031.4, 2938.7000000000003),
		Vector3.new(-613, 2024.8000000000002, 2938.4),
		Vector3.new(-613, 2022.8000000000002, 2938.2000000000003),
		Vector3.new(-613, 2021.1000000000001, 2938.1000000000004),
		Vector3.new(-613, 2019.5, 2937.8),
		Vector3.new(-613, 2017.6000000000001, 2937.3),
		Vector3.new(-613, 2016, 2936.8),
		Vector3.new(-613, 2014.8000000000002, 2936.3),
		Vector3.new(-613, 2014.1000000000001, 2936),
	},
	{
		Vector3.new(-613, 2014.1000000000001, 2936),
		Vector3.new(-613, 2018.4, 2937.5),
		Vector3.new(-613, 2017.2, 2937.4),
		Vector3.new(-613, 2016.1000000000001, 2937.4),
		Vector3.new(-613, 2016.9, 2938.1000000000004),
		Vector3.new(-613, 2018, 2939.1000000000004),
		Vector3.new(-613, 2019.4, 2940),
		Vector3.new(-613, 2020.8000000000002, 2940.6000000000004),
		Vector3.new(-613, 2022.3000000000002, 2940.9),
		Vector3.new(-613, 2016.2, 2937.5),
		Vector3.new(-613, 2015.3000000000002, 2937.1000000000004),
		Vector3.new(-613, 2013.4, 2937),
		Vector3.new(-613, 2012.5, 2936.7000000000003),
		Vector3.new(-613, 2011.4, 2936.4),
		Vector3.new(-613, 2013.2, 2936.9),
		Vector3.new(-613, 2014, 2937.7000000000003),
		Vector3.new(-613, 2015, 2938.8),
		Vector3.new(-613, 2015.9, 2939.9),
		Vector3.new(-613, 2016.6000000000001, 2940.8),
		Vector3.new(-613, 2016.7, 2941.7000000000003),
		Vector3.new(-613, 2016.4, 2942.5),
	},
	{
		Vector3.new(-613, 2016.4, 2942.5),
		Vector3.new(-613, 2019.8000000000002, 2932.2000000000003),
		Vector3.new(-613, 2020.4, 2933.2000000000003),
		Vector3.new(-613, 2021.5, 2934.4),
		Vector3.new(-613, 2022.6000000000001, 2935.6000000000004),
		Vector3.new(-613, 2023.3000000000002, 2936.5),
		Vector3.new(-613, 2024.3000000000002, 2936.1000000000004),
		Vector3.new(-613, 2025.6000000000001, 2935.2000000000003),
		Vector3.new(-613, 2025.7, 2934.2000000000003),
		Vector3.new(-613, 2026.1000000000001, 2933.2000000000003),
		Vector3.new(-613, 2026.9, 2931.6000000000004),
		Vector3.new(-613, 2027.9, 2930.5),
		Vector3.new(-613, 2027, 2931.6000000000004),
		Vector3.new(-613, 2026, 2932.3),
		Vector3.new(-613, 2025, 2932.8),
		Vector3.new(-613, 2023.9, 2933.1000000000004),
		Vector3.new(-613, 2025.6000000000001, 2935.2000000000003),
		Vector3.new(-613, 2026.4, 2935.6000000000004),
		Vector3.new(-613, 2028.5, 2935.5),
		Vector3.new(-613, 2029.9, 2935.7000000000003),
		Vector3.new(-613, 2030.9, 2935.6000000000004),
	},
	{
		Vector3.new(-613, 2030.9, 2935.6000000000004),
		Vector3.new(-613, 2032, 2935.2000000000003),
		Vector3.new(-613, 2032.2, 2934.2000000000003),
		Vector3.new(-613, 2032, 2933.1000000000004),
		Vector3.new(-613, 2031.7, 2931.8),
		Vector3.new(-613, 2031.2, 2930.9),
		Vector3.new(-613, 2030.5, 2930.2000000000003),
		Vector3.new(-613, 2030.6000000000001, 2929.2000000000003),
		Vector3.new(-613, 2030.5, 2928.2000000000003),
		Vector3.new(-613, 2031.2, 2927.2000000000003),
		Vector3.new(-613, 2031.7, 2926.1000000000004),
		Vector3.new(-613, 2032.1000000000001, 2924.6000000000004),
		Vector3.new(-613, 2032.7, 2922.6000000000004),
		Vector3.new(-613, 2033.2, 2920.8),
		Vector3.new(-613, 2033.8000000000002, 2919.1000000000004),
		Vector3.new(-613, 2034.7, 2917.4),
		Vector3.new(-613, 2034.7, 2916.6000000000004),
		Vector3.new(-613, 2033.8000000000002, 2917.4),
		Vector3.new(-613, 2032.6000000000001, 2918.4),
		Vector3.new(-613, 2031.7, 2919.3),
		Vector3.new(-613, 2031.1000000000001, 2920.2000000000003),
		Vector3.new(-613, 2030.7, 2921.3),
		Vector3.new(-613, 2031.2, 2922.2000000000003),
		Vector3.new(-613, 2031.4, 2923.4),
		Vector3.new(-613, 2031.4, 2924.7000000000003),
		Vector3.new(-613, 2031.2, 2925.7000000000003),
		Vector3.new(-613, 2030.8000000000002, 2926.8),
		Vector3.new(-613, 2030.2, 2927.8),
		Vector3.new(-613, 2030.8000000000002, 2928.8),
		Vector3.new(-613, 2032.1000000000001, 2929.1000000000004),
	},
	{
		Vector3.new(-613, 2032.1000000000001, 2929.1000000000004),
		Vector3.new(-613, 2034.2, 2929.3),
		Vector3.new(-613, 2036.8000000000002, 2929),
		Vector3.new(-613, 2037.1000000000001, 2928),
		Vector3.new(-613, 2037.1000000000001, 2926.8),
		Vector3.new(-613, 2036.9, 2925.5),
		Vector3.new(-613, 2036.5, 2924.2000000000003),
		Vector3.new(-613, 2035.4, 2925.2000000000003),
		Vector3.new(-613, 2034.1000000000001, 2926.3),
		Vector3.new(-613, 2033, 2927.3),
		Vector3.new(-613, 2032.1000000000001, 2927.8),
		Vector3.new(-613, 2030.7, 2928.7000000000003),
		Vector3.new(-613, 2030.2, 2927.8),
		Vector3.new(-613, 2029, 2928.6000000000004),
		Vector3.new(-613, 2029.4, 2927.4),
		Vector3.new(-613, 2029.5, 2926.5),
		Vector3.new(-613, 2029.2, 2925.6000000000004),
		Vector3.new(-613, 2028.8000000000002, 2927.7000000000003),
		Vector3.new(-613, 2028.6000000000001, 2926.9),
		Vector3.new(-613, 2028.4, 2925.9),
		Vector3.new(-613, 2028.7, 2925.1000000000004),
		Vector3.new(-613, 2029.3000000000002, 2925.7000000000003),
		Vector3.new(-613, 2029.1000000000001, 2928.5),
		Vector3.new(-613, 2028.1000000000001, 2928.4),
		Vector3.new(-613, 2027.4, 2927.9),
		Vector3.new(-613, 2026.4, 2927),
		Vector3.new(-613, 2025.5, 2925.9),
		Vector3.new(-613, 2024.9, 2924.8),
		Vector3.new(-613, 2024.6000000000001, 2923.8),
	},
	{
		Vector3.new(-613, 2024.6000000000001, 2923.8),
		Vector3.new(-613, 2025.4, 2923.1000000000004),
		Vector3.new(-613, 2026.6000000000001, 2922.8),
		Vector3.new(-613, 2027.8000000000002, 2922.4),
		Vector3.new(-613, 2028.8000000000002, 2921.8),
		Vector3.new(-613, 2029.7, 2921.4),
		Vector3.new(-613, 2030.8000000000002, 2921.2000000000003),
		Vector3.new(-613, 2029, 2930.8),
		Vector3.new(-613, 2028.8000000000002, 2931.6000000000004),
		Vector3.new(-613, 2029, 2932.6000000000004),
		Vector3.new(-613, 2029.6000000000001, 2933.2000000000003),
		Vector3.new(-613, 2029.8000000000002, 2932.3),
		Vector3.new(-613, 2029.8000000000002, 2931.5),
		Vector3.new(-613, 2029.6000000000001, 2930.7000000000003),
		Vector3.new(-613, 2030.5, 2930.2000000000003),
		Vector3.new(-613, 2029.6000000000001, 2930.7000000000003),
		Vector3.new(-613, 2028.8000000000002, 2930.6000000000004),
		Vector3.new(-613, 2027.9, 2930.4),
		Vector3.new(-613, 2027.9, 2929.4),
		Vector3.new(-613, 2028, 2928.3),
		Vector3.new(-613, 2027.8000000000002, 2929.5),
		Vector3.new(-613, 2026.6000000000001, 2930.2000000000003),
		Vector3.new(-613, 2024.8000000000002, 2930.7000000000003),
		Vector3.new(-613, 2022.9, 2931.1000000000004),
		Vector3.new(-613, 2021.4, 2931.5),
		Vector3.new(-613, 2019.7, 2932.1000000000004),
	},
	{
		Vector3.new(-613, 2019.7, 2932.1000000000004),
		Vector3.new(-613, 2023.6000000000001, 2927.1000000000004),
		Vector3.new(-613, 2024.8000000000002, 2927.3),
		Vector3.new(-613, 2026.1000000000001, 2927.7000000000003),
		Vector3.new(-613, 2027, 2928),
		Vector3.new(-613, 2027.9, 2928.5),
		Vector3.new(-613, 2026.4, 2929.1000000000004),
		Vector3.new(-613, 2024.8000000000002, 2929.2000000000003),
		Vector3.new(-613, 2022.5, 2929.2000000000003),
		Vector3.new(-613, 2020.9, 2929),
		Vector3.new(-613, 2019.5, 2928.8),
		Vector3.new(-613, 2020, 2927.4),
		Vector3.new(-613, 2021, 2925.9),
		Vector3.new(-613, 2021.8000000000002, 2924.6000000000004),
		Vector3.new(-613, 2022.5, 2923.2000000000003),
		Vector3.new(-613, 2023.7, 2923.7000000000003),
		Vector3.new(-613, 2024.7, 2924.2000000000003),
	},
	{
		Vector3.new(-613, 2024.7, 2924.2000000000003),
		Vector3.new(-613, 2032.1000000000001, 2934.4),
		Vector3.new(-613, 2032.9, 2934.7000000000003),
		Vector3.new(-613, 2033.7, 2934.8),
		Vector3.new(-613, 2035.2, 2934.8),
		Vector3.new(-613, 2034.4, 2934.1000000000004),
		Vector3.new(-613, 2033.8000000000002, 2933.3),
		Vector3.new(-613, 2033, 2932.1000000000004),
		Vector3.new(-613, 2032, 2930.4),
		Vector3.new(-613, 2030.5, 2929.9),
		Vector3.new(-613, 2032, 2930.4),
		Vector3.new(-613, 2031.4, 2929.7000000000003),
		Vector3.new(-613, 2030.6000000000001, 2929.1000000000004),
		Vector3.new(-613, 2035, 2934.6000000000004),
		Vector3.new(-613, 2035.7, 2935.2000000000003),
		Vector3.new(-613, 2036.7, 2935.7000000000003),
		Vector3.new(-613, 2037.8000000000002, 2936),
		Vector3.new(-613, 2038.8000000000002, 2936.2000000000003),
	},
	{
		Vector3.new(-613, 2038.8000000000002, 2936.2000000000003),
		Vector3.new(-613, 2039.5, 2935.8),
		Vector3.new(-613, 2039.7, 2934.8),
		Vector3.new(-613, 2040.1000000000001, 2933.4),
		Vector3.new(-613, 2039.8000000000002, 2934.4),
		Vector3.new(-613, 2039.6000000000001, 2935.2000000000003),
		Vector3.new(-613, 2038.6000000000001, 2935.1000000000004),
		Vector3.new(-613, 2037.6000000000001, 2934.8),
		Vector3.new(-613, 2036.6000000000001, 2934.3),
		Vector3.new(-613, 2035.6000000000001, 2933.5),
		Vector3.new(-613, 2034.5, 2932.3),
		Vector3.new(-613, 2034, 2931.4),
		Vector3.new(-613, 2033.2, 2930.1000000000004),
		Vector3.new(-613, 2032.5, 2929.2000000000003),
		Vector3.new(-613, 2033.5, 2929.2000000000003),
		Vector3.new(-613, 2033.8000000000002, 2930),
		Vector3.new(-613, 2034.6000000000001, 2931.2000000000003),
		Vector3.new(-613, 2035.2, 2932.2000000000003),
		Vector3.new(-613, 2036.1000000000001, 2932.9),
		Vector3.new(-613, 2036.9, 2933.6000000000004),
		Vector3.new(-613, 2038.1000000000001, 2934.1000000000004),
		Vector3.new(-613, 2039, 2934.3),
		Vector3.new(-613, 2039.8000000000002, 2934.3),
		Vector3.new(-613, 2040.3000000000002, 2933),
		Vector3.new(-613, 2040.6000000000001, 2932.1000000000004),
		Vector3.new(-613, 2041.2, 2930.7000000000003),
		Vector3.new(-613, 2042, 2929.1000000000004),
		Vector3.new(-613, 2042.9, 2927.7000000000003),
		Vector3.new(-613, 2043.6000000000001, 2926.4),
		Vector3.new(-613, 2042.1000000000001, 2926.4),
		Vector3.new(-613, 2041.2, 2926.4),
		Vector3.new(-613, 2040.5, 2926.9),
		Vector3.new(-613, 2041.2, 2926.4),
	},
	{
		Vector3.new(-613, 2041.2, 2926.4),
		Vector3.new(-613, 2042.2, 2926.4),
		Vector3.new(-613, 2041.6000000000001, 2926.9),
		Vector3.new(-613, 2041.2, 2927.8),
		Vector3.new(-613, 2042, 2927.3),
		Vector3.new(-613, 2042.6000000000001, 2926.7000000000003),
		Vector3.new(-613, 2042, 2927.3),
		Vector3.new(-613, 2041.1000000000001, 2927.9),
		Vector3.new(-613, 2040.1000000000001, 2928.3),
		Vector3.new(-613, 2039.1000000000001, 2928.6000000000004),
		Vector3.new(-613, 2038.7, 2927.7000000000003),
		Vector3.new(-613, 2038.1000000000001, 2927.2000000000003),
		Vector3.new(-613, 2038.7, 2927.7000000000003),
		Vector3.new(-613, 2039.1000000000001, 2928.6000000000004),
		Vector3.new(-613, 2038.3000000000002, 2928.8),
		Vector3.new(-613, 2036.8000000000002, 2929.1000000000004),
		Vector3.new(-613, 2036.5, 2924.2000000000003),
		Vector3.new(-613, 2037.3000000000002, 2923.3),
		Vector3.new(-613, 2038.3000000000002, 2922.4),
		Vector3.new(-613, 2038.9, 2921.7000000000003),
		Vector3.new(-613, 2038.8000000000002, 2922.8),
		Vector3.new(-613, 2038.5, 2924.4),
		Vector3.new(-613, 2038, 2925.2000000000003),
		Vector3.new(-613, 2038.8000000000002, 2921.8),
		Vector3.new(-613, 2040, 2920.6000000000004),
		Vector3.new(-613, 2041.2, 2919.4),
		Vector3.new(-613, 2042.1000000000001, 2918.5),
		Vector3.new(-613, 2043.3000000000002, 2917.8),
		Vector3.new(-613, 2042.6000000000001, 2918.2000000000003),
	},
	{
		Vector3.new(-613, 2042.6000000000001, 2918.2000000000003),
		Vector3.new(-613, 2043.5, 2918.7000000000003),
		Vector3.new(-613, 2044.5, 2918.9),
		Vector3.new(-613, 2045.8000000000002, 2918.9),
		Vector3.new(-613, 2046.9, 2918.7000000000003),
		Vector3.new(-613, 2046.2, 2919.9),
		Vector3.new(-613, 2045.4, 2921.3),
		Vector3.new(-613, 2044.6000000000001, 2923.2000000000003),
		Vector3.new(-613, 2043.9, 2925.2000000000003),
		Vector3.new(-613, 2043.6000000000001, 2926.4),
		Vector3.new(-613, 2043.8000000000002, 2927.6000000000004),
		Vector3.new(-613, 2044.3000000000002, 2928.6000000000004),
		Vector3.new(-613, 2044.7, 2929.3),
		Vector3.new(-613, 2043.7, 2929.4),
		Vector3.new(-613, 2042.8000000000002, 2929.4),
		Vector3.new(-613, 2042, 2929.3),
		Vector3.new(-613, 2031.8000000000002, 2928),
		Vector3.new(-613, 2032.4, 2927.2000000000003),
		Vector3.new(-613, 2032.8000000000002, 2926.3),
		Vector3.new(-613, 2033.2, 2925),
		Vector3.new(-613, 2033.8000000000002, 2923.2000000000003),
		Vector3.new(-613, 2034.4, 2921),
		Vector3.new(-613, 2034.9, 2919.7000000000003),
	},
	{
		Vector3.new(-613, 2034.9, 2919.7000000000003),
		Vector3.new(-613, 2035.4, 2918.7000000000003),
		Vector3.new(-613, 2034.9, 2918),
		Vector3.new(-613, 2034.7, 2917.1000000000004),
		Vector3.new(-613, 2034.8000000000002, 2916.1000000000004),
		Vector3.new(-613, 2035.5, 2914.7000000000003),
		Vector3.new(-613, 2036.6000000000001, 2913.4),
		Vector3.new(-613, 2037.8000000000002, 2912.8),
		Vector3.new(-613, 2039, 2912.5),
		Vector3.new(-613, 2040, 2912.4),
		Vector3.new(-613, 2036, 2918.9),
		Vector3.new(-613, 2035.2, 2918.5),
		Vector3.new(-613, 2036, 2918.9),
		Vector3.new(-613, 2035.5, 2918.2000000000003),
		Vector3.new(-613, 2035.3000000000002, 2917.3),
		Vector3.new(-613, 2035.7, 2916.6000000000004),
		Vector3.new(-613, 2036.5, 2915.7000000000003),
		Vector3.new(-613, 2037.5, 2915.2000000000003),
		Vector3.new(-613, 2036.7, 2916.4),
		Vector3.new(-613, 2035.6000000000001, 2918.3),
		Vector3.new(-613, 2033.2, 2927.1000000000004),
	},
	{
		Vector3.new(-613, 2033.2, 2927.1000000000004),
		Vector3.new(-613, 2033.7, 2925.6000000000004),
		Vector3.new(-613, 2034.2, 2923.7000000000003),
		Vector3.new(-613, 2034.6000000000001, 2922.5),
		Vector3.new(-613, 2035, 2921.2000000000003),
		Vector3.new(-613, 2035.7, 2919.4),
		Vector3.new(-613, 2036.3000000000002, 2918.3),
		Vector3.new(-613, 2037, 2917.1000000000004),
		Vector3.new(-613, 2038.4, 2914.9),
		Vector3.new(-613, 2037.4, 2915.2000000000003),
		Vector3.new(-613, 2038.5, 2914.8),
		Vector3.new(-613, 2039.6000000000001, 2914.8),
		Vector3.new(-613, 2040.6000000000001, 2914.9),
		Vector3.new(-613, 2041.8000000000002, 2915.2000000000003),
		Vector3.new(-613, 2043, 2915.5),
		Vector3.new(-613, 2043.2, 2916.3),
		Vector3.new(-613, 2043.8000000000002, 2917.1000000000004),
		Vector3.new(-613, 2044.2, 2917.9),
		Vector3.new(-613, 2044.3000000000002, 2918.8),
		Vector3.new(-613, 2043.2, 2916.3),
		Vector3.new(-613, 2044, 2916.6000000000004),
		Vector3.new(-613, 2044.9, 2916.9),
		Vector3.new(-613, 2046.3000000000002, 2917.1000000000004),
		Vector3.new(-613, 2047.2, 2917.1000000000004),
		Vector3.new(-613, 2048.1, 2917.1000000000004),
		Vector3.new(-613, 2047.3000000000002, 2918),
		Vector3.new(-613, 2046.8000000000002, 2918.9),
		Vector3.new(-613, 2047.3000000000002, 2918.1000000000004),
		Vector3.new(-613, 2048.2000000000003, 2917.1000000000004),
		Vector3.new(-613, 2049, 2916.2000000000003),
	},
	{
		Vector3.new(-613, 2049, 2916.2000000000003),
		Vector3.new(-613, 2050.2000000000003, 2915.3),
		Vector3.new(-613, 2048.4, 2915.7000000000003),
		Vector3.new(-613, 2046.9, 2915.9),
		Vector3.new(-613, 2045.3000000000002, 2915.9),
		Vector3.new(-613, 2043.8000000000002, 2915.7000000000003),
		Vector3.new(-613, 2042.5, 2915.4),
		Vector3.new(-613, 2034.8000000000002, 2916.1000000000004),
		Vector3.new(-613, 2035.1000000000001, 2914.9),
		Vector3.new(-613, 2035.4, 2913.8),
		Vector3.new(-613, 2036.1000000000001, 2912.7000000000003),
		Vector3.new(-613, 2037.2, 2912),
		Vector3.new(-613, 2038.2, 2911.6000000000004),
		Vector3.new(-613, 2039.5, 2911.4),
		Vector3.new(-613, 2040.8000000000002, 2911.5),
		Vector3.new(-613, 2042.2, 2911.8),
		Vector3.new(-613, 2043.3000000000002, 2912.5),
		Vector3.new(-613, 2044.8000000000002, 2913.2000000000003),
		Vector3.new(-613, 2046.3000000000002, 2913.6000000000004),
		Vector3.new(-613, 2047.8000000000002, 2913.7000000000003),
		Vector3.new(-613, 2048.8, 2913.7000000000003),
	},
	{
		Vector3.new(-613, 2048.8, 2913.7000000000003),
		Vector3.new(-613, 2042.2, 2911.8),
		Vector3.new(-613, 2044, 2912.2000000000003),
		Vector3.new(-613, 2047, 2912.6000000000004),
		Vector3.new(-613, 2045.2, 2912.1000000000004),
		Vector3.new(-613, 2043.9, 2911.7000000000003),
		Vector3.new(-613, 2042.2, 2910.7000000000003),
		Vector3.new(-613, 2040.7, 2909.6000000000004),
		Vector3.new(-613, 2041.4, 2910.8),
		Vector3.new(-613, 2041.7, 2911.7000000000003),
		Vector3.new(-613, 2040.7, 2909.6000000000004),
		Vector3.new(-613, 2040.2, 2910.6000000000004),
		Vector3.new(-613, 2039.8000000000002, 2911.4),
		Vector3.new(-613, 2040.2, 2910.6000000000004),
		Vector3.new(-613, 2040.7, 2909.5),
		Vector3.new(-613, 2040, 2908.4),
		Vector3.new(-613, 2040, 2909.5),
		Vector3.new(-613, 2039.5, 2910.6000000000004),
		Vector3.new(-613, 2039, 2911.5),
		Vector3.new(-613, 2038.2, 2911.6000000000004),
		Vector3.new(-613, 2037.1000000000001, 2912),
		Vector3.new(-613, 2037.9, 2911.1000000000004),
		Vector3.new(-613, 2038.5, 2909.9),
		Vector3.new(-613, 2038.9, 2909.1000000000004),
	},
	{
		Vector3.new(-613, 2038.9, 2909.1000000000004),
		Vector3.new(-613, 2039, 2908),
		Vector3.new(-613, 2037.9, 2907.3),
		Vector3.new(-613, 2039, 2907.4),
		Vector3.new(-613, 2040, 2908.4),
		Vector3.new(-613, 2040.3000000000002, 2932.7000000000003),
		Vector3.new(-613, 2041.2, 2933),
		Vector3.new(-613, 2042.3000000000002, 2933.1000000000004),
		Vector3.new(-613, 2044.1000000000001, 2933.1000000000004),
		Vector3.new(-613, 2045.5, 2932.9),
		Vector3.new(-613, 2046.6000000000001, 2932.8),
		Vector3.new(-613, 2045.9, 2931.7000000000003),
		Vector3.new(-613, 2045.4, 2930.6000000000004),
	},
	{
		Vector3.new(-613, 2045.4, 2930.6000000000004),
		Vector3.new(-613, 2044.7, 2929.4),
		Vector3.new(-613, 2046.5, 2932.7000000000003),
		Vector3.new(-613, 2047.4, 2933.8),
		Vector3.new(-613, 2048.2000000000003, 2934.7000000000003),
		Vector3.new(-613, 2046.8000000000002, 2934.9),
		Vector3.new(-613, 2045.2, 2935.4),
		Vector3.new(-613, 2043.5, 2935.8),
		Vector3.new(-613, 2042.2, 2936.3),
		Vector3.new(-613, 2040.7, 2936.7000000000003),
		Vector3.new(-613, 2039.7, 2936.7000000000003),
		Vector3.new(-613, 2038.6000000000001, 2936.5),
		Vector3.new(-613, 2048.1, 2934.6000000000004),
		Vector3.new(-613, 2048.8, 2935.2000000000003),
		Vector3.new(-613, 2050.1, 2935.7000000000003),
		Vector3.new(-613, 2051.3, 2936),
		Vector3.new(-613, 2052.9, 2936.1000000000004),
		Vector3.new(-613, 2051.3, 2936.1000000000004),
		Vector3.new(-613, 2049.9, 2936.3),
		Vector3.new(-613, 2048.6, 2936.7000000000003),
	},
	{
		Vector3.new(-613, 2048.6, 2936.7000000000003),
		Vector3.new(-613, 2046.9, 2937.4),
		Vector3.new(-613, 2045.6000000000001, 2938.3),
		Vector3.new(-613, 2044.1000000000001, 2939.2000000000003),
		Vector3.new(-613, 2042.6000000000001, 2940.3),
		Vector3.new(-613, 2041.4, 2941),
		Vector3.new(-613, 2039.9, 2941.6000000000004),
		Vector3.new(-613, 2038.4, 2941.8),
		Vector3.new(-613, 2036.7, 2941.7000000000003),
		Vector3.new(-613, 2035.6000000000001, 2941.3),
		Vector3.new(-613, 2034.9, 2940.6000000000004),
		Vector3.new(-613, 2034.6000000000001, 2939.5),
		Vector3.new(-613, 2034.6000000000001, 2941),
		Vector3.new(-613, 2035.4, 2942.3),
		Vector3.new(-613, 2036.7, 2943.1000000000004),
		Vector3.new(-613, 2038.4, 2943.3),
		Vector3.new(-613, 2040.5, 2943.2000000000003),
		Vector3.new(-613, 2042.1000000000001, 2942.7000000000003),
		Vector3.new(-613, 2043.6000000000001, 2942),
		Vector3.new(-613, 2044.7, 2941.3),
		Vector3.new(-613, 2045.5, 2940.7000000000003),
		Vector3.new(-613, 2040.5, 2943.2000000000003),
		Vector3.new(-613, 2039.4, 2943.9),
	},
	{
		Vector3.new(-613, 2039.4, 2943.9),
		Vector3.new(-613, 2038.1000000000001, 2944.7000000000003),
		Vector3.new(-613, 2035.7, 2945.4),
		Vector3.new(-613, 2033.7, 2945.8),
		Vector3.new(-613, 2032.6000000000001, 2945.7000000000003),
		Vector3.new(-613, 2031.2, 2945.6000000000004),
		Vector3.new(-613, 2034.9, 2938.8),
		Vector3.new(-613, 2035.7, 2939.1000000000004),
		Vector3.new(-613, 2037, 2939),
		Vector3.new(-613, 2038.6000000000001, 2938.8),
		Vector3.new(-613, 2040.1000000000001, 2938.2000000000003),
		Vector3.new(-613, 2041.7, 2937.3),
		Vector3.new(-613, 2043, 2936.5),
		Vector3.new(-613, 2044.4, 2935.8),
		Vector3.new(-613, 2046, 2935.2000000000003),
	},
	{
		Vector3.new(-613, 2046, 2935.2000000000003),
		Vector3.new(-613, 2035.4, 2942.3),
		Vector3.new(-613, 2034.3000000000002, 2942.9),
		Vector3.new(-613, 2032.7, 2943.3),
		Vector3.new(-613, 2031.4, 2943.3),
		Vector3.new(-613, 2030.1000000000001, 2943),
		Vector3.new(-613, 2029.2, 2942.5),
		Vector3.new(-613, 2028.4, 2941.9),
		Vector3.new(-613, 2027.8000000000002, 2940.9),
		Vector3.new(-613, 2034.3000000000002, 2942.9),
		Vector3.new(-613, 2032.8000000000002, 2943.6000000000004),
		Vector3.new(-613, 2031, 2944.1000000000004),
		Vector3.new(-613, 2029.8000000000002, 2944.3),
		Vector3.new(-613, 2028.6000000000001, 2944.2000000000003),
		Vector3.new(-613, 2027.6000000000001, 2943.7000000000003),
		Vector3.new(-613, 2026.9, 2943.2000000000003),
		Vector3.new(-613, 2026.6000000000001, 2942.2000000000003),
	},
	{
		Vector3.new(-613, 2026.6000000000001, 2942.2000000000003),
		Vector3.new(-613, 2026.6000000000001, 2943.7000000000003),
		Vector3.new(-613, 2027, 2944.9),
		Vector3.new(-613, 2027.6000000000001, 2945.9),
		Vector3.new(-613, 2028.7, 2946.8),
		Vector3.new(-613, 2030.1000000000001, 2947.6000000000004),
		Vector3.new(-613, 2031.6000000000001, 2948.2000000000003),
		Vector3.new(-613, 2033.1000000000001, 2948.6000000000004),
		Vector3.new(-613, 2034.7, 2948.5),
		Vector3.new(-613, 2036, 2948.4),
		Vector3.new(-613, 2037.8000000000002, 2947.9),
		Vector3.new(-613, 2039.3000000000002, 2947.4),
		Vector3.new(-613, 2040.9, 2946.4),
		Vector3.new(-613, 2042.1000000000001, 2945.5),
		Vector3.new(-613, 2040.9, 2946.4),
		Vector3.new(-613, 2039.3000000000002, 2947.4),
		Vector3.new(-613, 2037.9, 2948.3),
		Vector3.new(-613, 2036.7, 2949.3),
		Vector3.new(-613, 2035.4, 2950),
		Vector3.new(-613, 2034.1000000000001, 2950.7000000000003),
		Vector3.new(-613, 2032.7, 2951),
		Vector3.new(-613, 2031.5, 2951),
		Vector3.new(-613, 2030.4, 2950.7000000000003),
		Vector3.new(-613, 2029.6000000000001, 2950.1000000000004),
		Vector3.new(-613, 2029, 2949.2000000000003),
		Vector3.new(-613, 2029.6000000000001, 2950.6000000000004),
	},
	{
		Vector3.new(-613, 2029.6000000000001, 2950.6000000000004),
		Vector3.new(-613, 2030.5, 2951.4),
		Vector3.new(-613, 2031.7, 2951.9),
		Vector3.new(-613, 2033.6000000000001, 2952.2000000000003),
		Vector3.new(-613, 2035.6000000000001, 2951.9),
		Vector3.new(-613, 2037.4, 2951.2000000000003),
		Vector3.new(-613, 2038.8000000000002, 2950.5),
		Vector3.new(-613, 2040.4, 2949.3),
		Vector3.new(-613, 2041.9, 2947.9),
		Vector3.new(-613, 2043.2, 2946.5),
		Vector3.new(-613, 2044.4, 2945.1000000000004),
		Vector3.new(-613, 2045.8000000000002, 2943.5),
		Vector3.new(-613, 2046.7, 2942.7000000000003),
		Vector3.new(-613, 2048.3, 2941.2000000000003),
		Vector3.new(-613, 2049.8, 2939.9),
		Vector3.new(-613, 2051.2000000000003, 2938.9),
		Vector3.new(-613, 2052.8, 2938),
		Vector3.new(-613, 2054, 2937.7000000000003),
		Vector3.new(-613, 2053.6, 2936.9),
		Vector3.new(-613, 2053, 2936.1000000000004),
		Vector3.new(-613, 2053.9, 2936.8),
		Vector3.new(-613, 2055.2000000000003, 2937.4),
		Vector3.new(-613, 2056.9, 2937.8),
	},
	{
		Vector3.new(-613, 2056.9, 2937.8),
		Vector3.new(-613, 2059.3, 2938.2000000000003),
		Vector3.new(-613, 2061.5, 2938.3),
		Vector3.new(-613, 2063.6, 2938.1000000000004),
		Vector3.new(-613, 2065.6, 2937.7000000000003),
		Vector3.new(-613, 2067.2000000000003, 2937.3),
	},
	{
		Vector3.new(-613, 2067.2000000000003, 2937.3),
		Vector3.new(-613, 2037.5, 2951.1000000000004),
		Vector3.new(-613, 2038.2, 2951.9),
		Vector3.new(-613, 2039.3000000000002, 2952.4),
		Vector3.new(-613, 2040.7, 2952.5),
		Vector3.new(-613, 2042.2, 2952.1000000000004),
	},
	{
		Vector3.new(-613, 2042.2, 2952.1000000000004),
		Vector3.new(-613, 2043.5, 2951.3),
		Vector3.new(-613, 2045, 2950),
		Vector3.new(-613, 2046.2, 2948.7000000000003),
		Vector3.new(-613, 2047.3000000000002, 2946.9),
		Vector3.new(-613, 2048.5, 2945.1000000000004),
		Vector3.new(-613, 2049.5, 2943.7000000000003),
		Vector3.new(-613, 2050.6, 2942.4),
		Vector3.new(-613, 2051.8, 2941.5),
		Vector3.new(-613, 2052.9, 2940.8),
		Vector3.new(-613, 2054.3, 2940.2000000000003),
		Vector3.new(-613, 2056.1, 2939.9),
		Vector3.new(-613, 2054.1, 2940),
		Vector3.new(-613, 2052.2000000000003, 2940.6000000000004),
		Vector3.new(-613, 2050.3, 2941.3),
		Vector3.new(-613, 2048.3, 2942.3),
		Vector3.new(-613, 2046.6000000000001, 2943.5),
		Vector3.new(-613, 2045, 2944.8),
		Vector3.new(-613, 2043.2, 2946.5),
	},
	{
		Vector3.new(-613, 2043.2, 2946.5),
		Vector3.new(-613, 2038.1000000000001, 2950.8),
		Vector3.new(-613, 2038.7, 2951.3),
		Vector3.new(-613, 2039.9, 2951.5),
		Vector3.new(-613, 2041.3000000000002, 2951.3),
		Vector3.new(-613, 2042.6000000000001, 2950.7000000000003),
		Vector3.new(-613, 2043.9, 2949.5),
		Vector3.new(-613, 2045, 2948.1000000000004),
		Vector3.new(-613, 2045.8000000000002, 2946.7000000000003),
		Vector3.new(-613, 2046.5, 2945.3),
		Vector3.new(-613, 2047.3000000000002, 2943.9),
		Vector3.new(-613, 2048, 2942.9),
		Vector3.new(-613, 2049.2000000000003, 2941.8),
		Vector3.new(-613, 2054, 2937.7000000000003),
		Vector3.new(-613, 2054.6, 2938.5),
		Vector3.new(-613, 2055.7000000000003, 2939.6000000000004),
		Vector3.new(-613, 2056.6, 2940.3),
		Vector3.new(-613, 2057.8, 2941),
		Vector3.new(-613, 2059.2000000000003, 2941.4),
		Vector3.new(-613, 2060.8, 2941.8),
	},
	{
		Vector3.new(-613, 2060.8, 2941.8),
		Vector3.new(-613, 2062.6, 2941.8),
		Vector3.new(-613, 2064.5, 2941.6000000000004),
		Vector3.new(-613, 2065.9, 2941.2000000000003),
		Vector3.new(-613, 2067.6, 2940.6000000000004),
		Vector3.new(-613, 2068.6, 2939.9),
		Vector3.new(-613, 2067.7000000000003, 2940.6000000000004),
		Vector3.new(-613, 2065.9, 2941.3),
		Vector3.new(-613, 2064.6, 2941.8),
		Vector3.new(-613, 2063.1, 2942.4),
		Vector3.new(-613, 2061.7000000000003, 2942.7000000000003),
		Vector3.new(-613, 2060.3, 2942.9),
		Vector3.new(-613, 2058.8, 2942.9),
		Vector3.new(-613, 2057.7000000000003, 2942.6000000000004),
		Vector3.new(-613, 2056.8, 2942),
		Vector3.new(-613, 2057.7000000000003, 2943),
		Vector3.new(-613, 2059.2000000000003, 2943.4),
		Vector3.new(-613, 2061, 2943.6000000000004),
		Vector3.new(-613, 2062.6, 2943.6000000000004),
		Vector3.new(-613, 2064.8, 2943.2000000000003),
		Vector3.new(-613, 2066.8, 2942.4),
		Vector3.new(-613, 2068.6, 2941.6000000000004),
		Vector3.new(-613, 2070.6, 2940.5),
	},
	{
		Vector3.new(-613, 2070.6, 2940.5),
		Vector3.new(-613, 2072.7000000000003, 2939.1000000000004),
		Vector3.new(-613, 2075.1, 2937.1000000000004),
		Vector3.new(-613, 2076, 2937.5),
		Vector3.new(-613, 2077.4, 2937.5),
		Vector3.new(-613, 2079.3, 2937.4),
		Vector3.new(-613, 2080.7000000000003, 2937.1000000000004),
		Vector3.new(-613, 2082, 2937.2000000000003),
		Vector3.new(-613, 2083.7000000000003, 2937.3),
		Vector3.new(-613, 2085.1, 2937.2000000000003),
		Vector3.new(-613, 2086.5, 2936.8),
		Vector3.new(-613, 2087.5, 2936),
		Vector3.new(-613, 2087.7000000000003, 2935.1000000000004),
		Vector3.new(-613, 2087.4, 2934.1000000000004),
		Vector3.new(-613, 2087, 2932.4),
		Vector3.new(-613, 2086.2000000000003, 2930.3),
		Vector3.new(-613, 2085.6, 2929),
		Vector3.new(-613, 2084.8, 2927.7000000000003),
		Vector3.new(-613, 2083.6, 2926.2000000000003),
		Vector3.new(-613, 2082.8, 2925.3),
		Vector3.new(-613, 2081.7000000000003, 2924.6000000000004),
		Vector3.new(-613, 2081, 2925.1000000000004),
		Vector3.new(-613, 2080.1, 2925.3),
		Vector3.new(-613, 2080.9, 2926.6000000000004),
		Vector3.new(-613, 2081.7000000000003, 2928),
	},
	{
		Vector3.new(-613, 2081.7000000000003, 2928),
		Vector3.new(-613, 2082.3, 2929.7000000000003),
		Vector3.new(-613, 2082.7000000000003, 2931.2000000000003),
		Vector3.new(-613, 2082.8, 2932.3),
		Vector3.new(-613, 2075, 2937.1000000000004),
		Vector3.new(-613, 2075.9, 2936.2000000000003),
		Vector3.new(-613, 2076.8, 2935.1000000000004),
		Vector3.new(-613, 2077.7000000000003, 2933.8),
		Vector3.new(-613, 2078.5, 2932.4),
		Vector3.new(-613, 2079.1, 2931),
		Vector3.new(-613, 2079.6, 2929.6000000000004),
		Vector3.new(-613, 2079.9, 2927.9),
		Vector3.new(-613, 2080.1, 2926.7000000000003),
		Vector3.new(-613, 2080.2000000000003, 2925.3),
		Vector3.new(-613, 2079.7000000000003, 2923.6000000000004),
		Vector3.new(-613, 2078.9, 2924.4),
		Vector3.new(-613, 2079.7000000000003, 2923.5),
		Vector3.new(-613, 2080, 2922.7000000000003),
		Vector3.new(-613, 2080.2000000000003, 2921.5),
		Vector3.new(-613, 2080.2000000000003, 2920.5),
		Vector3.new(-613, 2080.9, 2919.9),
		Vector3.new(-613, 2081.7000000000003, 2919.3),
		Vector3.new(-613, 2082.2000000000003, 2920.3),
	},
	{
		Vector3.new(-613, 2082.2000000000003, 2920.3),
		Vector3.new(-613, 2082.2000000000003, 2921.4),
		Vector3.new(-613, 2081.8, 2922.6000000000004),
		Vector3.new(-613, 2082.1, 2923.9),
		Vector3.new(-613, 2081.6, 2924.7000000000003),
		Vector3.new(-613, 2080.2000000000003, 2920.5),
		Vector3.new(-613, 2080.2000000000003, 2919.7000000000003),
		Vector3.new(-613, 2080.1, 2918.8),
		Vector3.new(-613, 2080.6, 2918.1000000000004),
		Vector3.new(-613, 2081.1, 2916.4),
		Vector3.new(-613, 2081.5, 2914.8),
		Vector3.new(-613, 2081.6, 2912.5),
		Vector3.new(-613, 2081.7000000000003, 2919.3),
		Vector3.new(-613, 2082.8, 2918),
		Vector3.new(-613, 2083.8, 2916.6000000000004),
		Vector3.new(-613, 2084.8, 2914.6000000000004),
		Vector3.new(-613, 2085.7000000000003, 2912.4),
		Vector3.new(-613, 2086.1, 2911.1000000000004),
		Vector3.new(-613, 2086.5, 2909.5),
		Vector3.new(-613, 2086.8, 2908),
	},
	{
		Vector3.new(-613, 2086.8, 2908),
		Vector3.new(-613, 2086.9, 2906.4),
		Vector3.new(-613, 2086.6, 2905.3),
		Vector3.new(-613, 2085.9, 2904.7000000000003),
		Vector3.new(-613, 2084.8, 2904.4),
		Vector3.new(-613, 2083.1, 2904.6000000000004),
		Vector3.new(-613, 2081.5, 2904.9),
		Vector3.new(-613, 2079.9, 2905.3),
		Vector3.new(-613, 2078.6, 2905.7000000000003),
		Vector3.new(-613, 2077.1, 2905.7000000000003),
		Vector3.new(-613, 2075.3, 2905.9),
		Vector3.new(-613, 2073.9, 2906.1000000000004),
		Vector3.new(-613, 2072.5, 2906.5),
		Vector3.new(-613, 2071.8, 2907.1000000000004),
		Vector3.new(-613, 2072.9, 2907.8),
		Vector3.new(-613, 2074.3, 2908.9),
		Vector3.new(-613, 2075.2000000000003, 2909.8),
		Vector3.new(-613, 2076.8, 2911.5),
		Vector3.new(-613, 2077.9, 2913.3),
		Vector3.new(-613, 2078.9, 2914.9),
		Vector3.new(-613, 2079.6, 2916.7000000000003),
		Vector3.new(-613, 2079.9, 2918.1000000000004),
		Vector3.new(-613, 2080.2000000000003, 2919.2000000000003),
	},
	{
		Vector3.new(-613, 2080.2000000000003, 2919.2000000000003),
		Vector3.new(-613, 2070.4, 2936.3),
		Vector3.new(-613, 2071.9, 2935.4),
		Vector3.new(-613, 2073.3, 2934.4),
		Vector3.new(-613, 2074.5, 2933.5),
		Vector3.new(-613, 2075.7000000000003, 2932.2000000000003),
		Vector3.new(-613, 2076.6, 2930.9),
		Vector3.new(-613, 2077.4, 2929.6000000000004),
		Vector3.new(-613, 2077.8, 2928.4),
		Vector3.new(-613, 2077.9, 2927.1000000000004),
	},
	{
		Vector3.new(-613, 2077.9, 2927.1000000000004),
		Vector3.new(-613, 2075.2000000000003, 2909.8),
		Vector3.new(-613, 2074.4, 2909.3),
		Vector3.new(-613, 2073.6, 2909.1000000000004),
		Vector3.new(-613, 2071.9, 2909.1000000000004),
		Vector3.new(-613, 2070.3, 2909.3),
		Vector3.new(-613, 2069, 2909.6000000000004),
		Vector3.new(-613, 2067.7000000000003, 2910.4),
		Vector3.new(-613, 2073.2000000000003, 2908.1000000000004),
		Vector3.new(-613, 2071.9, 2907.6000000000004),
		Vector3.new(-613, 2070.9, 2907.3),
		Vector3.new(-613, 2069.6, 2907.4),
		Vector3.new(-613, 2067.4, 2907.5),
	},
	{
		Vector3.new(-613, 2067.4, 2907.5),
		Vector3.new(-613, 2066, 2907.8),
		Vector3.new(-613, 2064.6, 2908.3),
		Vector3.new(-613, 2063.4, 2909),
		Vector3.new(-613, 2062.4, 2909.7000000000003),
		Vector3.new(-613, 2068.1, 2904.8),
		Vector3.new(-613, 2069.4, 2905.4),
		Vector3.new(-613, 2070.6, 2906),
		Vector3.new(-613, 2072.1, 2906.8),
		Vector3.new(-613, 2075.6, 2905.8),
		Vector3.new(-613, 2074.4, 2905.2000000000003),
		Vector3.new(-613, 2072.8, 2904.5),
		Vector3.new(-613, 2070.9, 2903.8),
		Vector3.new(-613, 2068.4, 2903),
		Vector3.new(-613, 2066.3, 2902.3),
		Vector3.new(-613, 2064.3, 2901.6000000000004),
		Vector3.new(-613, 2062.7000000000003, 2901),
		Vector3.new(-613, 2061, 2900.2000000000003),
	},
	{
		Vector3.new(-613, 2061, 2900.2000000000003),
		Vector3.new(-613, 2059.5, 2899.4),
		Vector3.new(-613, 2057.4, 2898),
		Vector3.new(-613, 2056, 2896.9),
		Vector3.new(-613, 2054.6, 2895.6000000000004),
		Vector3.new(-613, 2052.8, 2894.3),
		Vector3.new(-613, 2051.1, 2893.2000000000003),
		Vector3.new(-613, 2049.7000000000003, 2892.7000000000003),
		Vector3.new(-613, 2048.3, 2892.4),
		Vector3.new(-613, 2046.6000000000001, 2892.5),
		Vector3.new(-613, 2045.4, 2892.6000000000004),
		Vector3.new(-613, 2044.2, 2893.2000000000003),
		Vector3.new(-613, 2045.2, 2894),
		Vector3.new(-613, 2046.6000000000001, 2893.5),
		Vector3.new(-613, 2047.9, 2893.3),
		Vector3.new(-613, 2049.2000000000003, 2893.6000000000004),
		Vector3.new(-613, 2050.8, 2894.2000000000003),
		Vector3.new(-613, 2052.4, 2895.4),
		Vector3.new(-613, 2053.9, 2896.9),
		Vector3.new(-613, 2055.2000000000003, 2898.5),
		Vector3.new(-613, 2056.5, 2899.9),
		Vector3.new(-613, 2058.5, 2901.6000000000004),
	},
	{
		Vector3.new(-613, 2058.5, 2901.6000000000004),
		Vector3.new(-613, 2060, 2902.4),
		Vector3.new(-613, 2061.3, 2902.8),
		Vector3.new(-613, 2060, 2902.4),
		Vector3.new(-613, 2058.6, 2901.6000000000004),
		Vector3.new(-613, 2057, 2901.3),
		Vector3.new(-613, 2054.8, 2900.6000000000004),
		Vector3.new(-613, 2053.5, 2900),
		Vector3.new(-613, 2052.3, 2899.4),
		Vector3.new(-613, 2051, 2898.7000000000003),
		Vector3.new(-613, 2049.6, 2897.7000000000003),
		Vector3.new(-613, 2048.1, 2896.6000000000004),
		Vector3.new(-613, 2046.8000000000002, 2895.4),
		Vector3.new(-613, 2045.2, 2894),
		Vector3.new(-613, 2044.1000000000001, 2893.1000000000004),
		Vector3.new(-613, 2042.9, 2892.2000000000003),
		Vector3.new(-613, 2041.6000000000001, 2891.3),
		Vector3.new(-613, 2040.1000000000001, 2890.6000000000004),
		Vector3.new(-613, 2038.3000000000002, 2890.1000000000004),
		Vector3.new(-613, 2036.5, 2889.8),
		Vector3.new(-613, 2035.1000000000001, 2889.9),
		Vector3.new(-613, 2033.4, 2890.3),
		Vector3.new(-613, 2032, 2891),
		Vector3.new(-613, 2031.1000000000001, 2891.8),
	},
	{
		Vector3.new(-613, 2031.1000000000001, 2891.8),
		Vector3.new(-613, 2030.4, 2892.7000000000003),
		Vector3.new(-613, 2029.8000000000002, 2894),
		Vector3.new(-613, 2030.7, 2892.8),
		Vector3.new(-613, 2031.7, 2892.2000000000003),
		Vector3.new(-613, 2032.8000000000002, 2891.8),
		Vector3.new(-613, 2033.9, 2891.7000000000003),
		Vector3.new(-613, 2035.2, 2891.6000000000004),
		Vector3.new(-613, 2036.9, 2891.9),
		Vector3.new(-613, 2038.5, 2892.6000000000004),
		Vector3.new(-613, 2039.8000000000002, 2893.4),
		Vector3.new(-613, 2041.2, 2894.4),
		Vector3.new(-613, 2042.7, 2895.7000000000003),
		Vector3.new(-613, 2044.6000000000001, 2897.3),
		Vector3.new(-613, 2046.9, 2899),
		Vector3.new(-613, 2048.3, 2899.9),
		Vector3.new(-613, 2050.2000000000003, 2901.2000000000003),
		Vector3.new(-613, 2044.6000000000001, 2897.3),
		Vector3.new(-613, 2043.1000000000001, 2896.4),
		Vector3.new(-613, 2041.7, 2895.7000000000003),
	},
	{
		Vector3.new(-613, 2041.7, 2895.7000000000003),
		Vector3.new(-613, 2040.2, 2895),
		Vector3.new(-613, 2038.7, 2894.5),
		Vector3.new(-613, 2036.9, 2894.1000000000004),
		Vector3.new(-613, 2034.8000000000002, 2894),
		Vector3.new(-613, 2032.9, 2894.1000000000004),
		Vector3.new(-613, 2030.8000000000002, 2894.6000000000004),
		Vector3.new(-613, 2029.1000000000001, 2895.4),
		Vector3.new(-613, 2027.6000000000001, 2896.5),
		Vector3.new(-613, 2026.5, 2897.6000000000004),
		Vector3.new(-613, 2025.7, 2898.9),
		Vector3.new(-613, 2025.1000000000001, 2900.3),
		Vector3.new(-613, 2024.8000000000002, 2901.4),
		Vector3.new(-613, 2025.5, 2900.2000000000003),
		Vector3.new(-613, 2026.4, 2899.4),
		Vector3.new(-613, 2027.5, 2898.8),
		Vector3.new(-613, 2028.7, 2898.5),
		Vector3.new(-613, 2030.1000000000001, 2898.3),
		Vector3.new(-613, 2031.6000000000001, 2898.3),
		Vector3.new(-613, 2033.4, 2898.5),
		Vector3.new(-613, 2035, 2899),
		Vector3.new(-613, 2036.5, 2899.7000000000003),
		Vector3.new(-613, 2038, 2900.5),
		Vector3.new(-613, 2039.4, 2901.3),
	},
	{
		Vector3.new(-613, 2039.4, 2901.3),
		Vector3.new(-613, 2040.6000000000001, 2902.1000000000004),
		Vector3.new(-613, 2041.5, 2902.8),
		Vector3.new(-613, 2026.1000000000001, 2903.5),
		Vector3.new(-613, 2026.6000000000001, 2902.8),
		Vector3.new(-613, 2027.8000000000002, 2901.9),
		Vector3.new(-613, 2028.9, 2901.3),
		Vector3.new(-613, 2030.4, 2900.6000000000004),
		Vector3.new(-613, 2032, 2900.1000000000004),
		Vector3.new(-613, 2033.5, 2899.9),
		Vector3.new(-613, 2035.2, 2899.9),
		Vector3.new(-613, 2036.4, 2900.1000000000004),
		Vector3.new(-613, 2038.5, 2900.8),
	},
	{
		Vector3.new(-613, 2038.5, 2900.8),
		Vector3.new(-613, 2025, 2900.3),
		Vector3.new(-613, 2025.7, 2899.3),
		Vector3.new(-613, 2026.4, 2898.6000000000004),
		Vector3.new(-613, 2027.5, 2898),
		Vector3.new(-613, 2028.5, 2897.5),
		Vector3.new(-613, 2030, 2897.1000000000004),
		Vector3.new(-613, 2031.6000000000001, 2896.9),
		Vector3.new(-613, 2033.1000000000001, 2897),
		Vector3.new(-613, 2034.6000000000001, 2897.3),
		Vector3.new(-613, 2036.3000000000002, 2897.7000000000003),
		Vector3.new(-613, 2038.3000000000002, 2898.5),
		Vector3.new(-613, 2040.5, 2899.6000000000004),
		Vector3.new(-613, 2042.1000000000001, 2900.5),
		Vector3.new(-613, 2043.6000000000001, 2901.6000000000004),
		Vector3.new(-613, 2045.2, 2902.5),
	},
	{
		Vector3.new(-613, 2045.2, 2902.5),
		Vector3.new(-613, 2047.1000000000001, 2903.6000000000004),
		Vector3.new(-613, 2048.7000000000003, 2904.5),
		Vector3.new(-613, 2050.7000000000003, 2905.3),
		Vector3.new(-613, 2052.3, 2905.8),
		Vector3.new(-613, 2054.3, 2906.3),
		Vector3.new(-613, 2056.2000000000003, 2906.4),
		Vector3.new(-613, 2058.2000000000003, 2906.4),
		Vector3.new(-613, 2056.7000000000003, 2907),
		Vector3.new(-613, 2055.6, 2907.8),
		Vector3.new(-613, 2054.8, 2908.4),
		Vector3.new(-613, 2053, 2908.4),
		Vector3.new(-613, 2051.2000000000003, 2908),
		Vector3.new(-613, 2049.4, 2907.5),
		Vector3.new(-613, 2048, 2906.9),
		Vector3.new(-613, 2046.9, 2906.3),
		Vector3.new(-613, 2045.8000000000002, 2905.5),
		Vector3.new(-613, 2045.2, 2908),
		Vector3.new(-613, 2046.6000000000001, 2908.7000000000003),
		Vector3.new(-613, 2048.3, 2909.3),
		Vector3.new(-613, 2050.2000000000003, 2909.9),
		Vector3.new(-613, 2051.7000000000003, 2910.2000000000003),
		Vector3.new(-613, 2052.5, 2909.5),
	},
	{
		Vector3.new(-613, 2052.5, 2909.5),
		Vector3.new(-613, 2053.6, 2908.9),
		Vector3.new(-613, 2054.8, 2908.4),
		Vector3.new(-613, 2053.6, 2909),
		Vector3.new(-613, 2055, 2908.7000000000003),
		Vector3.new(-613, 2056.4, 2908.9),
		Vector3.new(-613, 2057.2000000000003, 2909.6000000000004),
		Vector3.new(-613, 2057.7000000000003, 2910.5),
		Vector3.new(-613, 2056.3, 2910.8),
		Vector3.new(-613, 2056.2000000000003, 2909.9),
		Vector3.new(-613, 2055.5, 2909.5),
		Vector3.new(-613, 2054.2000000000003, 2909.7000000000003),
		Vector3.new(-613, 2056.6, 2910.8),
		Vector3.new(-613, 2055.1, 2911),
		Vector3.new(-613, 2054.1, 2910.9),
		Vector3.new(-613, 2053.1, 2911.1000000000004),
		Vector3.new(-613, 2052, 2911.7000000000003),
		Vector3.new(-613, 2050.8, 2912),
		Vector3.new(-613, 2053.3, 2911.5),
		Vector3.new(-613, 2055.3, 2911),
		Vector3.new(-613, 2050.6, 2912.1000000000004),
		Vector3.new(-613, 2049, 2912.3),
		Vector3.new(-613, 2046.9, 2912.5),
		Vector3.new(-613, 2049, 2912.4),
	},
	{
		Vector3.new(-613, 2049, 2912.4),
		Vector3.new(-613, 2050.6, 2912.1000000000004),
		Vector3.new(-613, 2050.9, 2911.1000000000004),
		Vector3.new(-613, 2051.7000000000003, 2910.2000000000003),
		Vector3.new(-613, 2055.1, 2911.1000000000004),
		Vector3.new(-613, 2052.3, 2911.6000000000004),
		Vector3.new(-613, 2054.7000000000003, 2911),
		Vector3.new(-613, 2052.3, 2911.6000000000004),
		Vector3.new(-613, 2054.5, 2911),
		Vector3.new(-613, 2052.4, 2911.6000000000004),
		Vector3.new(-613, 2054.2000000000003, 2911),
		Vector3.new(-613, 2052.5, 2911.4),
		Vector3.new(-613, 2053.7000000000003, 2911),
		Vector3.new(-613, 2058.1, 2906.4),
		Vector3.new(-613, 2059.3, 2905.9),
		Vector3.new(-613, 2060.4, 2905.7000000000003),
		Vector3.new(-613, 2062.2000000000003, 2905.4),
		Vector3.new(-613, 2060.1, 2905.4),
	},
	{
		Vector3.new(-613, 2060.1, 2905.4),
		Vector3.new(-613, 2058.5, 2905.3),
		Vector3.new(-613, 2057.3, 2905.1000000000004),
		Vector3.new(-613, 2055.4, 2904.7000000000003),
		Vector3.new(-613, 2054, 2904.3),
		Vector3.new(-613, 2052.4, 2903.6000000000004),
		Vector3.new(-613, 2051.1, 2903),
		Vector3.new(-613, 2062.1, 2905.4),
		Vector3.new(-613, 2063.5, 2905.3),
		Vector3.new(-613, 2065.3, 2905.4),
		Vector3.new(-613, 2067.1, 2905.6000000000004),
		Vector3.new(-613, 2069.1, 2906.1000000000004),
		Vector3.new(-613, 2070.7000000000003, 2906.6000000000004),
		Vector3.new(-613, 2071.7000000000003, 2907.1000000000004),
		Vector3.new(-613, 2070.7000000000003, 2906.6000000000004),
		Vector3.new(-613, 2069.5, 2906.2000000000003),
		Vector3.new(-613, 2067.8, 2906),
		Vector3.new(-613, 2066.1, 2906.1000000000004),
	},
	{
		Vector3.new(-613, 2066.1, 2906.1000000000004),
		Vector3.new(-613, 2064.2000000000003, 2906.3),
		Vector3.new(-613, 2062.4, 2906.8),
		Vector3.new(-613, 2060.9, 2907.5),
		Vector3.new(-613, 2059.8, 2908.2000000000003),
		Vector3.new(-613, 2058.9, 2908.8),
		Vector3.new(-613, 2057.6, 2910.6000000000004),
		Vector3.new(-613, 2058.8, 2910.4),
		Vector3.new(-613, 2060.8, 2910.3),
		Vector3.new(-613, 2062.4, 2910.4),
		Vector3.new(-613, 2063.8, 2910.6000000000004),
		Vector3.new(-613, 2065.6, 2911),
		Vector3.new(-613, 2067.8, 2911.7000000000003),
		Vector3.new(-613, 2070.1, 2912.6000000000004),
		Vector3.new(-613, 2072.2000000000003, 2913.8),
		Vector3.new(-613, 2073.8, 2914.8),
		Vector3.new(-613, 2075.8, 2916.4),
		Vector3.new(-613, 2077.1, 2918),
		Vector3.new(-613, 2078, 2919.6000000000004),
		Vector3.new(-613, 2078.3, 2920.6000000000004),
		Vector3.new(-613, 2078.3, 2921.6000000000004),
	},
	{
		Vector3.new(-613, 2078.3, 2921.6000000000004),
		Vector3.new(-613, 2050.1, 2915.4),
		Vector3.new(-613, 2051.5, 2915),
		Vector3.new(-613, 2053, 2914.7000000000003),
		Vector3.new(-613, 2054.8, 2914.4),
		Vector3.new(-613, 2057, 2914.2000000000003),
		Vector3.new(-613, 2058.7000000000003, 2914.2000000000003),
	},
	{
		Vector3.new(-613, 2058.7000000000003, 2914.2000000000003),
		Vector3.new(-613, 2060.6, 2914.4),
		Vector3.new(-613, 2063, 2914.8),
		Vector3.new(-613, 2065.2000000000003, 2915.4),
		Vector3.new(-613, 2066.9, 2916),
		Vector3.new(-613, 2069.1, 2916.9),
		Vector3.new(-613, 2070.7000000000003, 2917.7000000000003),
		Vector3.new(-613, 2072.2000000000003, 2918.6000000000004),
		Vector3.new(-613, 2073.3, 2919.4),
		Vector3.new(-613, 2061.7000000000003, 2914.6000000000004),
		Vector3.new(-613, 2062.4, 2915.7000000000003),
		Vector3.new(-613, 2063.1, 2917.2000000000003),
		Vector3.new(-613, 2063.7000000000003, 2918.8),
		Vector3.new(-613, 2063.9, 2920.4),
		Vector3.new(-613, 2063.8, 2922.2000000000003),
		Vector3.new(-613, 2063.4, 2922.9),
	},
	{
		Vector3.new(-613, 2063.4, 2922.9),
		Vector3.new(-613, 2058.4, 2914.2000000000003),
		Vector3.new(-613, 2059.3, 2915.1000000000004),
		Vector3.new(-613, 2060.6, 2916.1000000000004),
		Vector3.new(-613, 2062.7000000000003, 2917.4),
		Vector3.new(-613, 2064.1, 2918.1000000000004),
		Vector3.new(-613, 2065.7000000000003, 2918.7000000000003),
		Vector3.new(-613, 2067, 2919),
		Vector3.new(-613, 2068.1, 2919.1000000000004),
		Vector3.new(-613, 2067, 2919),
		Vector3.new(-613, 2065.7000000000003, 2918.7000000000003),
		Vector3.new(-613, 2064.4, 2918.5),
		Vector3.new(-613, 2062.8, 2918.2000000000003),
		Vector3.new(-613, 2061.1, 2917.7000000000003),
		Vector3.new(-613, 2059.4, 2917),
		Vector3.new(-613, 2060.7000000000003, 2918.2000000000003),
		Vector3.new(-613, 2062.3, 2919),
		Vector3.new(-613, 2063.8, 2919.7000000000003),
		Vector3.new(-613, 2065.7000000000003, 2920.3),
	},
	{
		Vector3.new(-613, 2065.7000000000003, 2920.3),
		Vector3.new(-613, 2068, 2920.8),
		Vector3.new(-613, 2070.2000000000003, 2920.8),
		Vector3.new(-613, 2071.8, 2921),
		Vector3.new(-613, 2073.3, 2921.3),
		Vector3.new(-613, 2074.3, 2921.7000000000003),
		Vector3.new(-613, 2075, 2922.2000000000003),
		Vector3.new(-613, 2068, 2920.8),
		Vector3.new(-613, 2065.7000000000003, 2921.1000000000004),
		Vector3.new(-613, 2064.2000000000003, 2921.5),
		Vector3.new(-613, 2062.9, 2922),
		Vector3.new(-613, 2061.3, 2922.6000000000004),
		Vector3.new(-613, 2060.1, 2923.3),
		Vector3.new(-613, 2058.8, 2924.6000000000004),
		Vector3.new(-613, 2060.2000000000003, 2923.8),
		Vector3.new(-613, 2061.6, 2923.4),
		Vector3.new(-613, 2062.8, 2923.2000000000003),
		Vector3.new(-613, 2064.3, 2923.1000000000004),
		Vector3.new(-613, 2066.9, 2923),
		Vector3.new(-613, 2068.7000000000003, 2922.8),
	},
	{
		Vector3.new(-613, 2068.7000000000003, 2922.8),
		Vector3.new(-613, 2066.9, 2923),
		Vector3.new(-613, 2065.3, 2923.4),
		Vector3.new(-613, 2063.3, 2924),
		Vector3.new(-613, 2061.5, 2924.6000000000004),
		Vector3.new(-613, 2060.2000000000003, 2925.1000000000004),
		Vector3.new(-613, 2058.7000000000003, 2925.4),
		Vector3.new(-613, 2057.4, 2925.4),
		Vector3.new(-613, 2058.1, 2926.4),
		Vector3.new(-613, 2059.1, 2927.4),
		Vector3.new(-613, 2060.4, 2928.2000000000003),
		Vector3.new(-613, 2061.8, 2928.9),
		Vector3.new(-613, 2063.3, 2929.3),
		Vector3.new(-613, 2065.3, 2929.6000000000004),
		Vector3.new(-613, 2066.8, 2929.6000000000004),
		Vector3.new(-613, 2068, 2929.4),
		Vector3.new(-613, 2066.8, 2929.6000000000004),
		Vector3.new(-613, 2065.3, 2929.6000000000004),
		Vector3.new(-613, 2063.4, 2929.7000000000003),
		Vector3.new(-613, 2061.8, 2929.7000000000003),
		Vector3.new(-613, 2060.2000000000003, 2929.5),
		Vector3.new(-613, 2058.4, 2929),
		Vector3.new(-613, 2059.8, 2930.1000000000004),
		Vector3.new(-613, 2061.3, 2930.9),
	},
	{
		Vector3.new(-613, 2061.3, 2930.9),
		Vector3.new(-613, 2063.1, 2931.5),
		Vector3.new(-613, 2065, 2931.8),
		Vector3.new(-613, 2067.2000000000003, 2931.8),
		Vector3.new(-613, 2069.2000000000003, 2931.6000000000004),
		Vector3.new(-613, 2071.5, 2930.8),
		Vector3.new(-613, 2073.3, 2930),
		Vector3.new(-613, 2075, 2928.9),
		Vector3.new(-613, 2076.2000000000003, 2927.6000000000004),
		Vector3.new(-613, 2069.2000000000003, 2931.6000000000004),
		Vector3.new(-613, 2067.7000000000003, 2932.1000000000004),
		Vector3.new(-613, 2066.2000000000003, 2932.8),
		Vector3.new(-613, 2064.3, 2933.6000000000004),
		Vector3.new(-613, 2062.8, 2934.2000000000003),
		Vector3.new(-613, 2061.2000000000003, 2934.5),
		Vector3.new(-613, 2060, 2934.7000000000003),
		Vector3.new(-613, 2061.1, 2935.1000000000004),
		Vector3.new(-613, 2062.7000000000003, 2935.3),
	},
	{
		Vector3.new(-613, 2062.7000000000003, 2935.3),
		Vector3.new(-613, 2064.4, 2935.2000000000003),
		Vector3.new(-613, 2066.2000000000003, 2935),
		Vector3.new(-613, 2068.3, 2934.3),
		Vector3.new(-613, 2069.9, 2933.4),
		Vector3.new(-613, 2068.3, 2934.3),
		Vector3.new(-613, 2066, 2935.2000000000003),
		Vector3.new(-613, 2063.8, 2935.8),
		Vector3.new(-613, 2061.4, 2936.4),
		Vector3.new(-613, 2059.3, 2937),
		Vector3.new(-613, 2057.3, 2937.4),
		Vector3.new(-613, 2056, 2937.6000000000004),
		Vector3.new(-613, 2057.7000000000003, 2937.3),
		Vector3.new(-613, 2056.3, 2937.2000000000003),
		Vector3.new(-613, 2054.7000000000003, 2936.6000000000004),
		Vector3.new(-613, 2052.9, 2936.1000000000004),
		Vector3.new(-613, 2061.6, 2937.2000000000003),
	},
	{
		Vector3.new(-613, 2061.6, 2937.2000000000003),
		Vector3.new(-613, 2062.6, 2936.2000000000003),
		Vector3.new(-613, 2063.4, 2934.8),
		Vector3.new(-613, 2063.8, 2933.5),
		Vector3.new(-613, 2063.9, 2932.4),
		Vector3.new(-613, 2063.7000000000003, 2930.8),
		Vector3.new(-613, 2051.3, 2934.9),
		Vector3.new(-613, 2052.2000000000003, 2934.4),
		Vector3.new(-613, 2051.3, 2934.2000000000003),
		Vector3.new(-613, 2052.1, 2933.8),
		Vector3.new(-613, 2051.2000000000003, 2933.3),
		Vector3.new(-613, 2052, 2932.8),
		Vector3.new(-613, 2051.1, 2921),
	},
	{
		Vector3.new(-613, 2051.1, 2921),
		Vector3.new(-613, 2051.8, 2920.2000000000003),
		Vector3.new(-613, 2051.2000000000003, 2919.8),
		Vector3.new(-613, 2051.9, 2919.2000000000003),
		Vector3.new(-613, 2051, 2918.9),
		Vector3.new(-613, 2051.8, 2918.2000000000003),
		Vector3.new(-613, 2052.2000000000003, 2928.6000000000004),
		Vector3.new(-613, 2051.4, 2928.9),
		Vector3.new(-613, 2049, 2928.7000000000003),
		Vector3.new(-613, 2048.5, 2927.7000000000003),
		Vector3.new(-613, 2048.4, 2926.6000000000004),
		Vector3.new(-613, 2048.5, 2925.6000000000004),
		Vector3.new(-613, 2049, 2924.5),
		Vector3.new(-613, 2059.7000000000003, 2922.5),
		Vector3.new(-613, 2060.2000000000003, 2921.6000000000004),
		Vector3.new(-613, 2060.4, 2920.6000000000004),
		Vector3.new(-613, 2060.4, 2919.5),
	},
	{
		Vector3.new(-613, 2060.4, 2919.5),
		Vector3.new(-613, 2060.6, 2933.4),
		Vector3.new(-613, 2060.6, 2932.4),
		Vector3.new(-613, 2060, 2931.4),
		Vector3.new(-613, 2055, 2935.4),
		Vector3.new(-613, 2056.5, 2935.6000000000004),
		Vector3.new(-613, 2057.8, 2935.3),
		Vector3.new(-613, 2058.6, 2934.7000000000003),
		Vector3.new(-613, 2058.9, 2933.9),
		Vector3.new(-613, 2058.9, 2933.1000000000004),
		Vector3.new(-613, 2058.4, 2933.9),
		Vector3.new(-613, 2057.4, 2934.1000000000004),
		Vector3.new(-613, 2056.3, 2934.1000000000004),
		Vector3.new(-613, 2054.9, 2933.8),
		Vector3.new(-613, 2053.9, 2933.3),
		Vector3.new(-613, 2053.3, 2932.4),
		Vector3.new(-613, 2053.3, 2931.4),
		Vector3.new(-613, 2053.9, 2930.7000000000003),
		Vector3.new(-613, 2054.9, 2930.3),
	},
	{
		Vector3.new(-613, 2054.9, 2930.3),
		Vector3.new(-613, 2056, 2930.2000000000003),
		Vector3.new(-613, 2057.7000000000003, 2930.7000000000003),
		Vector3.new(-613, 2057.2000000000003, 2930),
		Vector3.new(-613, 2058.7000000000003, 2931.2000000000003),
		Vector3.new(-613, 2058.2000000000003, 2930.3),
		Vector3.new(-613, 2059.3, 2931.4),
		Vector3.new(-613, 2060, 2932.6000000000004),
		Vector3.new(-613, 2060.1, 2933.7000000000003),
		Vector3.new(-613, 2059.9, 2934.7000000000003),
		Vector3.new(-613, 2059.4, 2935.6000000000004),
		Vector3.new(-613, 2058.7000000000003, 2936),
		Vector3.new(-613, 2057.6, 2936.5),
		Vector3.new(-613, 2056.5, 2936.3),
		Vector3.new(-613, 2055, 2935.4),
		Vector3.new(-613, 2056.5, 2936.2000000000003),
		Vector3.new(-613, 2059.9, 2934.7000000000003),
		Vector3.new(-613, 2056.6, 2936.3),
		Vector3.new(-613, 2059.8, 2934.8),
		Vector3.new(-613, 2056.8, 2936.3),
		Vector3.new(-613, 2059.7000000000003, 2935),
	},
	{
		Vector3.new(-613, 2059.7000000000003, 2935),
		Vector3.new(-613, 2057, 2936.3),
		Vector3.new(-613, 2059.6, 2935.2000000000003),
		Vector3.new(-613, 2057.1, 2936.4),
		Vector3.new(-613, 2059.5, 2935.3),
		Vector3.new(-613, 2057.4, 2936.4),
		Vector3.new(-613, 2059.5, 2935.4),
		Vector3.new(-613, 2057.5, 2936.5),
		Vector3.new(-613, 2059.4, 2935.6000000000004),
		Vector3.new(-613, 2056.4, 2935.7000000000003),
		Vector3.new(-613, 2055.3, 2935.5),
		Vector3.new(-613, 2056.7000000000003, 2936.3),
		Vector3.new(-613, 2055.5, 2935.6000000000004),
		Vector3.new(-613, 2056.8, 2936.2000000000003),
		Vector3.new(-613, 2055.6, 2935.7000000000003),
		Vector3.new(-613, 2057.2000000000003, 2936),
		Vector3.new(-613, 2055.8, 2935.7000000000003),
		Vector3.new(-613, 2057.5, 2935.8),
		Vector3.new(-613, 2056.2000000000003, 2935.9),
	},
	{
		Vector3.new(-613, 2056.2000000000003, 2935.9),
		Vector3.new(-613, 2058.4, 2935.3),
		Vector3.new(-613, 2056.7000000000003, 2935.6000000000004),
		Vector3.new(-613, 2058, 2935.5),
		Vector3.new(-613, 2059.9, 2934.6000000000004),
		Vector3.new(-613, 2058.2000000000003, 2935.4),
		Vector3.new(-613, 2060, 2934.4),
		Vector3.new(-613, 2057.9, 2935.3),
		Vector3.new(-613, 2060, 2934.3),
		Vector3.new(-613, 2058.1, 2935.2000000000003),
		Vector3.new(-613, 2060, 2934.1000000000004),
		Vector3.new(-613, 2058.3, 2935),
		Vector3.new(-613, 2060.1, 2934),
		Vector3.new(-613, 2058.7000000000003, 2934.6000000000004),
		Vector3.new(-613, 2060.1, 2933.8),
		Vector3.new(-613, 2058.7000000000003, 2934.4),
		Vector3.new(-613, 2060.1, 2933.7000000000003),
		Vector3.new(-613, 2058.8, 2934.1000000000004),
		Vector3.new(-613, 2060.1, 2933.5),
		Vector3.new(-613, 2059, 2933.8),
		Vector3.new(-613, 2060.1, 2933.4),
		Vector3.new(-613, 2059, 2933.9),
		Vector3.new(-613, 2060.1, 2933.3),
	},
	{
		Vector3.new(-613, 2060.1, 2933.3),
		Vector3.new(-613, 2059, 2933.7000000000003),
		Vector3.new(-613, 2060, 2933.2000000000003),
		Vector3.new(-613, 2059, 2933.5),
		Vector3.new(-613, 2060, 2933.1000000000004),
		Vector3.new(-613, 2059, 2933.4),
		Vector3.new(-613, 2060, 2932.9),
		Vector3.new(-613, 2059, 2933.2000000000003),
		Vector3.new(-613, 2059.9, 2932.8),
		Vector3.new(-613, 2059, 2933),
		Vector3.new(-613, 2059.9, 2932.7000000000003),
		Vector3.new(-613, 2058.9, 2932.9),
		Vector3.new(-613, 2058.3, 2933.8),
		Vector3.new(-613, 2058.8, 2931.1000000000004),
		Vector3.new(-613, 2058.5, 2933.7000000000003),
		Vector3.new(-613, 2058.9, 2931),
		Vector3.new(-613, 2058.5, 2933.6000000000004),
		Vector3.new(-613, 2059, 2931.1000000000004),
		Vector3.new(-613, 2058.6, 2933.5),
		Vector3.new(-613, 2059.1, 2931.3),
		Vector3.new(-613, 2058.8, 2933.2000000000003),
		Vector3.new(-613, 2059.2000000000003, 2931.4),
		Vector3.new(-613, 2059.9, 2932.7000000000003),
		Vector3.new(-613, 2059.1, 2931.5),
	},
	{
		Vector3.new(-613, 2059.1, 2931.5),
		Vector3.new(-613, 2059.7000000000003, 2932.7000000000003),
		Vector3.new(-613, 2058.8, 2931.6000000000004),
		Vector3.new(-613, 2059.7000000000003, 2932.9),
		Vector3.new(-613, 2058.9, 2932),
		Vector3.new(-613, 2059.4, 2933),
		Vector3.new(-613, 2058.9, 2932.3),
		Vector3.new(-613, 2059.2000000000003, 2933.2000000000003),
		Vector3.new(-613, 2058.6, 2931.1000000000004),
		Vector3.new(-613, 2057.4, 2930.3),
		Vector3.new(-613, 2058.7000000000003, 2931.4),
		Vector3.new(-613, 2057.7000000000003, 2930.8),
		Vector3.new(-613, 2058.3, 2931.7000000000003),
		Vector3.new(-613, 2058.2000000000003, 2932.8),
		Vector3.new(-613, 2057.3, 2932.6000000000004),
		Vector3.new(-613, 2058.2000000000003, 2932.3),
		Vector3.new(-613, 2057.2000000000003, 2932.6000000000004),
		Vector3.new(-613, 2056.7000000000003, 2931.9),
		Vector3.new(-613, 2057.2000000000003, 2931.2000000000003),
		Vector3.new(-613, 2058.2000000000003, 2931.2000000000003),
		Vector3.new(-613, 2058.6, 2932.5),
		Vector3.new(-613, 2058.2000000000003, 2931),
		Vector3.new(-613, 2058.7000000000003, 2932.2000000000003),
		Vector3.new(-613, 2058.4, 2931.1000000000004),
		Vector3.new(-613, 2058.3, 2933),
		Vector3.new(-613, 2058.6, 2931.8),
		Vector3.new(-613, 2058, 2932.7000000000003),
		Vector3.new(-613, 2056.2000000000003, 2933),
		Vector3.new(-613, 2058.3, 2932.4),
	},
	{
		Vector3.new(-613, 2058.3, 2932.4),
		Vector3.new(-613, 2056.3, 2934.1000000000004),
		Vector3.new(-613, 2058.3, 2932.7000000000003),
		Vector3.new(-613, 2056.5, 2934.1000000000004),
		Vector3.new(-613, 2058.4, 2932.8),
		Vector3.new(-613, 2056.7000000000003, 2934.1000000000004),
		Vector3.new(-613, 2058.6, 2932.9),
		Vector3.new(-613, 2056.9, 2934.1000000000004),
		Vector3.new(-613, 2058.5, 2933.2000000000003),
		Vector3.new(-613, 2057.2000000000003, 2934.1000000000004),
		Vector3.new(-613, 2058.5, 2933.4),
		Vector3.new(-613, 2057.5, 2934.1000000000004),
		Vector3.new(-613, 2058.4, 2933.6000000000004),
		Vector3.new(-613, 2057.4, 2934),
		Vector3.new(-613, 2058.3, 2933.8),
		Vector3.new(-613, 2057.9, 2932.7000000000003),
		Vector3.new(-613, 2055.6, 2933.7000000000003),
		Vector3.new(-613, 2056.3, 2933),
		Vector3.new(-613, 2055.6, 2933.9),
		Vector3.new(-613, 2057.7000000000003, 2932.9),
		Vector3.new(-613, 2055.8, 2934),
		Vector3.new(-613, 2057.4, 2933.2000000000003),
	},
	{
		Vector3.new(-613, 2057.4, 2933.2000000000003),
		Vector3.new(-613, 2056.1, 2934.1000000000004),
		Vector3.new(-613, 2057.8, 2933.3),
		Vector3.new(-613, 2055.5, 2933.6000000000004),
		Vector3.new(-613, 2054.6, 2933.5),
		Vector3.new(-613, 2053.7000000000003, 2932.8),
		Vector3.new(-613, 2054.9, 2933.7000000000003),
		Vector3.new(-613, 2055.8, 2933.9),
		Vector3.new(-613, 2056.3, 2933.3),
		Vector3.new(-613, 2057.2000000000003, 2932.9),
		Vector3.new(-613, 2056.4, 2933.1000000000004),
		Vector3.new(-613, 2055.2000000000003, 2932.5),
		Vector3.new(-613, 2054.8, 2931.8),
		Vector3.new(-613, 2055.3, 2931.2000000000003),
		Vector3.new(-613, 2056.1, 2930.8),
		Vector3.new(-613, 2055.2000000000003, 2930.6000000000004),
		Vector3.new(-613, 2054.1, 2930.8),
		Vector3.new(-613, 2053.5, 2931.6000000000004),
		Vector3.new(-613, 2053.7000000000003, 2932.8),
		Vector3.new(-613, 2053.4, 2931.5),
		Vector3.new(-613, 2053.4, 2932.5),
		Vector3.new(-613, 2053.5, 2931.2000000000003),
		Vector3.new(-613, 2054.4, 2930.5),
		Vector3.new(-613, 2055.8, 2930.4),
		Vector3.new(-613, 2057.2000000000003, 2931.2000000000003),
		Vector3.new(-613, 2054.9, 2931.8),
		Vector3.new(-613, 2057.1, 2931.1000000000004),
		Vector3.new(-613, 2054.9, 2931.7000000000003),
		Vector3.new(-613, 2056.9, 2931),
	},
	{
		Vector3.new(-613, 2056.9, 2931),
		Vector3.new(-613, 2055.1, 2931.5),
		Vector3.new(-613, 2057.8, 2930.9),
		Vector3.new(-613, 2055.1, 2931.4),
		Vector3.new(-613, 2057.9, 2931.1000000000004),
		Vector3.new(-613, 2055.4, 2931.2000000000003),
		Vector3.new(-613, 2058, 2931),
		Vector3.new(-613, 2055.5, 2931.1000000000004),
		Vector3.new(-613, 2057.7000000000003, 2930.8),
		Vector3.new(-613, 2055.8, 2931),
		Vector3.new(-613, 2057.5, 2930.7000000000003),
		Vector3.new(-613, 2056.1, 2930.8),
		Vector3.new(-613, 2058.2000000000003, 2931),
		Vector3.new(-613, 2057.5, 2930.4),
		Vector3.new(-613, 2058.2000000000003, 2931.2000000000003),
		Vector3.new(-613, 2056, 2930.3),
		Vector3.new(-613, 2057.7000000000003, 2930.9),
		Vector3.new(-613, 2055.3, 2930.5),
		Vector3.new(-613, 2056.5, 2930.5),
	},
	{
		Vector3.new(-613, 2056.5, 2930.5),
		Vector3.new(-613, 2056.3, 2933),
		Vector3.new(-613, 2056.6, 2931.2000000000003),
		Vector3.new(-613, 2056.5, 2933.1000000000004),
		Vector3.new(-613, 2056.8, 2931.3),
		Vector3.new(-613, 2056.6, 2932.1000000000004),
		Vector3.new(-613, 2057.1, 2931),
		Vector3.new(-613, 2056.5, 2932),
		Vector3.new(-613, 2057.2000000000003, 2933),
		Vector3.new(-613, 2056.6, 2932.4),
		Vector3.new(-613, 2056.8, 2933.2000000000003),
		Vector3.new(-613, 2056.6, 2932),
		Vector3.new(-613, 2057.3, 2932.9),
		Vector3.new(-613, 2056.3, 2932.3),
		Vector3.new(-613, 2054.9, 2931.8),
		Vector3.new(-613, 2056.5, 2932.2000000000003),
		Vector3.new(-613, 2055.2000000000003, 2931.8),
		Vector3.new(-613, 2056.4, 2932),
		Vector3.new(-613, 2055.4, 2931.6000000000004),
		Vector3.new(-613, 2056.4, 2931.9),
		Vector3.new(-613, 2055.7000000000003, 2931.5),
		Vector3.new(-613, 2056.5, 2931.7000000000003),
		Vector3.new(-613, 2055.9, 2931.2000000000003),
		Vector3.new(-613, 2055.8, 2932.8),
		Vector3.new(-613, 2055.6, 2931.7000000000003),
		Vector3.new(-613, 2055.6, 2932.7000000000003),
		Vector3.new(-613, 2055.3, 2931.6000000000004),
		Vector3.new(-613, 2055.4, 2932.6000000000004),
		Vector3.new(-613, 2055, 2931.8),
		Vector3.new(-613, 2056.4, 2933.2000000000003),
		Vector3.new(-613, 2056.3, 2932.2000000000003),
	},
	{
		Vector3.new(-613, 2056.3, 2932.2000000000003),
		Vector3.new(-613, 2056.4, 2933.2000000000003),
		Vector3.new(-613, 2055.6, 2932.1000000000004),
		Vector3.new(-613, 2056.6, 2933.1000000000004),
		Vector3.new(-613, 2055.8, 2932),
		Vector3.new(-613, 2056.7000000000003, 2931.3),
		Vector3.new(-613, 2055.6, 2931.9),
		Vector3.new(-613, 2058.6, 2935.7000000000003),
		Vector3.new(-613, 2058.8, 2936.4),
		Vector3.new(-613, 2057.6, 2936.2000000000003),
		Vector3.new(-613, 2057.3, 2936.8),
		Vector3.new(-613, 2053.3, 2931.5),
		Vector3.new(-613, 2053.2000000000003, 2932.7000000000003),
		Vector3.new(-613, 2053.3, 2933.5),
		Vector3.new(-613, 2058.1, 2922.9),
		Vector3.new(-613, 2059, 2921.9),
	},
	{
		Vector3.new(-613, 2059, 2921.9),
		Vector3.new(-613, 2059.6, 2920.7000000000003),
		Vector3.new(-613, 2059.8, 2919.4),
		Vector3.new(-613, 2059.7000000000003, 2918.3),
		Vector3.new(-613, 2059.4, 2917.3),
		Vector3.new(-613, 2058.5, 2916.2000000000003),
		Vector3.new(-613, 2058.8, 2915.2000000000003),
		Vector3.new(-613, 2058.6, 2916.2000000000003),
		Vector3.new(-613, 2058, 2915.6000000000004),
		Vector3.new(-613, 2057.2000000000003, 2914.9),
		Vector3.new(-613, 2056.4, 2915.1000000000004),
		Vector3.new(-613, 2055.6, 2915.5),
		Vector3.new(-613, 2054.3, 2916.4),
		Vector3.new(-613, 2055.5, 2916.1000000000004),
		Vector3.new(-613, 2056.6, 2916.2000000000003),
		Vector3.new(-613, 2057.5, 2916.5),
		Vector3.new(-613, 2058.4, 2917.5),
		Vector3.new(-613, 2057.4, 2916.9),
		Vector3.new(-613, 2056.3, 2916.8),
		Vector3.new(-613, 2054.9, 2917.1000000000004),
		Vector3.new(-613, 2053.6, 2918),
		Vector3.new(-613, 2053, 2918.9),
		Vector3.new(-613, 2053, 2920.1000000000004),
		Vector3.new(-613, 2053.4, 2920.9),
		Vector3.new(-613, 2054.3, 2921.4),
		Vector3.new(-613, 2055.4, 2921.7000000000003),
		Vector3.new(-613, 2056.6, 2921.5),
		Vector3.new(-613, 2057.6, 2921.3),
		Vector3.new(-613, 2058.7000000000003, 2920.6000000000004),
		Vector3.new(-613, 2058, 2922),
		Vector3.new(-613, 2057.1, 2923.2000000000003),
		Vector3.new(-613, 2058.5, 2922),
	},
	{
		Vector3.new(-613, 2058.5, 2922),
		Vector3.new(-613, 2058.1, 2923),
		Vector3.new(-613, 2059, 2921.8),
		Vector3.new(-613, 2059.6, 2920.6000000000004),
		Vector3.new(-613, 2059.8, 2919.3),
		Vector3.new(-613, 2055.4, 2921.7000000000003),
		Vector3.new(-613, 2059.8, 2919.4),
		Vector3.new(-613, 2055.7000000000003, 2921.6000000000004),
		Vector3.new(-613, 2059.8, 2919.5),
		Vector3.new(-613, 2055.9, 2921.6000000000004),
		Vector3.new(-613, 2059.7000000000003, 2919.7000000000003),
		Vector3.new(-613, 2056.3, 2921.5),
	},
	{
		Vector3.new(-613, 2056.3, 2921.5),
		Vector3.new(-613, 2059.7000000000003, 2919.9),
		Vector3.new(-613, 2056.7000000000003, 2921.5),
		Vector3.new(-613, 2059.6, 2920),
		Vector3.new(-613, 2057.3, 2921.3),
		Vector3.new(-613, 2059.6, 2920.2000000000003),
		Vector3.new(-613, 2057.9, 2922.3),
		Vector3.new(-613, 2057.3, 2922.9),
		Vector3.new(-613, 2059.6, 2920.4),
		Vector3.new(-613, 2057.9, 2922.4),
		Vector3.new(-613, 2059.5, 2920.6000000000004),
		Vector3.new(-613, 2058.3, 2922.7000000000003),
		Vector3.new(-613, 2059.3, 2921.1000000000004),
		Vector3.new(-613, 2058.1, 2922.3),
		Vector3.new(-613, 2059.1, 2921.2000000000003),
		Vector3.new(-613, 2058.5, 2922.2000000000003),
	},
	{
		Vector3.new(-613, 2058.5, 2922.2000000000003),
		Vector3.new(-613, 2059.4, 2920.3),
		Vector3.new(-613, 2058.3, 2921.8),
		Vector3.new(-613, 2059.1, 2920.4),
		Vector3.new(-613, 2058.1, 2922),
		Vector3.new(-613, 2059.1, 2920.3),
		Vector3.new(-613, 2057.3, 2916.9),
		Vector3.new(-613, 2059, 2920.1000000000004),
		Vector3.new(-613, 2057.5, 2917.1000000000004),
		Vector3.new(-613, 2059.2000000000003, 2920),
		Vector3.new(-613, 2057.7000000000003, 2917.1000000000004),
		Vector3.new(-613, 2059.3, 2920),
		Vector3.new(-613, 2057.9, 2917.2000000000003),
		Vector3.new(-613, 2059.3, 2919.7000000000003),
	},
	{
		Vector3.new(-613, 2059.3, 2919.7000000000003),
		Vector3.new(-613, 2058.1, 2917.3),
		Vector3.new(-613, 2059.5, 2919.6000000000004),
		Vector3.new(-613, 2058.3, 2917.4),
		Vector3.new(-613, 2059.6, 2919.6000000000004),
		Vector3.new(-613, 2058.4, 2917.4),
		Vector3.new(-613, 2059.7000000000003, 2919.4),
		Vector3.new(-613, 2058.5, 2917.3),
		Vector3.new(-613, 2059.8, 2919.3),
		Vector3.new(-613, 2059.3, 2917.3),
		Vector3.new(-613, 2059.8, 2919),
		Vector3.new(-613, 2059.2000000000003, 2917.1000000000004),
		Vector3.new(-613, 2059.8, 2919.3),
		Vector3.new(-613, 2059, 2916.8),
		Vector3.new(-613, 2059.7000000000003, 2919.4),
		Vector3.new(-613, 2058.8, 2916.6000000000004),
	},
	{
		Vector3.new(-613, 2058.8, 2916.6000000000004),
		Vector3.new(-613, 2059.4, 2918.9),
		Vector3.new(-613, 2058.7000000000003, 2916.5),
		Vector3.new(-613, 2056.1, 2915.3),
		Vector3.new(-613, 2058.7000000000003, 2916.4),
		Vector3.new(-613, 2056.2000000000003, 2915.2000000000003),
		Vector3.new(-613, 2058.5, 2916.2000000000003),
		Vector3.new(-613, 2056.3, 2915.1000000000004),
		Vector3.new(-613, 2058.4, 2916),
		Vector3.new(-613, 2056.6, 2915),
		Vector3.new(-613, 2058.2000000000003, 2915.8),
		Vector3.new(-613, 2057, 2915),
		Vector3.new(-613, 2059.1, 2918),
		Vector3.new(-613, 2057.8, 2915.9),
		Vector3.new(-613, 2059.2000000000003, 2917.8),
		Vector3.new(-613, 2058.2000000000003, 2916.2000000000003),
		Vector3.new(-613, 2059.1, 2917.2000000000003),
	},
	{
		Vector3.new(-613, 2059.1, 2917.2000000000003),
		Vector3.new(-613, 2058.5, 2916.4),
		Vector3.new(-613, 2055.3, 2915.8),
		Vector3.new(-613, 2058.1, 2916.2000000000003),
		Vector3.new(-613, 2055.4, 2915.7000000000003),
		Vector3.new(-613, 2057.5, 2915.9),
		Vector3.new(-613, 2055.6, 2915.5),
		Vector3.new(-613, 2057.2000000000003, 2915.7000000000003),
		Vector3.new(-613, 2055.8, 2915.4),
		Vector3.new(-613, 2056.9, 2915.7000000000003),
		Vector3.new(-613, 2054.7000000000003, 2916.2000000000003),
		Vector3.new(-613, 2055.7000000000003, 2915.8),
		Vector3.new(-613, 2058.2000000000003, 2916.6000000000004),
		Vector3.new(-613, 2058.7000000000003, 2917.7000000000003),
		Vector3.new(-613, 2057.7000000000003, 2916.4),
		Vector3.new(-613, 2058.7000000000003, 2917.4),
		Vector3.new(-613, 2057.6, 2916.2000000000003),
		Vector3.new(-613, 2055.6, 2916),
		Vector3.new(-613, 2057.7000000000003, 2916.3),
		Vector3.new(-613, 2058.8, 2917.7000000000003),
	},
	{
		Vector3.new(-613, 2058.8, 2917.7000000000003),
		Vector3.new(-613, 2054.9, 2917.3),
		Vector3.new(-613, 2053.7000000000003, 2918.2000000000003),
		Vector3.new(-613, 2053.3, 2918.9),
		Vector3.new(-613, 2053.2000000000003, 2919.7000000000003),
		Vector3.new(-613, 2053.4, 2920.5),
		Vector3.new(-613, 2054.2000000000003, 2921.1000000000004),
		Vector3.new(-613, 2055.1, 2921.2000000000003),
		Vector3.new(-613, 2055.9, 2920.8),
		Vector3.new(-613, 2056.2000000000003, 2920.1000000000004),
		Vector3.new(-613, 2054.7000000000003, 2919.2000000000003),
		Vector3.new(-613, 2054.9, 2920),
		Vector3.new(-613, 2055.7000000000003, 2920.5),
		Vector3.new(-613, 2055.9, 2919.6000000000004),
		Vector3.new(-613, 2055, 2919.9),
		Vector3.new(-613, 2056.2000000000003, 2920.1000000000004),
		Vector3.new(-613, 2054.9, 2919.7000000000003),
		Vector3.new(-613, 2056.4, 2918.4),
		Vector3.new(-613, 2055.6, 2918.5),
		Vector3.new(-613, 2054.7000000000003, 2919.1000000000004),
		Vector3.new(-613, 2057.1, 2918.7000000000003),
		Vector3.new(-613, 2057.9, 2918.9),
		Vector3.new(-613, 2058.1, 2919.7000000000003),
		Vector3.new(-613, 2057.4, 2920.4),
		Vector3.new(-613, 2056.6, 2920),
		Vector3.new(-613, 2056.6, 2919.2000000000003),
		Vector3.new(-613, 2057.2000000000003, 2918.5),
		Vector3.new(-613, 2057.9, 2917.4),
		Vector3.new(-613, 2054.9, 2919.9),
	},
	{
		Vector3.new(-613, 2054.9, 2919.9),
		Vector3.new(-613, 2057.6, 2917.8),
		Vector3.new(-613, 2055, 2920.1000000000004),
		Vector3.new(-613, 2057.9, 2917.9),
		Vector3.new(-613, 2056.2000000000003, 2919.3),
		Vector3.new(-613, 2055.2000000000003, 2920.1000000000004),
		Vector3.new(-613, 2057.2000000000003, 2918.6000000000004),
		Vector3.new(-613, 2058.5, 2918.9),
		Vector3.new(-613, 2057, 2918.3),
		Vector3.new(-613, 2058.5, 2918.6000000000004),
		Vector3.new(-613, 2057.4, 2918.1000000000004),
		Vector3.new(-613, 2058.4, 2918.2000000000003),
		Vector3.new(-613, 2057.3, 2918.4),
		Vector3.new(-613, 2054.9, 2917.1000000000004),
		Vector3.new(-613, 2056.2000000000003, 2917.9),
		Vector3.new(-613, 2056.6, 2918.7000000000003),
		Vector3.new(-613, 2056.3, 2916.8),
		Vector3.new(-613, 2056.8, 2918.7000000000003),
		Vector3.new(-613, 2056.4, 2916.8),
		Vector3.new(-613, 2056.8, 2918.3),
	},
	{
		Vector3.new(-613, 2056.8, 2918.3),
		Vector3.new(-613, 2058, 2917.3),
		Vector3.new(-613, 2056.9, 2918.1000000000004),
		Vector3.new(-613, 2057.7000000000003, 2917.3),
		Vector3.new(-613, 2056.7000000000003, 2917.9),
		Vector3.new(-613, 2057.7000000000003, 2917.2000000000003),
		Vector3.new(-613, 2056.7000000000003, 2917.7000000000003),
		Vector3.new(-613, 2057.5, 2917.1000000000004),
		Vector3.new(-613, 2056.6, 2917.4),
		Vector3.new(-613, 2055.2000000000003, 2917.2000000000003),
		Vector3.new(-613, 2057.4, 2917),
		Vector3.new(-613, 2055.7000000000003, 2917),
		Vector3.new(-613, 2056.9, 2916.9),
		Vector3.new(-613, 2055.1, 2917.2000000000003),
		Vector3.new(-613, 2057.3, 2917.2000000000003),
		Vector3.new(-613, 2055.5, 2917.3),
		Vector3.new(-613, 2056.7000000000003, 2917.9),
		Vector3.new(-613, 2055.5, 2917.2000000000003),
		Vector3.new(-613, 2057.3, 2917.3),
		Vector3.new(-613, 2056.8, 2918.5),
		Vector3.new(-613, 2055.5, 2918.6000000000004),
		Vector3.new(-613, 2056.7000000000003, 2918.6000000000004),
		Vector3.new(-613, 2055.2000000000003, 2918.9),
		Vector3.new(-613, 2056.3, 2918.5),
		Vector3.new(-613, 2054.8, 2919.2000000000003),
		Vector3.new(-613, 2056, 2918.8),
		Vector3.new(-613, 2054.8, 2919.4),
	},
	{
		Vector3.new(-613, 2054.8, 2919.4),
		Vector3.new(-613, 2056.1, 2918.8),
		Vector3.new(-613, 2054.8, 2919.6000000000004),
		Vector3.new(-613, 2056.5, 2919.3),
		Vector3.new(-613, 2055.3, 2920.2000000000003),
		Vector3.new(-613, 2056.5, 2919.1000000000004),
		Vector3.new(-613, 2055.5, 2920.3),
		Vector3.new(-613, 2055.8, 2918.8),
		Vector3.new(-613, 2055.4, 2920.3),
		Vector3.new(-613, 2055.5, 2919),
		Vector3.new(-613, 2057.1, 2920.9),
		Vector3.new(-613, 2055.9, 2919.7000000000003),
		Vector3.new(-613, 2057.2000000000003, 2920.8),
		Vector3.new(-613, 2056.2000000000003, 2919.6000000000004),
		Vector3.new(-613, 2056.6, 2921.1000000000004),
		Vector3.new(-613, 2056.4, 2919.2000000000003),
		Vector3.new(-613, 2056.4, 2921.2000000000003),
		Vector3.new(-613, 2057.4, 2920.4),
		Vector3.new(-613, 2056.3, 2920),
		Vector3.new(-613, 2057.5, 2920.8),
		Vector3.new(-613, 2056.7000000000003, 2920.1000000000004),
		Vector3.new(-613, 2056.8, 2921.4),
		Vector3.new(-613, 2056.2000000000003, 2920.2000000000003),
		Vector3.new(-613, 2055.8, 2921.5),
		Vector3.new(-613, 2056.4, 2920.3),
		Vector3.new(-613, 2056.2000000000003, 2921.4),
	},
	{
		Vector3.new(-613, 2056.2000000000003, 2921.4),
		Vector3.new(-613, 2057.1, 2920.8),
		Vector3.new(-613, 2055.3, 2921.6000000000004),
		Vector3.new(-613, 2056.2000000000003, 2920.8),
		Vector3.new(-613, 2055.1, 2921.5),
		Vector3.new(-613, 2054.3, 2921.2000000000003),
		Vector3.new(-613, 2053.5, 2920.8),
		Vector3.new(-613, 2053.1, 2920),
		Vector3.new(-613, 2053.1, 2919),
		Vector3.new(-613, 2053.6, 2918.2000000000003),
		Vector3.new(-613, 2054.9, 2917.2000000000003),
		Vector3.new(-613, 2056.2000000000003, 2917.4),
		Vector3.new(-613, 2054.7000000000003, 2917.5),
		Vector3.new(-613, 2056.3, 2917.4),
		Vector3.new(-613, 2058, 2918.4),
		Vector3.new(-613, 2057, 2918),
		Vector3.new(-613, 2056.1, 2917.4),
		Vector3.new(-613, 2057.3, 2917.4),
		Vector3.new(-613, 2058.2000000000003, 2919),
		Vector3.new(-613, 2058.4, 2920.2000000000003),
		Vector3.new(-613, 2057.2000000000003, 2920.6000000000004),
		Vector3.new(-613, 2058.8, 2919.5),
		Vector3.new(-613, 2058, 2918.4),
		Vector3.new(-613, 2058.8, 2920.1000000000004),
		Vector3.new(-613, 2057.9, 2918.6000000000004),
		Vector3.new(-613, 2058.3, 2920.1000000000004),
		Vector3.new(-613, 2058.9, 2919.2000000000003),
		Vector3.new(-613, 2058, 2920),
	},
	{
		Vector3.new(-613, 2058, 2920),
		Vector3.new(-613, 2059.2000000000003, 2919),
		Vector3.new(-613, 2058.3, 2916.6000000000004),
		Vector3.new(-613, 2057.2000000000003, 2915.3),
		Vector3.new(-613, 2057.2000000000003, 2914.5),
		Vector3.new(-613, 2053.2000000000003, 2919.9),
		Vector3.new(-613, 2053.2000000000003, 2921),
	},
	{
		Vector3.new(-613, 2053.2000000000003, 2921),
		Vector3.new(-613, 2084.4, 2901.8),
		Vector3.new(-613, 2084.5, 2900.7000000000003),
	},
	{
		Vector3.new(-613, 2084.5, 2900.7000000000003),
		Vector3.new(-613, 2081.5, 2899.9),
		Vector3.new(-613, 2084.5, 2898.5),
		Vector3.new(-613, 2084.1, 2897.5),
		Vector3.new(-613, 2080.2000000000003, 2899.9),
		Vector3.new(-613, 2084.4, 2901.8),
		Vector3.new(-613, 2080.4, 2899.9),
		Vector3.new(-613, 2084.4, 2901.6000000000004),
		Vector3.new(-613, 2080.6, 2899.8),
		Vector3.new(-613, 2084.3, 2901.4),
		Vector3.new(-613, 2080.9, 2900.1000000000004),
	},
	{
		Vector3.new(-613, 2080.9, 2900.1000000000004),
		Vector3.new(-613, 2084.4, 2900.8),
		Vector3.new(-613, 2081, 2899.9),
		Vector3.new(-613, 2084.4, 2900.9),
		Vector3.new(-613, 2081.7000000000003, 2900.3),
		Vector3.new(-613, 2084.4, 2901.1000000000004),
		Vector3.new(-613, 2082.2000000000003, 2900.6000000000004),
		Vector3.new(-613, 2084.4, 2901.3),
		Vector3.new(-613, 2081.8, 2900.3),
		Vector3.new(-613, 2084.4, 2901.2000000000003),
		Vector3.new(-613, 2080.7000000000003, 2899.7000000000003),
		Vector3.new(-613, 2084.1, 2897.6000000000004),
	},
	{
		Vector3.new(-613, 2084.1, 2897.6000000000004),
		Vector3.new(-613, 2080.9, 2899.7000000000003),
		Vector3.new(-613, 2084.2000000000003, 2897.7000000000003),
		Vector3.new(-613, 2081, 2899.8),
		Vector3.new(-613, 2084.3, 2897.8),
		Vector3.new(-613, 2081.2000000000003, 2899.9),
		Vector3.new(-613, 2084.3, 2898),
		Vector3.new(-613, 2081.2000000000003, 2900),
		Vector3.new(-613, 2084.4, 2898.4),
		Vector3.new(-613, 2081.9, 2899.5),
		Vector3.new(-613, 2084.3, 2898.2000000000003),
	},
	{
		Vector3.new(-613, 2084.3, 2898.2000000000003),
		Vector3.new(-613, 2081.8, 2899.6000000000004),
		Vector3.new(-613, 2084.3, 2898.1000000000004),
		Vector3.new(-613, 2084.5, 2896.2000000000003),
		Vector3.new(-613, 2084.5, 2895.1000000000004),
		Vector3.new(-613, 2080.2000000000003, 2895.1000000000004),
		Vector3.new(-613, 2080.2000000000003, 2896.2000000000003),
		Vector3.new(-613, 2084.5, 2896.2000000000003),
		Vector3.new(-613, 2080.3, 2896.1000000000004),
		Vector3.new(-613, 2084.5, 2896.1000000000004),
		Vector3.new(-613, 2080.3, 2895.9),
		Vector3.new(-613, 2084.5, 2895.9),
	},
	{
		Vector3.new(-613, 2084.5, 2895.9),
		Vector3.new(-613, 2080.3, 2895.7000000000003),
		Vector3.new(-613, 2084.4, 2895.7000000000003),
		Vector3.new(-613, 2080.3, 2895.6000000000004),
		Vector3.new(-613, 2084.5, 2895.6000000000004),
		Vector3.new(-613, 2080.3, 2895.4),
		Vector3.new(-613, 2084.5, 2895.4),
		Vector3.new(-613, 2080.3, 2895.2000000000003),
		Vector3.new(-613, 2084.5, 2895.3),
		Vector3.new(-613, 2082.9, 2895.1000000000004),
		Vector3.new(-613, 2082.9, 2893.9),
		Vector3.new(-613, 2082, 2893.9),
	},
	{
		Vector3.new(-613, 2082, 2893.9),
		Vector3.new(-613, 2082, 2895.2000000000003),
		Vector3.new(-613, 2082.1, 2894),
		Vector3.new(-613, 2082.2000000000003, 2895.6000000000004),
		Vector3.new(-613, 2082.3, 2893.9),
		Vector3.new(-613, 2082.3, 2895.5),
		Vector3.new(-613, 2082.4, 2893.9),
		Vector3.new(-613, 2082.5, 2895.3),
		Vector3.new(-613, 2082.6, 2893.9),
		Vector3.new(-613, 2082.6, 2895.4),
		Vector3.new(-613, 2082.8, 2893.9),
		Vector3.new(-613, 2082.8, 2895.5),
		Vector3.new(-613, 2082.9, 2893.9),
		Vector3.new(-613, 2084.6, 2893.9),
		Vector3.new(-613, 2084.6, 2892.8),
		Vector3.new(-613, 2080.1, 2892.8),
		Vector3.new(-613, 2080.1, 2893.8),
		Vector3.new(-613, 2082.4, 2893.9),
		Vector3.new(-613, 2084.5, 2893.8),
		Vector3.new(-613, 2080.1, 2893.6000000000004),
	},
	{
		Vector3.new(-613, 2080.1, 2893.6000000000004),
		Vector3.new(-613, 2084.5, 2893.6000000000004),
		Vector3.new(-613, 2080.2000000000003, 2893.5),
		Vector3.new(-613, 2084.5, 2893.4),
		Vector3.new(-613, 2080.1, 2893.3),
		Vector3.new(-613, 2084.5, 2893.3),
		Vector3.new(-613, 2080.1, 2893.2000000000003),
		Vector3.new(-613, 2084.5, 2893.1000000000004),
		Vector3.new(-613, 2080.2000000000003, 2893),
	},
	{
		Vector3.new(-613, 2080.2000000000003, 2893),
		Vector3.new(-613, 2084.5, 2893),
		Vector3.new(-613, 2080.1, 2892.9),
	},
}
