local wires = {
	{
		Vector3.new(1.6, 0.30000000000000004, 0),
		Vector3.new(2.6, 0.8, 0),
		Vector3.new(2.9000000000000004, 4.1000000000000005, 0),
		Vector3.new(3.6, 4, 0),
		Vector3.new(4.800000000000001, 4.1000000000000005, 0),
		Vector3.new(5.9, 4.6000000000000005, 0),
		Vector3.new(6.4, 5.4, 0),
		Vector3.new(6.6000000000000005, 7.9, 0),
		Vector3.new(6.4, 11.3, 0),
		Vector3.new(6, 12.9, 0),
		Vector3.new(5.300000000000001, 13.4, 0),
		Vector3.new(3.5, 13.700000000000001, 0),
		Vector3.new(2.8000000000000003, 13.700000000000001, 0),
		Vector3.new(3, 10, 0),
		Vector3.new(2.9000000000000004, 4.1000000000000005, 0),
		Vector3.new(3, 10.100000000000001, 0),
	},
	{
		Vector3.new(3, 10.100000000000001, 0),
		Vector3.new(2.8000000000000003, 13.700000000000001, 0),
		Vector3.new(2.4000000000000004, 15.8, 0),
		Vector3.new(1.8, 17.1, 0),
		Vector3.new(0.7000000000000001, 18.3, 0),
		Vector3.new(-0.6000000000000001, 18.8, 0),
		Vector3.new(-2.5, 18.900000000000002, 0),
		Vector3.new(-4.7, 18.8, 0),
		Vector3.new(-6.300000000000001, 18.3, 0),
		Vector3.new(-7.6000000000000005, 17.6, 0),
		Vector3.new(-8.6, 16.5, 0),
		Vector3.new(-9, 15.9, 0),
		Vector3.new(-7.4, 16.2, 0),
		Vector3.new(-5, 16.2, 0),
		Vector3.new(-2.8000000000000003, 15.9, 0),
		Vector3.new(-1.9000000000000001, 15.4, 0),
		Vector3.new(-1.4000000000000001, 14.600000000000001, 0),
		Vector3.new(-1.4000000000000001, 13.4, 0),
		Vector3.new(-1.6, 12.5, 0),
		Vector3.new(-2.2, 11.700000000000001, 0),
		Vector3.new(-3.2, 11.100000000000001, 0),
		Vector3.new(-4.5, 10.700000000000001, 0),
		Vector3.new(-5.9, 10.700000000000001, 0),
		Vector3.new(-7.800000000000001, 11, 0),
	},
	{
		Vector3.new(-7.800000000000001, 11, 0),
		Vector3.new(-9.600000000000001, 11.4, 0),
		Vector3.new(-10.8, 12.100000000000001, 0),
		Vector3.new(-11.100000000000001, 12.8, 0),
		Vector3.new(-11.100000000000001, 13.9, 0),
		Vector3.new(-10.700000000000001, 14.8, 0),
		Vector3.new(-10, 15.5, 0),
		Vector3.new(-9, 15.9, 0),
		Vector3.new(-9.9, 15.5, 0),
		Vector3.new(-10.700000000000001, 14.8, 0),
		Vector3.new(-11.200000000000001, 13.9, 0),
		Vector3.new(-11.100000000000001, 12.8, 0),
		Vector3.new(-10.8, 12.100000000000001, 0),
		Vector3.new(-10.100000000000001, 11.700000000000001, 0),
		Vector3.new(-10.100000000000001, 10.9, 0),
		Vector3.new(-10.200000000000001, 9.700000000000001, 0),
		Vector3.new(-10.3, 7.9, 0),
		Vector3.new(-10.100000000000001, 6.1000000000000005, 0),
		Vector3.new(-9.8, 4.5, 0),
		Vector3.new(-9.4, 3.2, 0),
		Vector3.new(-9.3, 2.1, 0),
		Vector3.new(-9.200000000000001, 1.5, 0),
		Vector3.new(-8.4, 1, 0),
		Vector3.new(-5.9, 1, 0),
		Vector3.new(-5.1000000000000005, 1.6, 0),
		Vector3.new(-4.800000000000001, 2.4000000000000004, 0),
		Vector3.new(-5, 3.5, 0),
		Vector3.new(-2.7, 3.9000000000000004, 0),
		Vector3.new(-2.7, 2.7, 0),
		Vector3.new(-2.7, 1.8, 0),
		Vector3.new(-2.5, 1.2000000000000002, 0),
		Vector3.new(-2, 0.7000000000000001, 0),
		Vector3.new(-1.2000000000000002, 0.2, 0),
	},
	{
		Vector3.new(-1.2000000000000002, 0.2, 0),
		Vector3.new(-0.1, 0, 0),
	},
}
