local wires = {
	{
		Vector3.new(-0.6000000000000001, 0, 0),
		Vector3.new(-1, 0.5, 0),
		Vector3.new(-1, 1.1, 0),
		Vector3.new(-1.2000000000000002, 1.6, 0),
		Vector3.new(-1.5, 2, 0),
		Vector3.new(-1.7000000000000002, 2.6, 0),
		Vector3.new(-2.3000000000000003, 2.4000000000000004, 0),
		Vector3.new(-2.8000000000000003, 2, 0),
		Vector3.new(-3, 1.5, 0),
		Vector3.new(-3.4000000000000004, 1, 0),
		Vector3.new(-3.7, 0.4, 0),
		Vector3.new(-4.4, 0.2, 0),
		Vector3.new(-4.9, 0.5, 0),
		Vector3.new(-4.7, 1, 0),
		Vector3.new(-4.2, 1.5, 0),
		Vector3.new(-4, 2, 0),
		Vector3.new(-3.6, 2.4000000000000004, 0),
		Vector3.new(-4.2, 2.3000000000000003, 0),
		Vector3.new(-4.7, 1.8, 0),
		Vector3.new(-5.1000000000000005, 1.2000000000000002, 0),
		Vector3.new(-5.5, 0.7000000000000001, 0),
		Vector3.new(-6.2, 0.7000000000000001, 0),
		Vector3.new(-6.300000000000001, 1.3, 0),
		Vector3.new(-5.9, 1.6, 0),
		Vector3.new(-5.6000000000000005, 2, 0),
		Vector3.new(-5.300000000000001, 2.5, 0),
		Vector3.new(-4.9, 2.8000000000000003, 0),
		Vector3.new(-5.300000000000001, 2.5, 0),
		Vector3.new(-5.9, 2.1, 0),
		Vector3.new(-6.300000000000001, 1.8, 0),
		Vector3.new(-6.9, 1.9000000000000001, 0),
		Vector3.new(-6.6000000000000005, 2.3000000000000003, 0),
		Vector3.new(-6.2, 2.7, 0),
		Vector3.new(-5.7, 3, 0),
		Vector3.new(-5.2, 3.4000000000000004, 0),
		Vector3.new(-4.7, 4, 0),
		Vector3.new(-4.5, 4.5, 0),
		Vector3.new(-4.2, 5.1000000000000005, 0),
		Vector3.new(-3.7, 6, 0),
		Vector3.new(-3.4000000000000004, 6.5, 0),
		Vector3.new(-3.4000000000000004, 7.1000000000000005, 0),
		Vector3.new(-3.2, 7.800000000000001, 0),
		Vector3.new(-3.1, 8.700000000000001, 0),
		Vector3.new(-3.1, 9.700000000000001, 0),
		Vector3.new(-3.2, 10.5, 0),
		Vector3.new(-3.2, 11.3, 0),
		Vector3.new(-2.9000000000000004, 12.100000000000001, 0),
		Vector3.new(-2.8000000000000003, 12.700000000000001, 0),
		Vector3.new(-2.6, 13.4, 0),
		Vector3.new(-2.2, 14, 0),
		Vector3.new(-2.2, 14.9, 0),
		Vector3.new(-2.1, 15.4, 0),
		Vector3.new(-2, 16, 0),
		Vector3.new(-1.9000000000000001, 16.7, 0),
		Vector3.new(-1.7000000000000002, 17.3, 0),
		Vector3.new(-1.4000000000000001, 17.8, 0),
		Vector3.new(-1.4000000000000001, 18.400000000000002, 0),
		Vector3.new(-1.4000000000000001, 19, 0),
		Vector3.new(-1.4000000000000001, 19.700000000000003, 0),
	},
	{
		Vector3.new(-1.4000000000000001, 19.700000000000003, 0),
		Vector3.new(-1.4000000000000001, 20.5, 0),
		Vector3.new(-0.9, 21.3, 0),
		Vector3.new(-0.4, 22, 0),
		Vector3.new(0.4, 22.400000000000002, 0),
		Vector3.new(0.8, 23, 0),
		Vector3.new(1.3, 23.8, 0),
		Vector3.new(1.7000000000000002, 24.3, 0),
		Vector3.new(1.2000000000000002, 24.700000000000003, 0),
		Vector3.new(0.6000000000000001, 25.400000000000002, 0),
		Vector3.new(0.2, 26, 0),
		Vector3.new(0, 26.8, 0),
		Vector3.new(0.1, 27.3, 0),
		Vector3.new(0.30000000000000004, 27.8, 0),
		Vector3.new(-11.200000000000001, 36.1, 0),
		Vector3.new(-11.3, 36.800000000000004, 0),
		Vector3.new(-15, 39.6, 0),
		Vector3.new(-15, 37.2, 0),
		Vector3.new(-12.5, 35.4, 0),
		Vector3.new(-12.100000000000001, 35.9, 0),
		Vector3.new(-11.4, 36.800000000000004, 0),
		Vector3.new(-11.9, 36.300000000000004, 0),
	},
	{
		Vector3.new(-11.9, 36.300000000000004, 0),
		Vector3.new(-12.5, 35.4, 0),
		Vector3.new(-11.8, 35.5, 0),
		Vector3.new(-11.5, 35.9, 0),
		Vector3.new(-11.8, 35.5, 0),
		Vector3.new(0, 27.3, 0),
		Vector3.new(0.30000000000000004, 27.8, 0),
		Vector3.new(0.9, 28, 0),
		Vector3.new(1.2000000000000002, 28.900000000000002, 0),
		Vector3.new(1.3, 29.400000000000002, 0),
		Vector3.new(1.7000000000000002, 30.3, 0),
		Vector3.new(2.3000000000000003, 31, 0),
		Vector3.new(2.9000000000000004, 31.6, 0),
		Vector3.new(3.7, 32, 0),
		Vector3.new(4.4, 32.1, 0),
		Vector3.new(5.300000000000001, 32.1, 0),
		Vector3.new(5.800000000000001, 32.1, 0),
		Vector3.new(6, 31.5, 0),
		Vector3.new(6, 30.8, 0),
		Vector3.new(6.1000000000000005, 30, 0),
		Vector3.new(6.1000000000000005, 29.1, 0),
		Vector3.new(6.2, 28, 0),
		Vector3.new(7.800000000000001, 28, 0),
		Vector3.new(5.2, 25.3, 0),
		Vector3.new(5.800000000000001, 25.3, 0),
		Vector3.new(6.300000000000001, 25.700000000000003, 0),
		Vector3.new(6.7, 25.900000000000002, 0),
		Vector3.new(7.300000000000001, 26, 0),
	},
	{
		Vector3.new(7.300000000000001, 26, 0),
		Vector3.new(8, 26, 0),
		Vector3.new(7.4, 25.900000000000002, 0),
		Vector3.new(6.9, 25.6, 0),
		Vector3.new(6.2, 25.1, 0),
		Vector3.new(5.7, 25.200000000000003, 0),
		Vector3.new(6.1000000000000005, 24.900000000000002, 0),
		Vector3.new(6.6000000000000005, 24.6, 0),
		Vector3.new(7.1000000000000005, 24.700000000000003, 0),
		Vector3.new(7.5, 25.1, 0),
		Vector3.new(7.7, 25.6, 0),
		Vector3.new(7, 25.6, 0),
		Vector3.new(6.800000000000001, 25.1, 0),
		Vector3.new(6.300000000000001, 25.200000000000003, 0),
		Vector3.new(5.800000000000001, 25.1, 0),
		Vector3.new(5.2, 25.3, 0),
		Vector3.new(4.7, 25.3, 0),
		Vector3.new(4.1000000000000005, 25.6, 0),
		Vector3.new(3.5, 25.900000000000002, 0),
		Vector3.new(3, 26, 0),
		Vector3.new(2.4000000000000004, 26, 0),
		Vector3.new(3, 25.8, 0),
		Vector3.new(3.7, 25.5, 0),
		Vector3.new(4.2, 25.1, 0),
		Vector3.new(4, 24.6, 0),
		Vector3.new(3.3000000000000003, 24.6, 0),
		Vector3.new(2.8000000000000003, 24.900000000000002, 0),
		Vector3.new(2.4000000000000004, 25.400000000000002, 0),
		Vector3.new(3.1, 25.6, 0),
		Vector3.new(3.4000000000000004, 25.1, 0),
		Vector3.new(4, 25.3, 0),
		Vector3.new(4.5, 25.1, 0),
		Vector3.new(5.300000000000001, 25.3, 0),
		Vector3.new(5.7, 24.6, 0),
		Vector3.new(5.5, 25.200000000000003, 0),
		Vector3.new(2.4000000000000004, 27.900000000000002, 0),
		Vector3.new(3.9000000000000004, 28, 0),
		Vector3.new(3.9000000000000004, 28.700000000000003, 0),
		Vector3.new(3.9000000000000004, 29.3, 0),
		Vector3.new(3.9000000000000004, 29.900000000000002, 0),
		Vector3.new(4, 30.700000000000003, 0),
		Vector3.new(4.1000000000000005, 31.400000000000002, 0),
		Vector3.new(4.4, 32.1, 0),
		Vector3.new(5.300000000000001, 32.1, 0),
		Vector3.new(5.800000000000001, 32.1, 0),
		Vector3.new(6.800000000000001, 31.700000000000003, 0),
		Vector3.new(7.4, 31.400000000000002, 0),
		Vector3.new(7.9, 30.8, 0),
		Vector3.new(8.3, 30.3, 0),
		Vector3.new(8.5, 29.8, 0),
		Vector3.new(8.6, 29.3, 0),
		Vector3.new(8.700000000000001, 28.1, 0),
	},
	{
		Vector3.new(8.700000000000001, 28.1, 0),
		Vector3.new(8.6, 27.5, 0),
		Vector3.new(9, 27.8, 0),
		Vector3.new(9.600000000000001, 27.400000000000002, 0),
		Vector3.new(9.8, 26.8, 0),
		Vector3.new(9.700000000000001, 26.200000000000003, 0),
		Vector3.new(9.3, 25.6, 0),
		Vector3.new(8.8, 25.1, 0),
		Vector3.new(8.5, 24.6, 0),
		Vector3.new(8, 24.8, 0),
		Vector3.new(8.200000000000001, 25.400000000000002, 0),
		Vector3.new(8.3, 26, 0),
		Vector3.new(8.3, 26.6, 0),
		Vector3.new(8.3, 26, 0),
		Vector3.new(8.3, 25.400000000000002, 0),
		Vector3.new(8.8, 25.6, 0),
		Vector3.new(9.1, 26.200000000000003, 0),
		Vector3.new(8.8, 25.6, 0),
		Vector3.new(8.5, 25.200000000000003, 0),
		Vector3.new(8, 25, 0),
		Vector3.new(8.3, 24.5, 0),
		Vector3.new(8.700000000000001, 24.900000000000002, 0),
		Vector3.new(9.1, 25.400000000000002, 0),
		Vector3.new(9.5, 25.900000000000002, 0),
		Vector3.new(9.8, 26.5, 0),
		Vector3.new(9.8, 27, 0),
		Vector3.new(9.5, 27.6, 0),
		Vector3.new(8.8, 27.700000000000003, 0),
		Vector3.new(8.5, 27.1, 0),
		Vector3.new(9, 27.200000000000003, 0),
		Vector3.new(8.5, 26.900000000000002, 0),
		Vector3.new(8.6, 27.5, 0),
		Vector3.new(9, 27.8, 0),
		Vector3.new(9.600000000000001, 27.3, 0),
		Vector3.new(9.8, 26.8, 0),
		Vector3.new(9.700000000000001, 26.3, 0),
		Vector3.new(9.4, 25.700000000000003, 0),
		Vector3.new(9, 25.200000000000003, 0),
		Vector3.new(9.200000000000001, 24.5, 0),
		Vector3.new(8.9, 23.900000000000002, 0),
		Vector3.new(8.700000000000001, 24.400000000000002, 0),
		Vector3.new(8.1, 24.6, 0),
		Vector3.new(7.800000000000001, 23.8, 0),
		Vector3.new(7.4, 23.200000000000003, 0),
		Vector3.new(6.9, 22.700000000000003, 0),
		Vector3.new(6.300000000000001, 22.200000000000003, 0),
		Vector3.new(5.7, 21.700000000000003, 0),
		Vector3.new(5.1000000000000005, 21.5, 0),
		Vector3.new(4.2, 21.8, 0),
		Vector3.new(3.5, 22.200000000000003, 0),
		Vector3.new(2.9000000000000004, 22.700000000000003, 0),
		Vector3.new(2.4000000000000004, 23.1, 0),
		Vector3.new(2.1, 23.6, 0),
		Vector3.new(1.8, 24.1, 0),
		Vector3.new(1.7000000000000002, 24.6, 0),
		Vector3.new(1.6, 25.400000000000002, 0),
		Vector3.new(1.4000000000000001, 26.3, 0),
		Vector3.new(1.3, 27.1, 0),
		Vector3.new(1.3, 27.700000000000003, 0),
	},
	{
		Vector3.new(1.3, 27.700000000000003, 0),
		Vector3.new(0.7000000000000001, 27.5, 0),
		Vector3.new(0.5, 26.900000000000002, 0),
		Vector3.new(0.7000000000000001, 27.5, 0),
		Vector3.new(1.3, 27.200000000000003, 0),
		Vector3.new(1.4000000000000001, 26.6, 0),
		Vector3.new(1.1, 26, 0),
		Vector3.new(1.3, 25.5, 0),
		Vector3.new(0.9, 25.900000000000002, 0),
		Vector3.new(0.5, 26.400000000000002, 0),
		Vector3.new(0.8, 26.700000000000003, 0),
		Vector3.new(0.5, 26.200000000000003, 0),
		Vector3.new(1, 25.8, 0),
		Vector3.new(1.4000000000000001, 26.400000000000002, 0),
		Vector3.new(1.5, 25.8, 0),
		Vector3.new(1.6, 25, 0),
		Vector3.new(1.8, 24.1, 0),
		Vector3.new(2.1, 23.6, 0),
		Vector3.new(2.4000000000000004, 23.1, 0),
		Vector3.new(3, 22.6, 0),
		Vector3.new(3.5, 22.200000000000003, 0),
		Vector3.new(4.2, 21.8, 0),
		Vector3.new(4.800000000000001, 21.6, 0),
		Vector3.new(5.1000000000000005, 22, 0),
		Vector3.new(5.4, 22.5, 0),
		Vector3.new(5.2, 23.1, 0),
		Vector3.new(4.7, 23.3, 0),
		Vector3.new(5.4, 23.200000000000003, 0),
		Vector3.new(5.1000000000000005, 21.5, 0),
		Vector3.new(4.3, 21.8, 0),
		Vector3.new(3.7, 22.1, 0),
		Vector3.new(3.9000000000000004, 21.700000000000003, 0),
		Vector3.new(4.4, 21.200000000000003, 0),
		Vector3.new(3.9000000000000004, 21.6, 0),
		Vector3.new(3.7, 22.1, 0),
		Vector3.new(4.2, 21.8, 0),
		Vector3.new(4.800000000000001, 21.6, 0),
		Vector3.new(5.4, 21.6, 0),
		Vector3.new(6.2, 22.1, 0),
		Vector3.new(6.300000000000001, 21.400000000000002, 0),
		Vector3.new(6, 20.8, 0),
		Vector3.new(5.5, 20, 0),
		Vector3.new(5, 19.3, 0),
		Vector3.new(4.4, 18.8, 0),
		Vector3.new(4, 18.3, 0),
		Vector3.new(3.2, 17.5, 0),
		Vector3.new(2.6, 17, 0),
		Vector3.new(2.2, 16.7, 0),
		Vector3.new(1.3, 16.7, 0),
		Vector3.new(1.3, 17.3, 0),
		Vector3.new(1.4000000000000001, 18, 0),
		Vector3.new(1.6, 18.6, 0),
		Vector3.new(2.3000000000000003, 18.900000000000002, 0),
		Vector3.new(1.7000000000000002, 18.400000000000002, 0),
		Vector3.new(1.4000000000000001, 18, 0),
	},
	{
		Vector3.new(1.4000000000000001, 18, 0),
		Vector3.new(1.3, 17.3, 0),
		Vector3.new(1.1, 16.8, 0),
		Vector3.new(1, 16, 0),
		Vector3.new(1, 15.5, 0),
		Vector3.new(0.9, 15, 0),
		Vector3.new(0.6000000000000001, 14.100000000000001, 0),
		Vector3.new(0.2, 13.4, 0),
		Vector3.new(-0.1, 12.9, 0),
		Vector3.new(0, 12, 0),
		Vector3.new(0, 11, 0),
		Vector3.new(-0.1, 10.4, 0),
		Vector3.new(-0.30000000000000004, 9.700000000000001, 0),
		Vector3.new(-0.5, 9.1, 0),
		Vector3.new(-0.8, 8.1, 0),
		Vector3.new(-1.1, 7.1000000000000005, 0),
		Vector3.new(-1.2000000000000002, 6.6000000000000005, 0),
		Vector3.new(-1.2000000000000002, 5.6000000000000005, 0),
		Vector3.new(-1.5, 6.2, 0),
		Vector3.new(-1.2000000000000002, 5.6000000000000005, 0),
		Vector3.new(-1.2000000000000002, 6.300000000000001, 0),
		Vector3.new(-0.7000000000000001, 6.7, 0),
		Vector3.new(-0.30000000000000004, 7, 0),
		Vector3.new(0.1, 7.9, 0),
		Vector3.new(0.2, 8.700000000000001, 0),
		Vector3.new(0.30000000000000004, 9.200000000000001, 0),
		Vector3.new(0.5, 10.100000000000001, 0),
		Vector3.new(-0.2, 10, 0),
		Vector3.new(0.5, 10.100000000000001, 0),
		Vector3.new(1.4000000000000001, 10.200000000000001, 0),
		Vector3.new(1.9000000000000001, 10.200000000000001, 0),
		Vector3.new(2.5, 10.4, 0),
		Vector3.new(3, 11, 0),
		Vector3.new(4, 12.200000000000001, 0),
		Vector3.new(3.5, 11.5, 0),
		Vector3.new(3.4000000000000004, 10.4, 0),
		Vector3.new(3.3000000000000003, 9.700000000000001, 0),
		Vector3.new(3.2, 9, 0),
		Vector3.new(3.1, 8.1, 0),
		Vector3.new(3.1, 7.2, 0),
		Vector3.new(3.1, 6, 0),
		Vector3.new(3.2, 5.4, 0),
		Vector3.new(3.2, 7.5, 0),
		Vector3.new(3.2, 8.4, 0),
		Vector3.new(3.4000000000000004, 7.5, 0),
		Vector3.new(3.3000000000000003, 8.8, 0),
	},
	{
		Vector3.new(3.3000000000000003, 8.8, 0),
		Vector3.new(3.5, 10.3, 0),
		Vector3.new(3.6, 11.600000000000001, 0),
		Vector3.new(3.7, 11.100000000000001, 0),
		Vector3.new(3.7, 10.200000000000001, 0),
		Vector3.new(3.8000000000000003, 9.200000000000001, 0),
		Vector3.new(3.9000000000000004, 10.4, 0),
		Vector3.new(3.9000000000000004, 11, 0),
		Vector3.new(3.7, 11.700000000000001, 0),
		Vector3.new(4.1000000000000005, 12.200000000000001, 0),
		Vector3.new(4.7, 12.600000000000001, 0),
		Vector3.new(4.800000000000001, 11.9, 0),
		Vector3.new(4.9, 11.4, 0),
		Vector3.new(4.800000000000001, 10.9, 0),
		Vector3.new(4.800000000000001, 10.3, 0),
		Vector3.new(4.7, 9.8, 0),
		Vector3.new(4.6000000000000005, 9.200000000000001, 0),
		Vector3.new(4.6000000000000005, 8.700000000000001, 0),
		Vector3.new(4.7, 8, 0),
		Vector3.new(4.7, 7.300000000000001, 0),
		Vector3.new(4.9, 6.800000000000001, 0),
		Vector3.new(5.1000000000000005, 6.2, 0),
		Vector3.new(4.800000000000001, 5.7, 0),
		Vector3.new(4.5, 4.9, 0),
		Vector3.new(4.1000000000000005, 4.2, 0),
		Vector3.new(3.8000000000000003, 3.7, 0),
		Vector3.new(3.4000000000000004, 3, 0),
		Vector3.new(2.6, 3.4000000000000004, 0),
		Vector3.new(1.8, 3.9000000000000004, 0),
		Vector3.new(1, 4.5, 0),
		Vector3.new(0.4, 5.2, 0),
		Vector3.new(0.2, 6, 0),
		Vector3.new(0.1, 6.7, 0),
		Vector3.new(-0.30000000000000004, 7, 0),
		Vector3.new(-1.2000000000000002, 6.300000000000001, 0),
		Vector3.new(-1.2000000000000002, 5.6000000000000005, 0),
		Vector3.new(-0.9, 5.1000000000000005, 0),
		Vector3.new(-0.6000000000000001, 4.6000000000000005, 0),
		Vector3.new(-0.30000000000000004, 4.1000000000000005, 0),
		Vector3.new(0.1, 3.7, 0),
		Vector3.new(0.6000000000000001, 3.2, 0),
		Vector3.new(1, 2.7, 0),
		Vector3.new(1.5, 2.4000000000000004, 0),
		Vector3.new(2, 2.2, 0),
		Vector3.new(1.7000000000000002, 1.7000000000000002, 0),
		Vector3.new(1, 1.7000000000000002, 0),
		Vector3.new(0.5, 2, 0),
		Vector3.new(0, 2.5, 0),
		Vector3.new(-0.5, 2.7, 0),
		Vector3.new(-0.4, 2.1, 0),
		Vector3.new(-0.2, 1.5, 0),
		Vector3.new(0, 0.9, 0),
		Vector3.new(-0.5, 0.7000000000000001, 0),
		Vector3.new(-0.1, 0.4, 0),
	},
	{
		Vector3.new(-0.1, 0.4, 0),
		Vector3.new(-0.6000000000000001, 0, 0),
		Vector3.new(-1, 0.6000000000000001, 0),
		Vector3.new(-1, 1.1, 0),
		Vector3.new(-1.2000000000000002, 1.6, 0),
		Vector3.new(-1.6, 2.1, 0),
		Vector3.new(-2, 2.4000000000000004, 0),
		Vector3.new(-2.8000000000000003, 2.1, 0),
		Vector3.new(-3, 1.4000000000000001, 0),
		Vector3.new(-3.5, 1, 0),
		Vector3.new(-3.7, 0.4, 0),
		Vector3.new(-4.4, 0.1, 0),
		Vector3.new(-4.9, 0.5, 0),
		Vector3.new(-4.6000000000000005, 1, 0),
		Vector3.new(-4.2, 1.5, 0),
		Vector3.new(-4, 2, 0),
		Vector3.new(-3.6, 2.5, 0),
		Vector3.new(-4.2, 2.3000000000000003, 0),
		Vector3.new(-4.7, 1.8, 0),
		Vector3.new(-5.1000000000000005, 1.2000000000000002, 0),
		Vector3.new(-5.5, 0.7000000000000001, 0),
		Vector3.new(-6.2, 0.7000000000000001, 0),
		Vector3.new(-6.300000000000001, 1.2000000000000002, 0),
		Vector3.new(-5.9, 1.4000000000000001, 0),
		Vector3.new(-5.6000000000000005, 2, 0),
		Vector3.new(-6.300000000000001, 1.8, 0),
		Vector3.new(-6.800000000000001, 1.8, 0),
		Vector3.new(-6.5, 2.2, 0),
		Vector3.new(-6.2, 2.7, 0),
		Vector3.new(-5.6000000000000005, 3, 0),
		Vector3.new(-5.2, 3.4000000000000004, 0),
		Vector3.new(-4.800000000000001, 4, 0),
		Vector3.new(-4.5, 4.5, 0),
		Vector3.new(-4.1000000000000005, 5.2, 0),
		Vector3.new(-3.5, 6.300000000000001, 0),
		Vector3.new(-3.6, 6.9, 0),
		Vector3.new(-3.2, 8.200000000000001, 0),
		Vector3.new(-3.1, 8.8, 0),
		Vector3.new(-3.1, 9.4, 0),
		Vector3.new(-3.2, 10.3, 0),
		Vector3.new(-3.3000000000000003, 11.100000000000001, 0),
		Vector3.new(-2.9000000000000004, 10.200000000000001, 0),
		Vector3.new(-2.8000000000000003, 9.700000000000001, 0),
		Vector3.new(-2.7, 9.1, 0),
		Vector3.new(-2.6, 8.6, 0),
		Vector3.new(-2.5, 7.7, 0),
		Vector3.new(-2.6, 7.1000000000000005, 0),
		Vector3.new(-2.8000000000000003, 6.300000000000001, 0),
		Vector3.new(-3, 5.4, 0),
		Vector3.new(-4, 4.9, 0),
		Vector3.new(-3.3000000000000003, 3.8000000000000003, 0),
		Vector3.new(-1.5, 5.2, 0),
	},
	{
		Vector3.new(-1.5, 5.2, 0),
		Vector3.new(-2.3000000000000003, 5.300000000000001, 0),
		Vector3.new(-2.1, 6.1000000000000005, 0),
		Vector3.new(-1.9000000000000001, 6.9, 0),
		Vector3.new(-1.9000000000000001, 7.5, 0),
		Vector3.new(-1.9000000000000001, 8.200000000000001, 0),
		Vector3.new(-2, 9.4, 0),
		Vector3.new(-2.1, 10, 0),
		Vector3.new(-2.3000000000000003, 10.700000000000001, 0),
		Vector3.new(-2.4000000000000004, 11.4, 0),
		Vector3.new(-2.4000000000000004, 12.3, 0),
		Vector3.new(-2.3000000000000003, 13.100000000000001, 0),
		Vector3.new(-1.9000000000000001, 14, 0),
		Vector3.new(-1.8, 14.700000000000001, 0),
		Vector3.new(-1.9000000000000001, 15.3, 0),
		Vector3.new(-1.9000000000000001, 16, 0),
		Vector3.new(-1.8, 16.900000000000002, 0),
		Vector3.new(-2.8000000000000003, 18, 0),
		Vector3.new(-3.7, 18.7, 0),
		Vector3.new(-4.4, 19.6, 0),
		Vector3.new(-5.1000000000000005, 20.3, 0),
		Vector3.new(-5.800000000000001, 21, 0),
		Vector3.new(-6.1000000000000005, 21.400000000000002, 0),
		Vector3.new(-6.800000000000001, 21.8, 0),
		Vector3.new(-7.6000000000000005, 22.1, 0),
		Vector3.new(-8.9, 22.6, 0),
		Vector3.new(-8.5, 21.900000000000002, 0),
		Vector3.new(-8.1, 21.1, 0),
		Vector3.new(-7.800000000000001, 20.3, 0),
		Vector3.new(-7.7, 19.8, 0),
		Vector3.new(-7.800000000000001, 19, 0),
		Vector3.new(-8.200000000000001, 18.5, 0),
		Vector3.new(-8.6, 18.1, 0),
		Vector3.new(-9.1, 17.7, 0),
		Vector3.new(-8.3, 17.6, 0),
		Vector3.new(-7.5, 17.400000000000002, 0),
		Vector3.new(-6.4, 17, 0),
		Vector3.new(-5.800000000000001, 16.6, 0),
		Vector3.new(-5.1000000000000005, 16.1, 0),
		Vector3.new(-4.1000000000000005, 15.5, 0),
		Vector3.new(-3.1, 14.9, 0),
		Vector3.new(-2.5, 14.600000000000001, 0),
		Vector3.new(-2.2, 15.4, 0),
		Vector3.new(-2, 16.2, 0),
		Vector3.new(-2.5, 16.7, 0),
		Vector3.new(-2.9000000000000004, 17.1, 0),
	},
	{
		Vector3.new(-2.9000000000000004, 17.1, 0),
		Vector3.new(-3.3000000000000003, 17.5, 0),
		Vector3.new(-3.7, 17.900000000000002, 0),
		Vector3.new(-3.3000000000000003, 17.5, 0),
		Vector3.new(-2.9000000000000004, 17.1, 0),
		Vector3.new(-2.3000000000000003, 16.400000000000002, 0),
		Vector3.new(-2.1, 15.8, 0),
		Vector3.new(-2.7, 16.1, 0),
		Vector3.new(-2.1, 15.8, 0),
		Vector3.new(-2.2, 15.100000000000001, 0),
		Vector3.new(-2.8000000000000003, 14.600000000000001, 0),
		Vector3.new(-3.6, 14.5, 0),
		Vector3.new(-4.5, 14.5, 0),
		Vector3.new(-5.1000000000000005, 14.3, 0),
		Vector3.new(-6.1000000000000005, 13.700000000000001, 0),
		Vector3.new(-6.800000000000001, 13.200000000000001, 0),
		Vector3.new(-7.9, 12.5, 0),
		Vector3.new(-9, 11.9, 0),
		Vector3.new(-10.100000000000001, 11.3, 0),
		Vector3.new(-11, 10.9, 0),
		Vector3.new(-10.600000000000001, 11.600000000000001, 0),
		Vector3.new(-10.200000000000001, 12.5, 0),
		Vector3.new(-10.100000000000001, 13.3, 0),
		Vector3.new(-10.100000000000001, 13.9, 0),
		Vector3.new(-10.100000000000001, 14.600000000000001, 0),
		Vector3.new(-10.3, 15.200000000000001, 0),
		Vector3.new(-9.4, 15.600000000000001, 0),
		Vector3.new(-8.6, 16, 0),
		Vector3.new(-7.800000000000001, 16.3, 0),
		Vector3.new(-7.1000000000000005, 16.400000000000002, 0),
		Vector3.new(-6.5, 16.5, 0),
		Vector3.new(-5.800000000000001, 16.400000000000002, 0),
		Vector3.new(-4.4, 15.700000000000001, 0),
		Vector3.new(-5.2, 15.600000000000001, 0),
		Vector3.new(-6.1000000000000005, 15.600000000000001, 0),
		Vector3.new(-6.6000000000000005, 15.600000000000001, 0),
		Vector3.new(-7.300000000000001, 15.200000000000001, 0),
		Vector3.new(-6.6000000000000005, 15.5, 0),
		Vector3.new(-6.1000000000000005, 15.600000000000001, 0),
		Vector3.new(-5.2, 15.600000000000001, 0),
		Vector3.new(-4.7, 15.600000000000001, 0),
		Vector3.new(-4.1000000000000005, 15.5, 0),
		Vector3.new(-2.8000000000000003, 14.8, 0),
		Vector3.new(-2.2, 14.600000000000001, 0),
		Vector3.new(-2.9000000000000004, 14, 0),
		Vector3.new(-3.3000000000000003, 13.600000000000001, 0),
		Vector3.new(-3.9000000000000004, 13.100000000000001, 0),
	},
	{
		Vector3.new(-3.9000000000000004, 13.100000000000001, 0),
		Vector3.new(-4.5, 12.4, 0),
		Vector3.new(-4.800000000000001, 12.100000000000001, 0),
		Vector3.new(-5.4, 11.9, 0),
		Vector3.new(-5.7, 11.5, 0),
		Vector3.new(-6.6000000000000005, 11.100000000000001, 0),
		Vector3.new(-7, 10.8, 0),
		Vector3.new(-7.4, 10.5, 0),
		Vector3.new(-7, 9.8, 0),
		Vector3.new(-6.6000000000000005, 9.5, 0),
		Vector3.new(-7.2, 8.9, 0),
		Vector3.new(-7.7, 8.700000000000001, 0),
		Vector3.new(-7.9, 7.9, 0),
		Vector3.new(-8, 7.1000000000000005, 0),
		Vector3.new(-8.3, 6.2, 0),
		Vector3.new(-8.3, 5.6000000000000005, 0),
		Vector3.new(-7.4, 4.5, 0),
		Vector3.new(-6.6000000000000005, 4.1000000000000005, 0),
		Vector3.new(-5.9, 3.9000000000000004, 0),
		Vector3.new(-5.4, 3.9000000000000004, 0),
		Vector3.new(-4.800000000000001, 4, 0),
		Vector3.new(-4.6000000000000005, 4.5, 0),
		Vector3.new(-3.5, 6.4, 0),
		Vector3.new(-4, 6.2, 0),
		Vector3.new(-4.4, 6, 0),
		Vector3.new(-4.800000000000001, 5.6000000000000005, 0),
		Vector3.new(-4.1000000000000005, 6.1000000000000005, 0),
		Vector3.new(-4.800000000000001, 5, 0),
		Vector3.new(-5.2, 4.6000000000000005, 0),
		Vector3.new(-6, 4.3, 0),
		Vector3.new(-6.6000000000000005, 4.1000000000000005, 0),
		Vector3.new(-7.4, 4.5, 0),
		Vector3.new(-8, 5.1000000000000005, 0),
		Vector3.new(-8.3, 5.800000000000001, 0),
		Vector3.new(-8.3, 6.300000000000001, 0),
		Vector3.new(-8, 7.1000000000000005, 0),
		Vector3.new(-7.9, 7.6000000000000005, 0),
		Vector3.new(-7.9, 8.3, 0),
		Vector3.new(-7.2, 8.9, 0),
		Vector3.new(-7, 8.3, 0),
		Vector3.new(-7.300000000000001, 7.7, 0),
		Vector3.new(-6.9, 8.5, 0),
		Vector3.new(-6.800000000000001, 9, 0),
		Vector3.new(-6.5, 9.5, 0),
		Vector3.new(-5.9, 10, 0),
		Vector3.new(-5.2, 10.100000000000001, 0),
		Vector3.new(-4.4, 10, 0),
		Vector3.new(-3.8000000000000003, 9.5, 0),
		Vector3.new(-3.4000000000000004, 9.1, 0),
		Vector3.new(-3.1, 9.600000000000001, 0),
		Vector3.new(-3.2, 10.3, 0),
		Vector3.new(-3.7, 10.3, 0),
	},
	{
		Vector3.new(-3.7, 10.3, 0),
		Vector3.new(-4.6000000000000005, 10.4, 0),
		Vector3.new(-5, 10.600000000000001, 0),
		Vector3.new(-5.6000000000000005, 10.600000000000001, 0),
		Vector3.new(-6.4, 10.600000000000001, 0),
		Vector3.new(-6.9, 10.5, 0),
		Vector3.new(-5.300000000000001, 10.600000000000001, 0),
		Vector3.new(-5.9, 10.100000000000001, 0),
		Vector3.new(-5.300000000000001, 10.600000000000001, 0),
		Vector3.new(-4.800000000000001, 10.5, 0),
		Vector3.new(-3.8000000000000003, 10.3, 0),
		Vector3.new(-3.2, 10.3, 0),
		Vector3.new(-3.2, 11.100000000000001, 0),
		Vector3.new(-2.7, 12.600000000000001, 0),
		Vector3.new(-3.6, 12.200000000000001, 0),
		Vector3.new(-4, 11.9, 0),
		Vector3.new(-4.6000000000000005, 11.700000000000001, 0),
		Vector3.new(-4, 11.9, 0),
		Vector3.new(-3.5, 12.200000000000001, 0),
		Vector3.new(-2.7, 12.600000000000001, 0),
		Vector3.new(-2.8000000000000003, 13.100000000000001, 0),
		Vector3.new(-2.5, 13.5, 0),
		Vector3.new(-2.2, 14, 0),
		Vector3.new(-2.2, 15, 0),
		Vector3.new(-2.1, 15.8, 0),
		Vector3.new(-1.9000000000000001, 16.7, 0),
		Vector3.new(-1.7000000000000002, 17.3, 0),
		Vector3.new(-1.4000000000000001, 17.8, 0),
		Vector3.new(-1.4000000000000001, 18.7, 0),
		Vector3.new(-1.4000000000000001, 20.5, 0),
		Vector3.new(-1.1, 21.1, 0),
		Vector3.new(-0.4, 21.900000000000002, 0),
		Vector3.new(0.2, 22.3, 0),
		Vector3.new(0.6000000000000001, 22.700000000000003, 0),
		Vector3.new(1, 23.400000000000002, 0),
		Vector3.new(1.3, 23.8, 0),
		Vector3.new(1.7000000000000002, 24.3, 0),
		Vector3.new(2, 23.700000000000003, 0),
		Vector3.new(2.4000000000000004, 23.1, 0),
		Vector3.new(2.9000000000000004, 22.700000000000003, 0),
		Vector3.new(3.7, 22.1, 0),
		Vector3.new(4.7, 21.6, 0),
		Vector3.new(5.300000000000001, 21.6, 0),
		Vector3.new(6.6000000000000005, 22.400000000000002, 0),
		Vector3.new(7.1000000000000005, 22.900000000000002, 0),
		Vector3.new(7.1000000000000005, 22.3, 0),
		Vector3.new(6.7, 21.1, 0),
	},
	{
		Vector3.new(6.7, 21.1, 0),
		Vector3.new(6.4, 20.400000000000002, 0),
		Vector3.new(6.2, 19.8, 0),
		Vector3.new(5.800000000000001, 19.200000000000003, 0),
		Vector3.new(5.1000000000000005, 17.900000000000002, 0),
		Vector3.new(4.5, 17.6, 0),
		Vector3.new(5.1000000000000005, 18.6, 0),
		Vector3.new(5.5, 19.400000000000002, 0),
		Vector3.new(6, 20.3, 0),
		Vector3.new(5.5, 19.3, 0),
		Vector3.new(5.1000000000000005, 18.6, 0),
		Vector3.new(4.5, 17.6, 0),
		Vector3.new(5.1000000000000005, 17.900000000000002, 0),
		Vector3.new(4.9, 17.400000000000002, 0),
		Vector3.new(4.6000000000000005, 16.8, 0),
		Vector3.new(4.2, 16.3, 0),
		Vector3.new(3.7, 15.600000000000001, 0),
		Vector3.new(3.2, 15.200000000000001, 0),
		Vector3.new(2.6, 14.600000000000001, 0),
		Vector3.new(3.4000000000000004, 15.3, 0),
		Vector3.new(4.2, 16.3, 0),
		Vector3.new(4.6000000000000005, 16.900000000000002, 0),
		Vector3.new(4.9, 17.400000000000002, 0),
		Vector3.new(5.1000000000000005, 17.900000000000002, 0),
		Vector3.new(5.800000000000001, 19.200000000000003, 0),
		Vector3.new(6.5, 20.400000000000002, 0),
		Vector3.new(7, 21.8, 0),
		Vector3.new(7.2, 22.6, 0),
		Vector3.new(7.4, 23.200000000000003, 0),
		Vector3.new(7.4, 22.400000000000002, 0),
		Vector3.new(7.4, 21.8, 0),
		Vector3.new(7.300000000000001, 21.3, 0),
		Vector3.new(7.1000000000000005, 20.700000000000003, 0),
		Vector3.new(6.9, 20, 0),
		Vector3.new(6.6000000000000005, 19.200000000000003, 0),
		Vector3.new(6.300000000000001, 18.5, 0),
		Vector3.new(6.2, 18, 0),
		Vector3.new(6.2, 17.3, 0),
		Vector3.new(6, 16.7, 0),
		Vector3.new(5.7, 16.1, 0),
		Vector3.new(5.5, 15.4, 0),
		Vector3.new(5.1000000000000005, 14.700000000000001, 0),
		Vector3.new(5.5, 15.4, 0),
		Vector3.new(5.800000000000001, 16.2, 0),
		Vector3.new(6.2, 17.3, 0),
		Vector3.new(6.2, 18, 0),
	},
	{
		Vector3.new(6.2, 18, 0),
		Vector3.new(5.9, 17.5, 0),
		Vector3.new(5.7, 17.1, 0),
		Vector3.new(5.4, 16.6, 0),
		Vector3.new(5, 16, 0),
		Vector3.new(5.4, 16.7, 0),
		Vector3.new(5.800000000000001, 17.400000000000002, 0),
		Vector3.new(6.2, 18, 0),
		Vector3.new(6.4, 18.7, 0),
		Vector3.new(6.6000000000000005, 19.200000000000003, 0),
		Vector3.new(6.800000000000001, 19.8, 0),
		Vector3.new(7.1000000000000005, 20.5, 0),
		Vector3.new(7.300000000000001, 21.400000000000002, 0),
		Vector3.new(7.4, 22.400000000000002, 0),
		Vector3.new(7.5, 22.900000000000002, 0),
		Vector3.new(7.7, 23.5, 0),
		Vector3.new(7.9, 22.6, 0),
		Vector3.new(7.800000000000001, 22, 0),
		Vector3.new(7.800000000000001, 21.200000000000003, 0),
		Vector3.new(7.6000000000000005, 20.700000000000003, 0),
		Vector3.new(7.4, 19.700000000000003, 0),
		Vector3.new(7.2, 18.900000000000002, 0),
		Vector3.new(7, 18, 0),
		Vector3.new(6.6000000000000005, 17, 0),
		Vector3.new(6.1000000000000005, 15.700000000000001, 0),
		Vector3.new(6.6000000000000005, 17.1, 0),
		Vector3.new(7, 18.2, 0),
		Vector3.new(7.4, 19.6, 0),
		Vector3.new(7.800000000000001, 21.1, 0),
		Vector3.new(8, 20.3, 0),
		Vector3.new(7.7, 19.5, 0),
		Vector3.new(7.5, 18.8, 0),
		Vector3.new(7.300000000000001, 18, 0),
		Vector3.new(7.1000000000000005, 17.2, 0),
		Vector3.new(6.9, 16.7, 0),
		Vector3.new(6.5, 15.700000000000001, 0),
		Vector3.new(6.1000000000000005, 14.700000000000001, 0),
		Vector3.new(6.7, 15.200000000000001, 0),
		Vector3.new(7.1000000000000005, 15.700000000000001, 0),
		Vector3.new(7.1000000000000005, 16.400000000000002, 0),
		Vector3.new(7.1000000000000005, 17.3, 0),
		Vector3.new(7.7, 18.2, 0),
		Vector3.new(8.1, 18.900000000000002, 0),
		Vector3.new(8.5, 19.8, 0),
		Vector3.new(9, 20, 0),
	},
	{
		Vector3.new(9, 20, 0),
		Vector3.new(9.700000000000001, 19.700000000000003, 0),
		Vector3.new(10, 20.1, 0),
		Vector3.new(13.5, 17.6, 0),
		Vector3.new(13.8, 16.900000000000002, 0),
		Vector3.new(21.8, 11.4, 0),
		Vector3.new(22.900000000000002, 11.4, 0),
		Vector3.new(23.200000000000003, 11.8, 0),
		Vector3.new(22.700000000000003, 12.8, 0),
		Vector3.new(22.400000000000002, 12.3, 0),
		Vector3.new(21.8, 11.5, 0),
		Vector3.new(22.400000000000002, 12.3, 0),
		Vector3.new(22.700000000000003, 12.8, 0),
		Vector3.new(14.9, 18.2, 0),
		Vector3.new(14.5, 17.7, 0),
		Vector3.new(13.8, 16.900000000000002, 0),
		Vector3.new(14.4, 17.6, 0),
		Vector3.new(14.9, 18.2, 0),
		Vector3.new(13.9, 18.2, 0),
		Vector3.new(13.5, 17.6, 0),
		Vector3.new(13.9, 18.2, 0),
	},
	{
		Vector3.new(13.9, 18.2, 0),
		Vector3.new(10.3, 20.8, 0),
		Vector3.new(9.8, 20.400000000000002, 0),
		Vector3.new(10.3, 20.8, 0),
		Vector3.new(10.8, 20.900000000000002, 0),
		Vector3.new(10.8, 21.6, 0),
		Vector3.new(10.4, 22, 0),
		Vector3.new(9.9, 22.200000000000003, 0),
		Vector3.new(9.3, 22.1, 0),
		Vector3.new(8.8, 22.1, 0),
		Vector3.new(8.700000000000001, 21.5, 0),
		Vector3.new(9.3, 21.900000000000002, 0),
		Vector3.new(8.700000000000001, 21.5, 0),
		Vector3.new(8.6, 20.3, 0),
		Vector3.new(8.700000000000001, 21.1, 0),
		Vector3.new(9.8, 21.700000000000003, 0),
		Vector3.new(10.4, 21.5, 0),
		Vector3.new(10.200000000000001, 22.1, 0),
		Vector3.new(10.4, 21.5, 0),
		Vector3.new(9.8, 21.8, 0),
		Vector3.new(8.700000000000001, 21.1, 0),
		Vector3.new(8.8, 22.1, 0),
		Vector3.new(8.8, 22.900000000000002, 0),
		Vector3.new(8.8, 23.6, 0),
		Vector3.new(8.700000000000001, 24.1, 0),
		Vector3.new(8.700000000000001, 24.900000000000002, 0),
		Vector3.new(8.200000000000001, 24.5, 0),
		Vector3.new(8.3, 23.700000000000003, 0),
		Vector3.new(8.3, 23.1, 0),
		Vector3.new(8.3, 22.3, 0),
		Vector3.new(8.200000000000001, 21.700000000000003, 0),
		Vector3.new(8, 21.200000000000003, 0),
		Vector3.new(8.200000000000001, 21.700000000000003, 0),
		Vector3.new(8.3, 22.400000000000002, 0),
		Vector3.new(8.3, 23.200000000000003, 0),
		Vector3.new(8.200000000000001, 24.5, 0),
		Vector3.new(7.800000000000001, 23.700000000000003, 0),
		Vector3.new(7.1000000000000005, 23, 0),
		Vector3.new(6.6000000000000005, 22.400000000000002, 0),
		Vector3.new(6.5, 21.900000000000002, 0),
		Vector3.new(6.2, 21.400000000000002, 0),
		Vector3.new(6, 20.8, 0),
		Vector3.new(5.5, 19.900000000000002, 0),
		Vector3.new(5, 19.3, 0),
		Vector3.new(4.5, 18.5, 0),
		Vector3.new(4.2, 18.1, 0),
		Vector3.new(3.7, 17.5, 0),
	},
	{
		Vector3.new(3.7, 17.5, 0),
		Vector3.new(3.3000000000000003, 17.1, 0),
		Vector3.new(3.9000000000000004, 17.7, 0),
		Vector3.new(4.5, 18.5, 0),
		Vector3.new(5, 19.400000000000002, 0),
		Vector3.new(4, 18.400000000000002, 0),
		Vector3.new(2.3000000000000003, 16.8, 0),
		Vector3.new(1.7000000000000002, 16.7, 0),
		Vector3.new(1.1, 16.7, 0),
		Vector3.new(1, 16.1, 0),
		Vector3.new(0.9, 15, 0),
		Vector3.new(1.4000000000000001, 14.600000000000001, 0),
		Vector3.new(1.9000000000000001, 14.200000000000001, 0),
		Vector3.new(2.4000000000000004, 13.9, 0),
		Vector3.new(2.9000000000000004, 13.8, 0),
		Vector3.new(3.8000000000000003, 14.200000000000001, 0),
		Vector3.new(4.2, 14.600000000000001, 0),
		Vector3.new(3.8000000000000003, 14.100000000000001, 0),
		Vector3.new(3.3000000000000003, 13.700000000000001, 0),
		Vector3.new(4.2, 14, 0),
		Vector3.new(4.7, 14.200000000000001, 0),
		Vector3.new(5.4, 14.3, 0),
		Vector3.new(5.300000000000001, 13.8, 0),
		Vector3.new(4.9, 14.200000000000001, 0),
		Vector3.new(5.1000000000000005, 13.5, 0),
		Vector3.new(4.7, 12.600000000000001, 0),
		Vector3.new(4, 12.3, 0),
		Vector3.new(3.4000000000000004, 12.700000000000001, 0),
		Vector3.new(3.8000000000000003, 13, 0),
		Vector3.new(3.9000000000000004, 13.5, 0),
		Vector3.new(3.4000000000000004, 13.200000000000001, 0),
		Vector3.new(2.6, 13.200000000000001, 0),
		Vector3.new(1.9000000000000001, 13.5, 0),
		Vector3.new(2.5, 13.200000000000001, 0),
		Vector3.new(3.8000000000000003, 13.100000000000001, 0),
		Vector3.new(3.5, 12.8, 0),
		Vector3.new(2.8000000000000003, 12.8, 0),
		Vector3.new(1.9000000000000001, 12.9, 0),
		Vector3.new(1.3, 13.4, 0),
		Vector3.new(0.8, 13.700000000000001, 0),
		Vector3.new(1.3, 13.4, 0),
		Vector3.new(1.9000000000000001, 12.9, 0),
		Vector3.new(1.3, 13.200000000000001, 0),
		Vector3.new(0.8, 13.4, 0),
		Vector3.new(1.3, 13.200000000000001, 0),
		Vector3.new(1.9000000000000001, 12.9, 0),
		Vector3.new(2.4000000000000004, 12.8, 0),
		Vector3.new(2.9000000000000004, 12.8, 0),
		Vector3.new(2.5, 12.4, 0),
		Vector3.new(1.9000000000000001, 11.9, 0),
		Vector3.new(1.4000000000000001, 11.700000000000001, 0),
		Vector3.new(1, 11.5, 0),
	},
	{
		Vector3.new(1, 11.5, 0),
		Vector3.new(0.30000000000000004, 11.100000000000001, 0),
		Vector3.new(0.9, 11.5, 0),
		Vector3.new(1.9000000000000001, 11.9, 0),
		Vector3.new(2.9000000000000004, 12.700000000000001, 0),
		Vector3.new(3.4000000000000004, 12.700000000000001, 0),
		Vector3.new(4, 12.3, 0),
		Vector3.new(4.7, 12.5, 0),
		Vector3.new(5.300000000000001, 13.8, 0),
		Vector3.new(5.7, 14.3, 0),
		Vector3.new(6.1000000000000005, 14.600000000000001, 0),
		Vector3.new(6.5, 15, 0),
		Vector3.new(6.300000000000001, 14.4, 0),
		Vector3.new(5.6000000000000005, 13.600000000000001, 0),
		Vector3.new(5.300000000000001, 12.8, 0),
		Vector3.new(5.7, 13.200000000000001, 0),
		Vector3.new(6, 13.700000000000001, 0),
		Vector3.new(5.800000000000001, 12.8, 0),
		Vector3.new(6.5, 12.8, 0),
		Vector3.new(7.300000000000001, 13.3, 0),
		Vector3.new(7.300000000000001, 14, 0),
		Vector3.new(7.7, 14.3, 0),
		Vector3.new(8.200000000000001, 14.9, 0),
		Vector3.new(8.700000000000001, 15.8, 0),
		Vector3.new(8.5, 15.100000000000001, 0),
		Vector3.new(7.4, 13.9, 0),
		Vector3.new(7.5, 13.3, 0),
		Vector3.new(7.7, 12.200000000000001, 0),
		Vector3.new(7.9, 13.5, 0),
		Vector3.new(8.5, 13.4, 0),
		Vector3.new(8.8, 14.100000000000001, 0),
		Vector3.new(9, 14.700000000000001, 0),
		Vector3.new(9.1, 14.200000000000001, 0),
		Vector3.new(8.6, 13.100000000000001, 0),
		Vector3.new(8.1, 12.200000000000001, 0),
		Vector3.new(7.5, 11.600000000000001, 0),
		Vector3.new(7, 10.700000000000001, 0),
		Vector3.new(6.6000000000000005, 9.8, 0),
		Vector3.new(7.4, 9.200000000000001, 0),
		Vector3.new(7.7, 8.8, 0),
		Vector3.new(6.800000000000001, 8.3, 0),
		Vector3.new(5.800000000000001, 8, 0),
		Vector3.new(5.300000000000001, 7.9, 0),
		Vector3.new(4.7, 7.9, 0),
		Vector3.new(5.2, 7.9, 0),
		Vector3.new(6.300000000000001, 8.1, 0),
		Vector3.new(6.800000000000001, 8.3, 0),
	},
	{
		Vector3.new(6.800000000000001, 8.3, 0),
		Vector3.new(7.4, 8.6, 0),
		Vector3.new(8.200000000000001, 8.3, 0),
		Vector3.new(8.700000000000001, 7.800000000000001, 0),
		Vector3.new(8.3, 7.1000000000000005, 0),
		Vector3.new(8.200000000000001, 6.4, 0),
		Vector3.new(8.3, 5.6000000000000005, 0),
		Vector3.new(8.9, 5.6000000000000005, 0),
		Vector3.new(9, 6.2, 0),
		Vector3.new(9, 6.800000000000001, 0),
		Vector3.new(8.700000000000001, 7.4, 0),
		Vector3.new(9.600000000000001, 7.4, 0),
		Vector3.new(9.600000000000001, 6.4, 0),
		Vector3.new(9.600000000000001, 5.7, 0),
		Vector3.new(9, 5.1000000000000005, 0),
		Vector3.new(8.5, 4.6000000000000005, 0),
		Vector3.new(8.4, 5.300000000000001, 0),
		Vector3.new(8.4, 4.4, 0),
		Vector3.new(8.4, 3.5, 0),
		Vector3.new(8.3, 2.6, 0),
		Vector3.new(8.200000000000001, 2.1, 0),
		Vector3.new(12.100000000000001, 2, 0),
		Vector3.new(11.4, 3.1, 0),
		Vector3.new(9.200000000000001, 3.1, 0),
		Vector3.new(8.6, 2, 0),
		Vector3.new(9.200000000000001, 3.1, 0),
		Vector3.new(8.8, 2.8000000000000003, 0),
		Vector3.new(8.4, 3.6, 0),
		Vector3.new(8.700000000000001, 4, 0),
		Vector3.new(9.3, 4.5, 0),
		Vector3.new(10.100000000000001, 4.6000000000000005, 0),
		Vector3.new(10.9, 4.5, 0),
		Vector3.new(11.5, 4, 0),
		Vector3.new(11.600000000000001, 3.5, 0),
		Vector3.new(11.9, 2.9000000000000004, 0),
		Vector3.new(12.100000000000001, 2.4000000000000004, 0),
		Vector3.new(11.4, 3.1, 0),
		Vector3.new(9.200000000000001, 3.4000000000000004, 0),
		Vector3.new(11.4, 3.1, 0),
	},
	{
		Vector3.new(11.4, 3.1, 0),
		Vector3.new(12.100000000000001, 2, 0),
		Vector3.new(12, 2.5, 0),
		Vector3.new(11.600000000000001, 3.5, 0),
		Vector3.new(11.5, 4.6000000000000005, 0),
		Vector3.new(10.9, 5.2, 0),
		Vector3.new(10.4, 5.9, 0),
		Vector3.new(10.4, 6.6000000000000005, 0),
		Vector3.new(9.5, 7.4, 0),
		Vector3.new(10.600000000000001, 7, 0),
		Vector3.new(11.200000000000001, 6.9, 0),
		Vector3.new(11.100000000000001, 6.2, 0),
		Vector3.new(11.200000000000001, 5.6000000000000005, 0),
		Vector3.new(11.3, 5, 0),
		Vector3.new(11.200000000000001, 5.7, 0),
		Vector3.new(11.100000000000001, 6.300000000000001, 0),
		Vector3.new(11.200000000000001, 6.9, 0),
		Vector3.new(11.9, 7.2, 0),
		Vector3.new(13.100000000000001, 8.3, 0),
		Vector3.new(13.8, 9, 0),
		Vector3.new(14.5, 9.600000000000001, 0),
		Vector3.new(14.600000000000001, 10.100000000000001, 0),
		Vector3.new(14.5, 11.100000000000001, 0),
		Vector3.new(15, 11.8, 0),
		Vector3.new(14.100000000000001, 13.9, 0),
		Vector3.new(13.600000000000001, 14.9, 0),
		Vector3.new(13.200000000000001, 15.5, 0),
		Vector3.new(13.700000000000001, 13.8, 0),
		Vector3.new(13.200000000000001, 15.5, 0),
		Vector3.new(13, 16.2, 0),
		Vector3.new(12.200000000000001, 16.8, 0),
		Vector3.new(11.700000000000001, 17, 0),
		Vector3.new(10.700000000000001, 17.3, 0),
		Vector3.new(12.100000000000001, 16.400000000000002, 0),
		Vector3.new(12.5, 16, 0),
		Vector3.new(12.700000000000001, 15.4, 0),
		Vector3.new(12.9, 14.9, 0),
		Vector3.new(12.200000000000001, 15.600000000000001, 0),
		Vector3.new(12.4, 14.9, 0),
		Vector3.new(12.700000000000001, 14.3, 0),
		Vector3.new(13.100000000000001, 13.600000000000001, 0),
	},
	{
		Vector3.new(13.100000000000001, 13.600000000000001, 0),
		Vector3.new(13.8, 12.600000000000001, 0),
		Vector3.new(13, 13.200000000000001, 0),
		Vector3.new(12.3, 14, 0),
		Vector3.new(12.600000000000001, 13, 0),
		Vector3.new(12.8, 12.4, 0),
		Vector3.new(13.100000000000001, 11.600000000000001, 0),
		Vector3.new(13.200000000000001, 10.700000000000001, 0),
		Vector3.new(12.8, 9.8, 0),
		Vector3.new(12.600000000000001, 9.200000000000001, 0),
		Vector3.new(13.4, 9.4, 0),
		Vector3.new(13, 8.8, 0),
		Vector3.new(12.600000000000001, 8.4, 0),
		Vector3.new(12.100000000000001, 7.800000000000001, 0),
		Vector3.new(11.600000000000001, 7, 0),
		Vector3.new(12.100000000000001, 7.800000000000001, 0),
		Vector3.new(13, 8.8, 0),
		Vector3.new(13.4, 9.4, 0),
		Vector3.new(12.600000000000001, 8.9, 0),
		Vector3.new(12.9, 9.9, 0),
		Vector3.new(13.100000000000001, 10.4, 0),
		Vector3.new(13.200000000000001, 11.200000000000001, 0),
		Vector3.new(12.3, 13.9, 0),
		Vector3.new(13, 13.200000000000001, 0),
		Vector3.new(13.700000000000001, 12.600000000000001, 0),
		Vector3.new(12.700000000000001, 14.3, 0),
		Vector3.new(12.4, 14.9, 0),
		Vector3.new(12.200000000000001, 15.600000000000001, 0),
		Vector3.new(12.9, 14.9, 0),
		Vector3.new(12.8, 15.4, 0),
		Vector3.new(12.5, 16, 0),
		Vector3.new(10.700000000000001, 17.3, 0),
		Vector3.new(10.200000000000001, 17.5, 0),
		Vector3.new(9.4, 17.5, 0),
		Vector3.new(8.5, 17, 0),
		Vector3.new(8, 16.400000000000002, 0),
		Vector3.new(7.4, 16, 0),
		Vector3.new(7.4, 16.5, 0),
	},
}
