local wires = {
	{
		Vector3.new(0, -0.9, -0.5),
		Vector3.new(0, -1.6, -0.6000000000000001),
		Vector3.new(0, -2.4000000000000004, -0.2),
		Vector3.new(0, -2.9000000000000004, 0.5),
		Vector3.new(0, -3.3000000000000003, 2.1),
		Vector3.new(0, -3.4000000000000004, 3.5),
		Vector3.new(0, -3.5, 4.6000000000000005),
		Vector3.new(0, -3.4000000000000004, 5.7),
		Vector3.new(0, -3.3000000000000003, 6.300000000000001),
		Vector3.new(0, -2.2, 6.2),
		Vector3.new(0, -1.6, 6.4),
		Vector3.new(0, -1.1, 6.9),
		Vector3.new(0, -1.8, 6.6000000000000005),
		Vector3.new(0, -2.5, 6.5),
		Vector3.new(0, -3.2, 6.5),
		Vector3.new(0, -4.2, 6.800000000000001),
		Vector3.new(0, -4.9, 7.300000000000001),
		Vector3.new(0, -5.6000000000000005, 8.3),
		Vector3.new(0, -6.7, 10.100000000000001),
		Vector3.new(0, -7.2, 11.4),
		Vector3.new(0, -7.7, 13.5),
		Vector3.new(0, -8, 15.700000000000001),
		Vector3.new(0, -8, 16.8),
		Vector3.new(0, -8, 19.700000000000003),
		Vector3.new(0, -7.800000000000001, 21.200000000000003),
		Vector3.new(0, -7.300000000000001, 23),
		Vector3.new(0, -6.800000000000001, 24.8),
		Vector3.new(0, -6, 26.6),
		Vector3.new(0, -5.300000000000001, 27.700000000000003),
		Vector3.new(0, -4.800000000000001, 28.900000000000002),
	},
	{
		Vector3.new(0, -4.800000000000001, 28.900000000000002),
		Vector3.new(0, -4.6000000000000005, 30.200000000000003),
		Vector3.new(0, -4.6000000000000005, 31.700000000000003),
		Vector3.new(0, -5.4, 33.6),
		Vector3.new(0, -5.7, 35.5),
		Vector3.new(0, -5.2, 37.2),
		Vector3.new(0, -4, 38.5),
		Vector3.new(0, -3.2, 38.800000000000004),
		Vector3.new(0, -2.6, 38.5),
		Vector3.new(0, -2.9000000000000004, 37.6),
		Vector3.new(0, -3.5, 36.4),
		Vector3.new(0, -3.5, 35.300000000000004),
		Vector3.new(0, -2.9000000000000004, 34.6),
		Vector3.new(0, -2.3000000000000003, 34.300000000000004),
		Vector3.new(0, -1.8, 33.2),
		Vector3.new(0, -1.4000000000000001, 31.700000000000003),
		Vector3.new(0, -1.4000000000000001, 30.5),
		Vector3.new(0, -1.8, 29.200000000000003),
		Vector3.new(0, -2.1, 28.200000000000003),
		Vector3.new(0, -1.4000000000000001, 27.5),
		Vector3.new(0, -1.1, 27.1),
		Vector3.new(0, -1, 26.5),
		Vector3.new(0, -0.7000000000000001, 25.400000000000002),
		Vector3.new(0, 0.1, 24.8),
		Vector3.new(0, -0.5, 25.900000000000002),
		Vector3.new(0, -0.9, 26.8),
		Vector3.new(0, -1.1, 28),
		Vector3.new(0, -1.1, 29.6),
		Vector3.new(0, -0.8, 31),
		Vector3.new(0, -0.4, 32),
		Vector3.new(0, 0.4, 33.1),
		Vector3.new(0, 1.4000000000000001, 33.7),
	},
	{
		Vector3.new(0, 1.4000000000000001, 33.7),
		Vector3.new(0, 1.6, 32.800000000000004),
		Vector3.new(0, 2, 31.6),
		Vector3.new(0, 2.1, 30.8),
		Vector3.new(0, 2.2, 30.1),
		Vector3.new(0, 2.1, 29.400000000000002),
		Vector3.new(0, 1.9000000000000001, 28.900000000000002),
		Vector3.new(0, 1.6, 28.3),
		Vector3.new(0, 1.5, 27.400000000000002),
		Vector3.new(0, 0.5, 27.6),
		Vector3.new(0, 1.5, 27.3),
		Vector3.new(0, 1.7000000000000002, 25.700000000000003),
		Vector3.new(0, 2.3000000000000003, 25.200000000000003),
		Vector3.new(0, 2.8000000000000003, 25.3),
		Vector3.new(0, 3, 25.900000000000002),
		Vector3.new(0, 3.1, 26.900000000000002),
		Vector3.new(0, 3.2, 27.8),
		Vector3.new(0, 3.2, 28.400000000000002),
		Vector3.new(0, 3.8000000000000003, 28.200000000000003),
		Vector3.new(0, 4, 27.700000000000003),
		Vector3.new(0, 4, 26.900000000000002),
		Vector3.new(0, 3.9000000000000004, 26.3),
		Vector3.new(0, 3.7, 25.6),
		Vector3.new(0, 3.4000000000000004, 25),
		Vector3.new(0, 3.8000000000000003, 25.400000000000002),
		Vector3.new(0, 4, 26),
		Vector3.new(0, 4.3, 26.6),
		Vector3.new(0, 4.800000000000001, 26.200000000000003),
		Vector3.new(0, 5.4, 25.3),
		Vector3.new(0, 5.800000000000001, 24.3),
		Vector3.new(0, 6.5, 22.5),
		Vector3.new(0, 7, 21.200000000000003),
		Vector3.new(0, 7.5, 19.3),
		Vector3.new(0, 7.800000000000001, 17.3),
		Vector3.new(0, 7.9, 15.9),
		Vector3.new(0, 7.9, 14.5),
		Vector3.new(0, 7.7, 12.600000000000001),
		Vector3.new(0, 7.4, 10.700000000000001),
	},
	{
		Vector3.new(0, 7.4, 10.700000000000001),
		Vector3.new(0, 6.9, 9.4),
		Vector3.new(0, 6.6000000000000005, 8.6),
		Vector3.new(0, 6.300000000000001, 7.9),
		Vector3.new(0, 5.800000000000001, 7.300000000000001),
		Vector3.new(0, 5.300000000000001, 7),
		Vector3.new(0, 4.7, 6.6000000000000005),
		Vector3.new(0, 3.9000000000000004, 6.300000000000001),
		Vector3.new(0, 3.1, 6.2),
		Vector3.new(0, 2.5, 6.5),
		Vector3.new(0, 2.8000000000000003, 7.300000000000001),
		Vector3.new(0, 2.9000000000000004, 8),
		Vector3.new(0, 2.7, 8.700000000000001),
		Vector3.new(0, 2.2, 9.700000000000001),
		Vector3.new(0, 0.8, 9.700000000000001),
		Vector3.new(0, 1.5, 11.5),
		Vector3.new(0, 2, 9.9),
		Vector3.new(0, 1.6, 11.5),
		Vector3.new(0, 1.6, 12.200000000000001),
		Vector3.new(0, 1.5, 13.4),
		Vector3.new(0, 1.5, 14.200000000000001),
		Vector3.new(0, 1.5, 15.100000000000001),
		Vector3.new(0, 1.5, 16),
		Vector3.new(0, 1.8, 17),
		Vector3.new(0, 2, 17.900000000000002),
		Vector3.new(0, 1.6, 18.5),
		Vector3.new(0, 1.2000000000000002, 19.3),
		Vector3.new(0, 1, 19.8),
		Vector3.new(0, 1.5, 20),
		Vector3.new(0, 2.2, 20),
		Vector3.new(0, 2.7, 20),
		Vector3.new(0, 2, 18),
		Vector3.new(0, 2.7, 19.6),
		Vector3.new(0, 3.1, 20.200000000000003),
		Vector3.new(0, 3.7, 19.6),
		Vector3.new(0, 4.4, 19.400000000000002),
		Vector3.new(0, 4.800000000000001, 18.7),
		Vector3.new(0, 4.800000000000001, 17.3),
		Vector3.new(0, 4.5, 16.400000000000002),
		Vector3.new(0, 4, 15.600000000000001),
	},
	{
		Vector3.new(0, 4, 15.600000000000001),
		Vector3.new(0, 3.5, 15.4),
		Vector3.new(0, 3.7, 14),
		Vector3.new(0, 4.3, 13.200000000000001),
		Vector3.new(0, 4.7, 12.5),
		Vector3.new(0, 4.9, 12),
		Vector3.new(0, 5, 11.3),
		Vector3.new(0, 4.800000000000001, 10.3),
		Vector3.new(0, 4.2, 9.8),
		Vector3.new(0, 3.7, 10),
		Vector3.new(0, 3.1, 10.5),
		Vector3.new(0, 2.8000000000000003, 11),
		Vector3.new(0, 2.6, 11.8),
		Vector3.new(0, 2.5, 12.600000000000001),
		Vector3.new(0, 2.6, 13.3),
		Vector3.new(0, 2.9000000000000004, 13.700000000000001),
		Vector3.new(0, 3.7, 13.9),
		Vector3.new(0, 3.5, 15.5),
		Vector3.new(0, 2.9000000000000004, 15.4),
		Vector3.new(0, 2.6, 16),
		Vector3.new(0, 2.5, 16.6),
		Vector3.new(0, 2.5, 17.3),
		Vector3.new(0, 2.8000000000000003, 18.2),
		Vector3.new(0, 3.3000000000000003, 19.1),
		Vector3.new(0, 3.8000000000000003, 19.5),
		Vector3.new(0, 3.1, 20.3),
		Vector3.new(0, 3.4000000000000004, 20.8),
		Vector3.new(0, 3.6, 21.400000000000002),
		Vector3.new(0, 3.6, 22.200000000000003),
		Vector3.new(0, 3.4000000000000004, 22.8),
		Vector3.new(0, 3.2, 23.5),
		Vector3.new(0, 2.6, 23.6),
		Vector3.new(0, 1.8, 23.3),
		Vector3.new(0, 1.3, 22.8),
		Vector3.new(0, 0.9, 22.3),
		Vector3.new(0, 0.5, 21.5),
		Vector3.new(0, 0, 20.5),
		Vector3.new(0, -0.2, 19.700000000000003),
		Vector3.new(0, -0.8, 18.900000000000002),
		Vector3.new(0, -1.7000000000000002, 18.6),
		Vector3.new(0, -2.6, 18.6),
		Vector3.new(0, -3.9000000000000004, 18.6),
		Vector3.new(0, -4.6000000000000005, 18.6),
		Vector3.new(0, -5.1000000000000005, 18.3),
		Vector3.new(0, -5.4, 17.900000000000002),
		Vector3.new(0, -5.800000000000001, 17.2),
		Vector3.new(0, -6.1000000000000005, 16.6),
		Vector3.new(0, -6.2, 15.600000000000001),
	},
	{
		Vector3.new(0, -6.2, 15.600000000000001),
		Vector3.new(0, -6.2, 14.9),
		Vector3.new(0, -6.1000000000000005, 14.100000000000001),
		Vector3.new(0, -5.800000000000001, 13.3),
		Vector3.new(0, -5.5, 12.3),
		Vector3.new(0, -4.800000000000001, 11.4),
		Vector3.new(0, -4.2, 10.9),
		Vector3.new(0, -3.5, 10.5),
		Vector3.new(0, -2.9000000000000004, 10.5),
		Vector3.new(0, -2.1, 10.600000000000001),
		Vector3.new(0, -1.5, 11),
		Vector3.new(0, -0.8, 11.600000000000001),
		Vector3.new(0, -0.5, 12.4),
		Vector3.new(0, -0.30000000000000004, 13.100000000000001),
		Vector3.new(0, -0.2, 13.8),
		Vector3.new(0, -0.1, 14.4),
		Vector3.new(0, -0.7000000000000001, 14.3),
		Vector3.new(0, -1.3, 13.9),
		Vector3.new(0, -2, 13.5),
		Vector3.new(0, -3, 13.600000000000001),
		Vector3.new(0, -3.5, 13.9),
		Vector3.new(0, -2.5, 13.9),
		Vector3.new(0, -1.6, 13.9),
		Vector3.new(0, -1, 14.5),
		Vector3.new(0, -0.1, 15.4),
		Vector3.new(0, 0.30000000000000004, 16.1),
		Vector3.new(0, 0.30000000000000004, 17),
		Vector3.new(0, 0.5, 18.1),
		Vector3.new(0, 0.4, 18.900000000000002),
		Vector3.new(0, 0.30000000000000004, 19.700000000000003),
		Vector3.new(0, 0.4, 19.1),
		Vector3.new(0, 0.5, 17.5),
		Vector3.new(0, 0.2, 16.1),
		Vector3.new(0, -0.30000000000000004, 15.200000000000001),
		Vector3.new(0, -1.4000000000000001, 14.100000000000001),
		Vector3.new(0, -3, 14.100000000000001),
		Vector3.new(0, -3.7, 14.3),
		Vector3.new(0, -3.4000000000000004, 13.8),
		Vector3.new(0, -2.5, 13.5),
		Vector3.new(0, -1.5, 13.5),
		Vector3.new(0, -1, 14),
		Vector3.new(0, -0.2, 14.9),
	},
	{
		Vector3.new(0, -0.2, 14.9),
		Vector3.new(0, -0.2, 13.600000000000001),
		Vector3.new(0, -0.6000000000000001, 12.200000000000001),
		Vector3.new(0, -0.9, 11.4),
		Vector3.new(0, -0.9, 10.600000000000001),
		Vector3.new(0, -0.4, 9.600000000000001),
		Vector3.new(0, 0.1, 8.5),
		Vector3.new(0, 0.9, 7.800000000000001),
		Vector3.new(0, 1.2000000000000002, 7.300000000000001),
		Vector3.new(0, 1.5, 8.4),
		Vector3.new(0, 1.8, 8.9),
		Vector3.new(0, 2.4000000000000004, 8.9),
		Vector3.new(0, 2.7, 8.4),
		Vector3.new(0, 2.7, 7.4),
		Vector3.new(0, 2.6, 6.9),
		Vector3.new(0, 2.3000000000000003, 6.4),
		Vector3.new(0, 2.1, 5.7),
		Vector3.new(0, 2.1, 5.1000000000000005),
		Vector3.new(0, 2.1, 4.3),
		Vector3.new(0, 2.1, 3.6),
		Vector3.new(0, 1.7000000000000002, 3),
		Vector3.new(0, 2.2, 3.6),
		Vector3.new(0, 2.2, 4.7),
		Vector3.new(0, 2.8000000000000003, 4.3),
		Vector3.new(0, 4, 4.1000000000000005),
		Vector3.new(0, 4.6000000000000005, 4.2),
		Vector3.new(0, 4.4, 4.9),
		Vector3.new(0, 4.3, 5.5),
		Vector3.new(0, 4, 6.1000000000000005),
		Vector3.new(0, 4.4, 5.1000000000000005),
		Vector3.new(0, 4.5, 4.3),
		Vector3.new(0, 5.1000000000000005, 4),
		Vector3.new(0, 5.7, 3.1),
		Vector3.new(0, 5.7, 2.5),
		Vector3.new(0, 5.7, 1.5),
		Vector3.new(0, 5.4, 0.8),
		Vector3.new(0, 5.1000000000000005, 0.4),
		Vector3.new(0, 4.7, 0.1),
		Vector3.new(0, 4.1000000000000005, 0.1),
		Vector3.new(0, 3.5, 0.30000000000000004),
		Vector3.new(0, 2.8000000000000003, 0.8),
		Vector3.new(0, 2.2, 0.2),
		Vector3.new(0, 2.2, -1.1),
		Vector3.new(0, 2.5, -1.9000000000000001),
		Vector3.new(0, 2.7, -3.2),
		Vector3.new(0, 2.7, -4.4),
	},
	{
		Vector3.new(0, 2.7, -4.4),
		Vector3.new(0, 2.6, -5.300000000000001),
		Vector3.new(0, 2.2, -6.1000000000000005),
		Vector3.new(0, 1.7000000000000002, -6.2),
		Vector3.new(0, 1.1, -5.800000000000001),
		Vector3.new(0, 0.8, -5.4),
		Vector3.new(0, 0.6000000000000001, -4.5),
		Vector3.new(0, 0.6000000000000001, -3.6),
		Vector3.new(0, 0.6000000000000001, -3.1),
		Vector3.new(0, 0.7000000000000001, -2.3000000000000003),
		Vector3.new(0, 0.6000000000000001, -1.3),
		Vector3.new(0, 0.5, -0.6000000000000001),
		Vector3.new(0, 0, 0.2),
		Vector3.new(0, -0.1, 0.8),
		Vector3.new(0, -0.4, 2),
		Vector3.new(0, -0.4, 3.3000000000000003),
		Vector3.new(0, -0.4, 4.2),
		Vector3.new(0, 0, 4.9),
		Vector3.new(0, -1.3, 5.1000000000000005),
		Vector3.new(0, -0.30000000000000004, 5.300000000000001),
		Vector3.new(0, 0.5, 5.5),
		Vector3.new(0, 0.7000000000000001, 6),
		Vector3.new(0, 1.3, 6.9),
		Vector3.new(0, 1.4000000000000001, 7.4),
		Vector3.new(0, 1.6, 8.5),
		Vector3.new(0, 2.5, 8.8),
		Vector3.new(0, 2.7, 8.3),
		Vector3.new(0, 2.9000000000000004, 7.7),
		Vector3.new(0, 2.4000000000000004, 6.6000000000000005),
		Vector3.new(0, 3, 6.300000000000001),
		Vector3.new(0, 3.3000000000000003, 5.6000000000000005),
		Vector3.new(0, 3, 5.1000000000000005),
		Vector3.new(0, 2.8000000000000003, 4.6000000000000005),
		Vector3.new(0, 3.1, 4.1000000000000005),
		Vector3.new(0, 4.1000000000000005, 4.1000000000000005),
		Vector3.new(0, 4.800000000000001, 4.1000000000000005),
		Vector3.new(0, 5.300000000000001, 3.9000000000000004),
		Vector3.new(0, 5.7, 2.8000000000000003),
		Vector3.new(0, 5.7, 1.7000000000000002),
		Vector3.new(0, 5.6000000000000005, 1.1),
		Vector3.new(0, 5.800000000000001, -0.1),
		Vector3.new(0, 6.300000000000001, -0.8),
		Vector3.new(0, 6.9, -2.2),
		Vector3.new(0, 7.4, -2.8000000000000003),
		Vector3.new(0, 8.1, -3.2),
	},
	{
		Vector3.new(0, 8.1, -3.2),
		Vector3.new(0, 8.6, -2.9000000000000004),
		Vector3.new(0, 9.1, -2.2),
		Vector3.new(0, 9.5, -1),
		Vector3.new(0, 9.700000000000001, 0.5),
		Vector3.new(0, 9.9, 1.6),
		Vector3.new(0, 9.9, 3),
		Vector3.new(0, 10, 4.5),
		Vector3.new(0, 9.9, 6.1000000000000005),
		Vector3.new(0, 10.100000000000001, 7.7),
		Vector3.new(0, 9.8, 9.700000000000001),
		Vector3.new(0, 10.200000000000001, 10.5),
		Vector3.new(0, 11, 11.100000000000001),
		Vector3.new(0, 11.600000000000001, 11.700000000000001),
		Vector3.new(0, 12, 12.4),
		Vector3.new(0, 12.3, 13.100000000000001),
		Vector3.new(0, 13, 13.5),
		Vector3.new(0, 14.100000000000001, 14.8),
		Vector3.new(0, 14.8, 15.700000000000001),
		Vector3.new(0, 15.700000000000001, 17.1),
		Vector3.new(0, 16.3, 18.400000000000002),
		Vector3.new(0, 16.900000000000002, 20),
		Vector3.new(0, 18, 23.200000000000003),
		Vector3.new(0, 18.400000000000002, 24.8),
		Vector3.new(0, 18.8, 26.900000000000002),
		Vector3.new(0, 19.400000000000002, 30.5),
	},
	{
		Vector3.new(0, 19.400000000000002, 30.5),
		Vector3.new(0, 19.5, 32.7),
		Vector3.new(0, 19.5, 34.4),
		Vector3.new(0, 19.400000000000002, 35.800000000000004),
		Vector3.new(0, 18.900000000000002, 36.800000000000004),
		Vector3.new(0, 18.1, 37.4),
		Vector3.new(0, 17.2, 36.800000000000004),
		Vector3.new(0, 16.5, 36.1),
		Vector3.new(0, 15.9, 34.9),
		Vector3.new(0, 15.200000000000001, 33.7),
		Vector3.new(0, 14.600000000000001, 32.7),
		Vector3.new(0, 14.100000000000001, 31.6),
		Vector3.new(0, 13.5, 30.700000000000003),
		Vector3.new(0, 13.5, 29.5),
		Vector3.new(0, 14, 27.900000000000002),
		Vector3.new(0, 13.700000000000001, 29),
		Vector3.new(0, 13.3, 29.8),
		Vector3.new(0, 12.9, 30.3),
		Vector3.new(0, 12.200000000000001, 30.400000000000002),
		Vector3.new(0, 10.3, 30),
		Vector3.new(0, 10.600000000000001, 28.6),
		Vector3.new(0, 11.5, 26.6),
		Vector3.new(0, 12.100000000000001, 24.3),
		Vector3.new(0, 12.5, 22.200000000000003),
		Vector3.new(0, 12.8, 19.5),
		Vector3.new(0, 12.8, 17.900000000000002),
	},
	{
		Vector3.new(0, 12.8, 17.900000000000002),
		Vector3.new(0, 12.8, 16.2),
		Vector3.new(0, 12.700000000000001, 14.600000000000001),
		Vector3.new(0, 12.5, 13.4),
		Vector3.new(0, 12.3, 12.700000000000001),
		Vector3.new(0, 11.700000000000001, 11.700000000000001),
		Vector3.new(0, 10.5, 10.600000000000001),
		Vector3.new(0, 10, 10.3),
		Vector3.new(0, 10, 11.5),
		Vector3.new(0, 9.8, 13),
		Vector3.new(0, 9.600000000000001, 15.3),
		Vector3.new(0, 9.5, 17.400000000000002),
		Vector3.new(0, 9.200000000000001, 20),
		Vector3.new(0, 8.8, 22.6),
		Vector3.new(0, 8.4, 25.200000000000003),
		Vector3.new(0, 7.800000000000001, 28.700000000000003),
		Vector3.new(0, 7.7, 29.5),
		Vector3.new(0, 8.700000000000001, 29.900000000000002),
		Vector3.new(0, 9.8, 29.900000000000002),
		Vector3.new(0, 8.9, 30),
		Vector3.new(0, 7.800000000000001, 29.700000000000003),
		Vector3.new(0, 7.4, 30.3),
		Vector3.new(0, 6.7, 30.3),
		Vector3.new(0, 6.2, 30.700000000000003),
		Vector3.new(0, 5.7, 30.900000000000002),
		Vector3.new(0, 5, 30.5),
		Vector3.new(0, 4.6000000000000005, 29.900000000000002),
		Vector3.new(0, 3.8000000000000003, 29.6),
	},
	{
		Vector3.new(0, 3.8000000000000003, 29.6),
		Vector3.new(0, 3.2, 28.6),
		Vector3.new(0, 3.8000000000000003, 29.6),
		Vector3.new(0, 4.1000000000000005, 30.5),
		Vector3.new(0, 4.1000000000000005, 31.1),
		Vector3.new(0, 4, 31.700000000000003),
		Vector3.new(0, 3.6, 32.300000000000004),
		Vector3.new(0, 3.9000000000000004, 31.700000000000003),
		Vector3.new(0, 4.2, 30.8),
		Vector3.new(0, 4, 29.700000000000003),
		Vector3.new(0, 4.6000000000000005, 29.900000000000002),
		Vector3.new(0, 5.2, 30.700000000000003),
		Vector3.new(0, 5.7, 31),
		Vector3.new(0, 6.800000000000001, 30.3),
		Vector3.new(0, 7.7, 30.700000000000003),
		Vector3.new(0, 7.9, 31.5),
		Vector3.new(0, 7.9, 32.6),
		Vector3.new(0, 7.6000000000000005, 33.300000000000004),
		Vector3.new(0, 6.7, 33.5),
		Vector3.new(0, 6.2, 33.2),
		Vector3.new(0, 5.5, 32.9),
		Vector3.new(0, 5, 32.9),
		Vector3.new(0, 4.7, 33.4),
		Vector3.new(0, 4.5, 33.9),
		Vector3.new(0, 4.5, 34.6),
		Vector3.new(0, 4.6000000000000005, 35.4),
		Vector3.new(0, 4.9, 35.9),
		Vector3.new(0, 5.2, 36.800000000000004),
		Vector3.new(0, 5.5, 37.800000000000004),
		Vector3.new(0, 5.6000000000000005, 38.800000000000004),
		Vector3.new(0, 5.300000000000001, 40.2),
		Vector3.new(0, 4.7, 40.5),
		Vector3.new(0, 4, 40.1),
		Vector3.new(0, 3.6, 39.5),
		Vector3.new(0, 3.6, 38.7),
		Vector3.new(0, 3.7, 37.6),
		Vector3.new(0, 3.7, 36.800000000000004),
		Vector3.new(0, 3.5, 36.300000000000004),
		Vector3.new(0, 2.9000000000000004, 35.800000000000004),
		Vector3.new(0, 2.2, 35.2),
		Vector3.new(0, 1.8, 34.6),
		Vector3.new(0, 1.5, 33.6),
		Vector3.new(0, 1.9000000000000001, 34.9),
		Vector3.new(0, 2, 35.9),
	},
	{
		Vector3.new(0, 2, 35.9),
		Vector3.new(0, 2, 37.300000000000004),
		Vector3.new(0, 2.2, 38.300000000000004),
		Vector3.new(0, 2.5, 39.300000000000004),
		Vector3.new(0, 2.8000000000000003, 39.900000000000006),
		Vector3.new(0, 3.6, 40.1),
		Vector3.new(0, 4.2, 40.300000000000004),
		Vector3.new(0, 4.800000000000001, 40.6),
		Vector3.new(0, 5.5, 39.7),
		Vector3.new(0, 5.7, 38.7),
		Vector3.new(0, 5.5, 37.6),
		Vector3.new(0, 5.5, 37.1),
		Vector3.new(0, 5.800000000000001, 36.1),
		Vector3.new(0, 6.5, 33.6),
		Vector3.new(0, 5.5, 37.2),
		Vector3.new(0, 5.2, 36.7),
		Vector3.new(0, 5.7, 35.4),
		Vector3.new(0, 6.300000000000001, 33.300000000000004),
		Vector3.new(0, 7.1000000000000005, 33.6),
		Vector3.new(0, 7.6000000000000005, 33.300000000000004),
		Vector3.new(0, 7.9, 32.4),
		Vector3.new(0, 7.9, 31.200000000000003),
		Vector3.new(0, 7.4, 30.400000000000002),
		Vector3.new(0, 6.9, 30.200000000000003),
		Vector3.new(0, 7.1000000000000005, 28.6),
		Vector3.new(0, 7.5, 26.5),
		Vector3.new(0, 7.800000000000001, 24.200000000000003),
		Vector3.new(0, 8, 22.6),
		Vector3.new(0, 8.3, 20.5),
	},
	{
		Vector3.new(0, 8.3, 20.5),
		Vector3.new(0, 8.700000000000001, 18.3),
		Vector3.new(0, 8.8, 16.8),
		Vector3.new(0, 9.1, 14.600000000000001),
		Vector3.new(0, 9.200000000000001, 12.600000000000001),
		Vector3.new(0, 9.3, 10.9),
		Vector3.new(0, 9.3, 9.200000000000001),
		Vector3.new(0, 9.3, 3.8000000000000003),
		Vector3.new(0, 9.200000000000001, 3),
		Vector3.new(0, 9.200000000000001, 1.8),
		Vector3.new(0, 9, 0.2),
		Vector3.new(0, 8.5, -1),
		Vector3.new(0, 8, -2.1),
		Vector3.new(0, 6.9, -2.2),
	},
}
