local wires = {
	{
		Vector3.new(0, 0, 0),
		Vector3.new(0.6000000000000001, -0.8, 0),
		Vector3.new(1.1, -1.4000000000000001, 0),
		Vector3.new(1.6, -2, 0),
		Vector3.new(4.9, -2, 0),
		Vector3.new(5, -1.5, 0),
		Vector3.new(5.9, -0.8, 0),
		Vector3.new(6, -0.1, 0),
		Vector3.new(6.6000000000000005, -0.2, 0),
		Vector3.new(6.5, -0.9, 0),
		Vector3.new(6.1000000000000005, -1.3, 0),
		Vector3.new(5.5, -1.8, 0),
		Vector3.new(5, -2.3000000000000003, 0),
		Vector3.new(1.6, -2.5, 0),
		Vector3.new(0.9, -1.9000000000000001, 0),
		Vector3.new(0.5, -1.2000000000000002, 0),
		Vector3.new(0, -0.7000000000000001, 0),
		Vector3.new(0.1, 0.1, 0),
		Vector3.new(0.6000000000000001, -0.30000000000000004, 0),
		Vector3.new(1, -1, 0),
		Vector3.new(1.7000000000000002, -1.7000000000000002, 0),
		Vector3.new(2.1, -1.5, 0),
		Vector3.new(4.5, -1.4000000000000001, 0),
		Vector3.new(4.9, -0.9, 0),
		Vector3.new(4.4, -0.5, 0),
		Vector3.new(4, -0.1, 0),
		Vector3.new(4, 0.4, 0),
		Vector3.new(3.5, 0.5, 0),
		Vector3.new(3.5, 1.6, 0),
		Vector3.new(4, 2, 0),
		Vector3.new(4.5, 2.4000000000000004, 0),
		Vector3.new(5, 3.4000000000000004, 0),
		Vector3.new(5.5, 3.5, 0),
		Vector3.new(5.5, 4.9, 0),
		Vector3.new(4.9, 5.800000000000001, 0),
		Vector3.new(3.1, 5.9, 0),
		Vector3.new(3, 5, 0),
		Vector3.new(3.5, 4.5, 0),
		Vector3.new(4, 4.5, 0),
		Vector3.new(4, 3.5, 0),
	},
	{
		Vector3.new(4, 3.5, 0),
		Vector3.new(3.4000000000000004, 3.5, 0),
		Vector3.new(3.5, 2.8000000000000003, 0),
		Vector3.new(3, 2.8000000000000003, 0),
		Vector3.new(2.6, 2.5, 0),
		Vector3.new(2.5, 1.8, 0),
		Vector3.new(2, 0.7000000000000001, 0),
		Vector3.new(1.4000000000000001, 0.4, 0),
		Vector3.new(1.6, -0.9, 0),
		Vector3.new(2, -1.3, 0),
		Vector3.new(4.1000000000000005, -1.3, 0),
		Vector3.new(2.8000000000000003, 1, 0),
		Vector3.new(4.6000000000000005, 3.8000000000000003, 0),
		Vector3.new(3.9000000000000004, 5.1000000000000005, 0),
		Vector3.new(3.8000000000000003, 7.300000000000001, 0),
		Vector3.new(4.9, 7.300000000000001, 0),
		Vector3.new(6.7, 6.800000000000001, 0),
		Vector3.new(9.8, 6.5, 0),
		Vector3.new(10.8, 6.9, 0),
		Vector3.new(10.8, 8.6, 0),
		Vector3.new(10.3, 8.6, 0),
		Vector3.new(10.3, 9.4, 0),
		Vector3.new(9.9, 9.700000000000001, 0),
		Vector3.new(9, 9.8, 0),
		Vector3.new(8.9, 10.5, 0),
		Vector3.new(8.3, 9.1, 0),
		Vector3.new(7.4, 8.9, 0),
		Vector3.new(5.7, 8.4, 0),
	},
	{
		Vector3.new(5.7, 8.4, 0),
		Vector3.new(1.1, 8, 0),
		Vector3.new(0.8, 8.4, 0),
		Vector3.new(-0.4, 8.5, 0),
		Vector3.new(-1.4000000000000001, 9, 0),
		Vector3.new(-1.3, 10.3, 0),
		Vector3.new(-1.9000000000000001, 10.3, 0),
		Vector3.new(-2.9000000000000004, 9.9, 0),
		Vector3.new(-3.4000000000000004, 9.3, 0),
		Vector3.new(-3.5, 8.8, 0),
		Vector3.new(-3.9000000000000004, 7, 0),
		Vector3.new(-2.9000000000000004, 6.9, 0),
		Vector3.new(-0.1, 6.5, 0),
		Vector3.new(0.2, 6.9, 0),
		Vector3.new(1.9000000000000001, 6.9, 0),
		Vector3.new(2.1, 7.4, 0),
		Vector3.new(4.3, 7.4, 0),
		Vector3.new(-2, 7.5, 0),
		Vector3.new(-2.3000000000000003, 8.200000000000001, 0),
		Vector3.new(-2, 7.4, 0),
		Vector3.new(-1.8, 8.4, 0),
		Vector3.new(-1.4000000000000001, 8.9, 0),
		Vector3.new(-2.1, 8.8, 0),
		Vector3.new(-1.9000000000000001, 8.3, 0),
	},
	{
		Vector3.new(-1.9000000000000001, 8.3, 0),
		Vector3.new(4.5, 7.7, 0),
		Vector3.new(4.1000000000000005, 8.700000000000001, 0),
		Vector3.new(1.6, 8.9, 0),
		Vector3.new(1.4000000000000001, 9.3, 0),
		Vector3.new(0.6000000000000001, 9.5, 0),
		Vector3.new(0.1, 9.8, 0),
		Vector3.new(-0.4, 10.4, 0),
		Vector3.new(-0.8, 10.9, 0),
		Vector3.new(-0.8, 11.8, 0),
		Vector3.new(-1.3, 11.8, 0),
		Vector3.new(-1.3, 14.5, 0),
		Vector3.new(-0.9, 15.200000000000001, 0),
		Vector3.new(-0.30000000000000004, 15.700000000000001, 0),
		Vector3.new(0.1, 16.2, 0),
		Vector3.new(0.8, 16.3, 0),
		Vector3.new(1.1, 16.8, 0),
		Vector3.new(5.800000000000001, 16.7, 0),
		Vector3.new(6.7, 16.1, 0),
		Vector3.new(7.300000000000001, 15.700000000000001, 0),
		Vector3.new(7.4, 15.200000000000001, 0),
		Vector3.new(7.9, 14.700000000000001, 0),
		Vector3.new(8.3, 14.600000000000001, 0),
		Vector3.new(8.4, 11.9, 0),
		Vector3.new(7.9, 11, 0),
		Vector3.new(7.300000000000001, 10.8, 0),
		Vector3.new(6.9, 10.4, 0),
		Vector3.new(6.4, 9.9, 0),
		Vector3.new(5.6000000000000005, 9.4, 0),
		Vector3.new(5.4, 8.8, 0),
	},
	{
		Vector3.new(5.4, 8.8, 0),
		Vector3.new(1.5, 8.9, 0),
		Vector3.new(2.8000000000000003, 9.4, 0),
		Vector3.new(3.1, 9.9, 0),
		Vector3.new(3.9000000000000004, 10.3, 0),
		Vector3.new(4, 9.4, 0),
		Vector3.new(4.5, 9.4, 0),
		Vector3.new(4.5, 10.3, 0),
		Vector3.new(4.9, 9.8, 0),
		Vector3.new(4.9, 10.4, 0),
		Vector3.new(5.6000000000000005, 10.8, 0),
		Vector3.new(4.9, 10.4, 0),
		Vector3.new(4.2, 11.600000000000001, 0),
		Vector3.new(2.9000000000000004, 11.3, 0),
		Vector3.new(2.5, 11.8, 0),
		Vector3.new(2.9000000000000004, 11.3, 0),
		Vector3.new(1.5, 10.8, 0),
		Vector3.new(1.8, 10.4, 0),
		Vector3.new(1.5, 10.8, 0),
		Vector3.new(2, 10.4, 0),
		Vector3.new(2.5, 9.9, 0),
		Vector3.new(2.1, 10.3, 0),
		Vector3.new(2.5, 9.4, 0),
		Vector3.new(3, 9.8, 0),
		Vector3.new(3.9000000000000004, 9.8, 0),
		Vector3.new(3.1, 10.3, 0),
		Vector3.new(8.5, 8.6, 0),
		Vector3.new(9, 7.4, 0),
		Vector3.new(9.4, 8.4, 0),
		Vector3.new(9, 8.700000000000001, 0),
		Vector3.new(8.9, 10.8, 0),
		Vector3.new(11.200000000000001, 10.8, 0),
		Vector3.new(11.4, 11.3, 0),
	},
	{
		Vector3.new(11.4, 11.3, 0),
		Vector3.new(11.8, 11.9, 0),
		Vector3.new(12.3, 12.3, 0),
		Vector3.new(13.200000000000001, 12.4, 0),
		Vector3.new(13.3, 13.600000000000001, 0),
		Vector3.new(12.8, 14.100000000000001, 0),
		Vector3.new(12.3, 14.600000000000001, 0),
		Vector3.new(11.9, 15.200000000000001, 0),
		Vector3.new(10, 15.200000000000001, 0),
		Vector3.new(9.8, 14.700000000000001, 0),
		Vector3.new(9.5, 13.9, 0),
		Vector3.new(11.700000000000001, 13.700000000000001, 0),
		Vector3.new(9.9, 13.3, 0),
		Vector3.new(9.4, 12.700000000000001, 0),
		Vector3.new(9.3, 11.4, 0),
		Vector3.new(9, 10.700000000000001, 0),
		Vector3.new(11.200000000000001, 10.8, 0),
		Vector3.new(12.3, 13.600000000000001, 0),
		Vector3.new(10.4, 14.4, 0),
		Vector3.new(8.6, 15.700000000000001, 0),
		Vector3.new(9.4, 15.8, 0),
		Vector3.new(9.4, 16.3, 0),
		Vector3.new(9.8, 16.7, 0),
		Vector3.new(9.4, 17.2, 0),
		Vector3.new(8.8, 17.3, 0),
		Vector3.new(8.8, 17.8, 0),
		Vector3.new(8.1, 17.7, 0),
		Vector3.new(7.1000000000000005, 17.2, 0),
		Vector3.new(7.5, 16.7, 0),
		Vector3.new(8.3, 16.2, 0),
		Vector3.new(9.200000000000001, 15.8, 0),
		Vector3.new(7.800000000000001, 17.1, 0),
		Vector3.new(7.300000000000001, 17.7, 0),
		Vector3.new(6.5, 17.5, 0),
	},
	{
		Vector3.new(6.5, 17.5, 0),
		Vector3.new(3.5, 17.2, 0),
		Vector3.new(4.800000000000001, 17.7, 0),
		Vector3.new(5, 18.400000000000002, 0),
		Vector3.new(7.4, 18.2, 0),
		Vector3.new(4.9, 18.1, 0),
		Vector3.new(4.6000000000000005, 17.7, 0),
		Vector3.new(3.5, 17.7, 0),
		Vector3.new(2.9000000000000004, 17.7, 0),
		Vector3.new(0.2, 17.2, 0),
		Vector3.new(-0.5, 17.7, 0),
		Vector3.new(1.9000000000000001, 18.1, 0),
		Vector3.new(2.9000000000000004, 17.7, 0),
		Vector3.new(-1.1, 17.6, 0),
		Vector3.new(-0.8, 17.2, 0),
		Vector3.new(-0.5, 16.3, 0),
		Vector3.new(-1.3, 16.2, 0),
		Vector3.new(-1.5, 15.600000000000001, 0),
		Vector3.new(-2.4000000000000004, 15.700000000000001, 0),
		Vector3.new(-2.5, 16.3, 0),
		Vector3.new(-3, 16.400000000000002, 0),
		Vector3.new(-2.4000000000000004, 16.7, 0),
		Vector3.new(-2.4000000000000004, 17.2, 0),
		Vector3.new(-2, 17.7, 0),
		Vector3.new(-1, 17.6, 0),
		Vector3.new(-3.2, 15.3, 0),
		Vector3.new(-2.9000000000000004, 14.700000000000001, 0),
		Vector3.new(-2.5, 13.8, 0),
	},
	{
		Vector3.new(-2.5, 13.8, 0),
		Vector3.new(-4.9, 13.8, 0),
		Vector3.new(-4.9, 13.200000000000001, 0),
		Vector3.new(-3, 13.200000000000001, 0),
		Vector3.new(-2.4000000000000004, 12.8, 0),
		Vector3.new(-2.4000000000000004, 11.4, 0),
		Vector3.new(-2.1, 10.8, 0),
		Vector3.new(-4.4, 10.9, 0),
		Vector3.new(-4.800000000000001, 11.3, 0),
		Vector3.new(-5.300000000000001, 11.700000000000001, 0),
		Vector3.new(-5.300000000000001, 12.200000000000001, 0),
		Vector3.new(-6.300000000000001, 12.3, 0),
		Vector3.new(-6.300000000000001, 13.600000000000001, 0),
		Vector3.new(-5.9, 14.3, 0),
		Vector3.new(-5.300000000000001, 14.8, 0),
		Vector3.new(-5, 15.3, 0),
		Vector3.new(-3.2, 15.3, 0),
		Vector3.new(0.5, 12.700000000000001, 0),
		Vector3.new(1, 12.3, 0),
		Vector3.new(1, 13.700000000000001, 0),
		Vector3.new(1.5, 13.8, 0),
		Vector3.new(1.5, 14.3, 0),
		Vector3.new(0.6000000000000001, 14.700000000000001, 0),
		Vector3.new(1.4000000000000001, 15.100000000000001, 0),
		Vector3.new(1.9000000000000001, 15.700000000000001, 0),
		Vector3.new(1.6, 15.3, 0),
		Vector3.new(2.4000000000000004, 15.700000000000001, 0),
		Vector3.new(2.6, 16.2, 0),
		Vector3.new(2.1, 16.2, 0),
		Vector3.new(2, 15.200000000000001, 0),
		Vector3.new(1.4000000000000001, 15.200000000000001, 0),
		Vector3.new(1.6, 14.600000000000001, 0),
		Vector3.new(2.4000000000000004, 14.600000000000001, 0),
		Vector3.new(1.9000000000000001, 12.8, 0),
		Vector3.new(1, 12.8, 0),
		Vector3.new(1, 12.3, 0),
		Vector3.new(0.5, 12.3, 0),
	},
	{
		Vector3.new(0.5, 12.3, 0),
		Vector3.new(1, 12.8, 0),
		Vector3.new(1, 14.3, 0),
		Vector3.new(1.1, 13.700000000000001, 0),
		Vector3.new(0.5, 13.700000000000001, 0),
		Vector3.new(0.5, 14.600000000000001, 0),
		Vector3.new(-0.4, 14.600000000000001, 0),
		Vector3.new(0.5, 14.4, 0),
		Vector3.new(0.5, 13.3, 0),
		Vector3.new(-0.1, 13.4, 0),
		Vector3.new(0.6000000000000001, 13.8, 0),
		Vector3.new(5, 12.9, 0),
		Vector3.new(5.9, 12.8, 0),
		Vector3.new(6, 12.200000000000001, 0),
		Vector3.new(6.4, 12.8, 0),
		Vector3.new(6, 13.700000000000001, 0),
		Vector3.new(6.5, 13.4, 0),
		Vector3.new(7, 13.4, 0),
		Vector3.new(6.5, 13.700000000000001, 0),
		Vector3.new(5.9, 14.4, 0),
		Vector3.new(6.300000000000001, 14.8, 0),
		Vector3.new(5.7, 15.100000000000001, 0),
		Vector3.new(4.9, 15.3, 0),
		Vector3.new(5.4, 15.600000000000001, 0),
		Vector3.new(5, 16.2, 0),
		Vector3.new(4.4, 16.2, 0),
		Vector3.new(4.800000000000001, 15.700000000000001, 0),
		Vector3.new(5.5, 15.700000000000001, 0),
		Vector3.new(5.5, 15.200000000000001, 0),
		Vector3.new(4.9, 15.200000000000001, 0),
		Vector3.new(4.9, 16.2, 0),
		Vector3.new(6.5, 14.600000000000001, 0),
		Vector3.new(7.6000000000000005, 14.3, 0),
		Vector3.new(7.5, 14.8, 0),
		Vector3.new(6.7, 14.8, 0),
		Vector3.new(1.2000000000000002, 15.200000000000001, 0),
		Vector3.new(2.2, 15.700000000000001, 0),
	},
}
