local wires = {
	{
		Vector3.new(0, 0.4, 0.4),
		Vector3.new(0, 1.7000000000000002, 1),
		Vector3.new(0, 1.3, 1.7000000000000002),
		Vector3.new(0, 1.4000000000000001, 2.2),
		Vector3.new(0, 2.4000000000000004, 2.4000000000000004),
		Vector3.new(0, 2.7, 1.6),
		Vector3.new(0, 2.1, 1),
		Vector3.new(0, 6.1000000000000005, 1.1),
		Vector3.new(0, 5.6000000000000005, 1.4000000000000001),
		Vector3.new(0, 5.5, 2.3000000000000003),
		Vector3.new(0, 6.2, 2.7),
		Vector3.new(0, 6.9, 2.2),
		Vector3.new(0, 6.7, 1.4000000000000001),
		Vector3.new(0, 6.2, 1.1),
		Vector3.new(0, 7, 1.1),
		Vector3.new(0, 7.7, 0.9),
		Vector3.new(0, 8.3, 0.7000000000000001),
		Vector3.new(0, 8.200000000000001, 0.1),
		Vector3.new(0, 7.5, 0.4),
		Vector3.new(0, 6.9, 0.5),
		Vector3.new(0, 1.6, 0.30000000000000004),
		Vector3.new(0, 0.8, 0.1),
		Vector3.new(0, 0.1, -0.4),
		Vector3.new(0, 0.5, -1),
		Vector3.new(0, 1.6, -0.9),
		Vector3.new(0, 3.6, -0.7000000000000001),
		Vector3.new(0, 7.1000000000000005, -0.5),
		Vector3.new(0, 8, -0.2),
		Vector3.new(0, 8.4, 1.1),
		Vector3.new(0, 8.8, 1.6),
		Vector3.new(0, 9.3, 1.7000000000000002),
		Vector3.new(0, 9.9, 1.3),
		Vector3.new(0, 10.100000000000001, 0.6000000000000001),
	},
	{
		Vector3.new(0, 10.100000000000001, 0.6000000000000001),
		Vector3.new(0, 10.200000000000001, -0.5),
		Vector3.new(0, 10.100000000000001, -1.1),
		Vector3.new(0, 10.3, -1.7000000000000002),
		Vector3.new(0, 10, -2.2),
		Vector3.new(0, 10.100000000000001, -2.7),
		Vector3.new(0, 11.600000000000001, -2.7),
		Vector3.new(0, 12, -2.3000000000000003),
		Vector3.new(0, 12.600000000000001, -2.8000000000000003),
		Vector3.new(0, 14.4, -2.5),
		Vector3.new(0, 17.2, -1.9000000000000001),
		Vector3.new(0, 16.900000000000002, -2.5),
		Vector3.new(0, 17.6, -2.6),
		Vector3.new(0, 17.2, -3.1),
		Vector3.new(0, 17.7, -3.3000000000000003),
		Vector3.new(0, 17.3, -4),
		Vector3.new(0, 17.8, -4.4),
		Vector3.new(0, 17.400000000000002, -4.6000000000000005),
		Vector3.new(0, 17.8, -5),
		Vector3.new(0, 17.400000000000002, -5.5),
		Vector3.new(0, 17.8, -5.9),
		Vector3.new(0, 17.400000000000002, -6.7),
		Vector3.new(0, 17.8, -7.1000000000000005),
		Vector3.new(0, 17.3, -7.300000000000001),
		Vector3.new(0, 17.8, -7.6000000000000005),
		Vector3.new(0, 16.5, -7.6000000000000005),
		Vector3.new(0, 14.8, -7.6000000000000005),
		Vector3.new(0, 14.5, -7.1000000000000005),
		Vector3.new(0, 14.5, -6.6000000000000005),
		Vector3.new(0, 14.200000000000001, -6.1000000000000005),
		Vector3.new(0, 14.600000000000001, -5.6000000000000005),
		Vector3.new(0, 14.5, -4.800000000000001),
		Vector3.new(0, 14.3, -4.2),
		Vector3.new(0, 13.700000000000001, -3.9000000000000004),
		Vector3.new(0, 13, -3.9000000000000004),
		Vector3.new(0, 12.600000000000001, -4.4),
		Vector3.new(0, 12.5, -5),
		Vector3.new(0, 12.600000000000001, -5.6000000000000005),
		Vector3.new(0, 12.9, -6.1000000000000005),
		Vector3.new(0, 13.600000000000001, -6.300000000000001),
		Vector3.new(0, 14.200000000000001, -6.1000000000000005),
		Vector3.new(0, 13.5, -6.300000000000001),
		Vector3.new(0, 12.9, -6.1000000000000005),
		Vector3.new(0, 12.9, -7),
		Vector3.new(0, 12.200000000000001, -7.1000000000000005),
		Vector3.new(0, 12.200000000000001, -6.2),
		Vector3.new(0, 12.3, -7),
		Vector3.new(0, 12.9, -7.7),
		Vector3.new(0, 13.4, -7.9),
	},
	{
		Vector3.new(0, 13.4, -7.9),
		Vector3.new(0, 14.3, -7.6000000000000005),
		Vector3.new(0, 13.700000000000001, -7.9),
		Vector3.new(0, 12.9, -7.7),
		Vector3.new(0, 11.100000000000001, -7.800000000000001),
		Vector3.new(0, 10.8, -7.4),
		Vector3.new(0, 10.700000000000001, -6.300000000000001),
		Vector3.new(0, 10.600000000000001, -5),
		Vector3.new(0, 10.9, -3.9000000000000004),
		Vector3.new(0, 10.700000000000001, -4.800000000000001),
		Vector3.new(0, 10.600000000000001, -5.300000000000001),
		Vector3.new(0, 9.8, -5.1000000000000005),
		Vector3.new(0, 9.600000000000001, -4.1000000000000005),
		Vector3.new(0, 9.700000000000001, -3.2),
		Vector3.new(0, 10, -2.6),
		Vector3.new(0, 9.200000000000001, -2.8000000000000003),
		Vector3.new(0, 8.4, -2.2),
		Vector3.new(0, 8.700000000000001, -1.7000000000000002),
		Vector3.new(0, 9.200000000000001, -0.9),
		Vector3.new(0, 9.4, -0.4),
		Vector3.new(0, 9.700000000000001, 0),
		Vector3.new(0, 9.3, -0.6000000000000001),
		Vector3.new(0, 9.1, -1.2000000000000002),
		Vector3.new(0, 10.100000000000001, -1.2000000000000002),
		Vector3.new(0, 9.1, -1.2000000000000002),
		Vector3.new(0, 8.8, -1.6),
		Vector3.new(0, 8.200000000000001, -1.8),
		Vector3.new(0, 7.7, -1.8),
		Vector3.new(0, 7.300000000000001, -1.4000000000000001),
		Vector3.new(0, 6.9, -1),
		Vector3.new(0, 7.7, -0.8),
		Vector3.new(0, 7.2, -0.6000000000000001),
		Vector3.new(0, 7.7, -0.8),
		Vector3.new(0, 7.1000000000000005, -0.8),
		Vector3.new(0, 7.300000000000001, -1.3),
		Vector3.new(0, 7.800000000000001, -1.8),
		Vector3.new(0, 8.4, -1.9000000000000001),
		Vector3.new(0, 7.800000000000001, -2.1),
		Vector3.new(0, 7.1000000000000005, -1.8),
		Vector3.new(0, 5.9, -1.5),
		Vector3.new(0, 5.2, -2),
		Vector3.new(0, 4.9, -3),
		Vector3.new(0, 4.9, -4.4),
		Vector3.new(0, 4.9, -2.9000000000000004),
		Vector3.new(0, 5.300000000000001, -1.7000000000000002),
		Vector3.new(0, 4.6000000000000005, -2),
	},
	{
		Vector3.new(0, 4.6000000000000005, -2),
		Vector3.new(0, 3.7, -2),
		Vector3.new(0, 3.4000000000000004, -2.8000000000000003),
		Vector3.new(0, 2.6, -3.1),
		Vector3.new(0, 2.2, -3.4000000000000004),
		Vector3.new(0, 1.8, -4),
		Vector3.new(0, 1.6, -5.5),
		Vector3.new(0, 1.1, -5.300000000000001),
		Vector3.new(0, 1.1, -4.6000000000000005),
		Vector3.new(0, 1.4000000000000001, -4),
		Vector3.new(0, 0.6000000000000001, -3.7),
		Vector3.new(0, -0.1, -4.2),
		Vector3.new(0, -0.2, -5.1000000000000005),
		Vector3.new(0, -0.2, -5.800000000000001),
		Vector3.new(0, -0.1, -6.6000000000000005),
		Vector3.new(0, 0.1, -5.9),
		Vector3.new(0, 0.2, -4.9),
		Vector3.new(0, 0.30000000000000004, -4.1000000000000005),
		Vector3.new(0, 1.1, -3.9000000000000004),
		Vector3.new(0, 1.1, -4.9),
		Vector3.new(0, 1.3, -5.800000000000001),
		Vector3.new(0, 0.6000000000000001, -6.5),
		Vector3.new(0, 0.5, -7.2),
		Vector3.new(0, 1.4000000000000001, -7.5),
		Vector3.new(0, 2.5, -7.5),
		Vector3.new(0, 3.1, -7.1000000000000005),
		Vector3.new(0, 2.6, -7.1000000000000005),
		Vector3.new(0, 1.5, -7.2),
		Vector3.new(0, 0.8, -7),
		Vector3.new(0, 1.4000000000000001, -5.9),
		Vector3.new(0, 2.3000000000000003, -6.300000000000001),
		Vector3.new(0, 2.8000000000000003, -6.2),
		Vector3.new(0, 2.8000000000000003, -5.5),
		Vector3.new(0, 2.2, -5.9),
		Vector3.new(0, 1.7000000000000002, -5.6000000000000005),
		Vector3.new(0, 2.2, -5.9),
		Vector3.new(0, 2.7, -5.800000000000001),
		Vector3.new(0, 2.8000000000000003, -5.2),
		Vector3.new(0, 2.9000000000000004, -4.6000000000000005),
		Vector3.new(0, 3.4000000000000004, -4.4),
		Vector3.new(0, 3.4000000000000004, -3),
		Vector3.new(0, 3.4000000000000004, -4.4),
		Vector3.new(0, 4, -4.5),
		Vector3.new(0, 4, -5.1000000000000005),
		Vector3.new(0, 4.2, -5.800000000000001),
		Vector3.new(0, 4.7, -6.5),
	},
	{
		Vector3.new(0, 4.7, -6.5),
		Vector3.new(0, 3.6, -6.4),
		Vector3.new(0, 3.6, -4.6000000000000005),
		Vector3.new(0, 3.6, -5.800000000000001),
		Vector3.new(0, 3.6, -6.4),
		Vector3.new(0, 4.7, -6.5),
		Vector3.new(0, 5.2, -6.800000000000001),
		Vector3.new(0, 5.1000000000000005, -6.1000000000000005),
		Vector3.new(0, 4.9, -5.2),
		Vector3.new(0, 4.9, -4.4),
		Vector3.new(0, 4.9, -5.2),
		Vector3.new(0, 5.1000000000000005, -6.1000000000000005),
		Vector3.new(0, 5.6000000000000005, -7),
		Vector3.new(0, 4.9, -7.2),
		Vector3.new(0, 5.300000000000001, -7.5),
		Vector3.new(0, 6.4, -7.4),
		Vector3.new(0, 6.9, -7.800000000000001),
		Vector3.new(0, 7.5, -8.200000000000001),
		Vector3.new(0, 8.3, -8.200000000000001),
		Vector3.new(0, 8.700000000000001, -7.7),
		Vector3.new(0, 8.9, -7.1000000000000005),
		Vector3.new(0, 9.4, -6.6000000000000005),
		Vector3.new(0, 9.5, -6.1000000000000005),
		Vector3.new(0, 9.5, -5.5),
		Vector3.new(0, 8.700000000000001, -5.6000000000000005),
		Vector3.new(0, 8.200000000000001, -5.7),
		Vector3.new(0, 7.7, -6.1000000000000005),
		Vector3.new(0, 7.9, -6.6000000000000005),
		Vector3.new(0, 9, -6.7),
		Vector3.new(0, 7.9, -6.6000000000000005),
		Vector3.new(0, 7.2, -6.6000000000000005),
		Vector3.new(0, 6.4, -7),
		Vector3.new(0, 5.6000000000000005, -7),
	},
}
