local wires = {
	{
		Vector3.new(0, 0, 0),
		Vector3.new(0.4, -0.6000000000000001, 0),
		Vector3.new(0.2, -1.3, 0),
		Vector3.new(-0.6000000000000001, -1.6, 0),
		Vector3.new(-1, -0.6000000000000001, 0),
		Vector3.new(-1.7000000000000002, 1.6, 0),
		Vector3.new(-1.1, 3.5, 0),
		Vector3.new(-0.2, 1.4000000000000001, 0),
		Vector3.new(0.5, 1.3, 0),
		Vector3.new(1.2000000000000002, 1.1, 0),
		Vector3.new(1.3, -0.30000000000000004, 0),
		Vector3.new(0.1, 0.4, 0),
		Vector3.new(1.2000000000000002, 0, 0),
		Vector3.new(-1.8, 0.4, 0),
		Vector3.new(-1.3, 0, 0),
		Vector3.new(-2, 1.1, 0),
		Vector3.new(-2.3000000000000003, 1.9000000000000001, 0),
		Vector3.new(-3.4000000000000004, 3.1, 0),
		Vector3.new(-3.3000000000000003, 3.6, 0),
		Vector3.new(-2.7, 5.5, 0),
		Vector3.new(-2.4000000000000004, 6.2, 0),
		Vector3.new(-1.9000000000000001, 6.6000000000000005, 0),
		Vector3.new(-1.8, 9.5, 0),
		Vector3.new(-0.4, 11.700000000000001, 0),
		Vector3.new(1.9000000000000001, 13, 0),
		Vector3.new(3.2, 13.200000000000001, 0),
		Vector3.new(4.7, 12.700000000000001, 0),
	},
	{
		Vector3.new(4.7, 12.700000000000001, 0),
		Vector3.new(6, 11.9, 0),
		Vector3.new(6.9, 10.4, 0),
		Vector3.new(7.300000000000001, 9.4, 0),
		Vector3.new(7.2, 9.8, 0),
		Vector3.new(7.5, 7.9, 0),
		Vector3.new(7.1000000000000005, 6.800000000000001, 0),
		Vector3.new(6.9, 6, 0),
		Vector3.new(6.4, 5.1000000000000005, 0),
		Vector3.new(5.5, 4.2, 0),
		Vector3.new(6.300000000000001, 3.6, 0),
		Vector3.new(7.4, 4, 0),
		Vector3.new(8, 3.7, 0),
		Vector3.new(9.1, 2.7, 0),
		Vector3.new(9, 1.9000000000000001, 0),
		Vector3.new(8.5, 1.9000000000000001, 0),
		Vector3.new(8.700000000000001, 3.1, 0),
		Vector3.new(8.1, 3.6, 0),
		Vector3.new(8.4, 2.1, 0),
		Vector3.new(8.200000000000001, 2.7, 0),
		Vector3.new(7.2, 2.9000000000000004, 0),
		Vector3.new(6.4, 2.2, 0),
		Vector3.new(6, 2.7, 0),
		Vector3.new(5.2, 3.4000000000000004, 0),
		Vector3.new(5.5, 4.1000000000000005, 0),
		Vector3.new(6.4, 3.5, 0),
		Vector3.new(6.4, 4.9, 0),
		Vector3.new(7.4, 7.1000000000000005, 0),
		Vector3.new(6.7, 6.9, 0),
		Vector3.new(5.6000000000000005, 5.7, 0),
		Vector3.new(5.4, 6.6000000000000005, 0),
		Vector3.new(4.9, 6.6000000000000005, 0),
		Vector3.new(4.6000000000000005, 5.800000000000001, 0),
		Vector3.new(3.4000000000000004, 6.5, 0),
	},
	{
		Vector3.new(3.4000000000000004, 6.5, 0),
		Vector3.new(1.6, 7.4, 0),
		Vector3.new(1.2000000000000002, 7.800000000000001, 0),
		Vector3.new(1.9000000000000001, 7.2, 0),
		Vector3.new(3.2, 6.800000000000001, 0),
		Vector3.new(3.5, 5.9, 0),
		Vector3.new(4.5, 5.7, 0),
		Vector3.new(4.9, 6.6000000000000005, 0),
		Vector3.new(5.300000000000001, 7.7, 0),
		Vector3.new(5.2, 8.6, 0),
		Vector3.new(6.1000000000000005, 8, 0),
		Vector3.new(6.800000000000001, 8, 0),
		Vector3.new(7.1000000000000005, 8.700000000000001, 0),
		Vector3.new(6.300000000000001, 9.9, 0),
		Vector3.new(5.4, 9.9, 0),
		Vector3.new(4.4, 10, 0),
		Vector3.new(3.2, 10.4, 0),
		Vector3.new(2.2, 10.8, 0),
		Vector3.new(1.7000000000000002, 10.9, 0),
		Vector3.new(1.4000000000000001, 9.8, 0),
		Vector3.new(1.6, 9.1, 0),
		Vector3.new(1.8, 8.6, 0),
		Vector3.new(2.3000000000000003, 8.3, 0),
		Vector3.new(3.4000000000000004, 7.9, 0),
		Vector3.new(4.2, 8, 0),
		Vector3.new(4.9, 8.5, 0),
		Vector3.new(5.6000000000000005, 8.4, 0),
		Vector3.new(6.9, 8.1, 0),
		Vector3.new(5.4, 9.700000000000001, 0),
		Vector3.new(5.6000000000000005, 8.6, 0),
		Vector3.new(5.5, 9.700000000000001, 0),
		Vector3.new(5.7, 8.700000000000001, 0),
		Vector3.new(6.1000000000000005, 8.200000000000001, 0),
		Vector3.new(6.800000000000001, 8.6, 0),
		Vector3.new(6.6000000000000005, 9.9, 0),
		Vector3.new(5.6000000000000005, 9.700000000000001, 0),
		Vector3.new(4.6000000000000005, 9.700000000000001, 0),
	},
	{
		Vector3.new(4.6000000000000005, 9.700000000000001, 0),
		Vector3.new(4.3, 8.4, 0),
		Vector3.new(3.4000000000000004, 8.3, 0),
		Vector3.new(2.7, 8.8, 0),
		Vector3.new(2.3000000000000003, 10.600000000000001, 0),
		Vector3.new(1.7000000000000002, 10.700000000000001, 0),
		Vector3.new(1.5, 9.3, 0),
		Vector3.new(1.5, 7.2, 0),
		Vector3.new(5.300000000000001, 3.6, 0),
		Vector3.new(4.9, 2.9000000000000004, 0),
		Vector3.new(3.1, 0.6000000000000001, 0),
		Vector3.new(1.5, -0.1, 0),
	},
}
