local wires = {
	{
		Vector3.new(0, 0, 0),
		Vector3.new(0.1, 0.5, 0),
		Vector3.new(0.30000000000000004, 1.1, 0),
		Vector3.new(0.5, 1.8, 0),
		Vector3.new(0.6000000000000001, 2.4000000000000004, 0),
		Vector3.new(-0.1, 3, 0),
		Vector3.new(-0.6000000000000001, 4, 0),
		Vector3.new(-0.2, 5.1000000000000005, 0),
		Vector3.new(0.1, 5.7, 0),
		Vector3.new(0.7000000000000001, 7.2, 0),
		Vector3.new(1, 7.800000000000001, 0),
		Vector3.new(1, 8.6, 0),
		Vector3.new(1.1, 9.3, 0),
		Vector3.new(1.2000000000000002, 9.8, 0),
		Vector3.new(1.3, 10.600000000000001, 0),
		Vector3.new(1.8, 11.200000000000001, 0),
		Vector3.new(2.6, 11.5, 0),
		Vector3.new(2.8000000000000003, 12.4, 0),
		Vector3.new(2.9000000000000004, 13.3, 0),
		Vector3.new(3, 14.3, 0),
		Vector3.new(3, 15.200000000000001, 0),
		Vector3.new(3, 16.6, 0),
		Vector3.new(2.9000000000000004, 17.1, 0),
		Vector3.new(2.8000000000000003, 16.5, 0),
		Vector3.new(2.4000000000000004, 15.600000000000001, 0),
		Vector3.new(2, 14.600000000000001, 0),
		Vector3.new(0.7000000000000001, 12.600000000000001, 0),
		Vector3.new(0.1, 12, 0),
		Vector3.new(0.8, 12.9, 0),
		Vector3.new(1.2000000000000002, 13.5, 0),
		Vector3.new(1.4000000000000001, 14, 0),
		Vector3.new(1.8, 14.700000000000001, 0),
		Vector3.new(2, 15.4, 0),
		Vector3.new(2.3000000000000003, 16.1, 0),
		Vector3.new(2.5, 17.1, 0),
		Vector3.new(2.7, 17.8, 0),
		Vector3.new(2.7, 18.8, 0),
		Vector3.new(2.7, 19.5, 0),
		Vector3.new(2.6, 20.400000000000002, 0),
		Vector3.new(2.5, 21.200000000000003, 0),
		Vector3.new(2.3000000000000003, 20.3, 0),
		Vector3.new(2.3000000000000003, 19.5, 0),
		Vector3.new(2.4000000000000004, 18.900000000000002, 0),
		Vector3.new(2.6, 18, 0),
	},
	{
		Vector3.new(2.6, 18, 0),
		Vector3.new(2.3000000000000003, 18.7, 0),
		Vector3.new(2.1, 19.6, 0),
		Vector3.new(2, 20.400000000000002, 0),
		Vector3.new(2.1, 21.200000000000003, 0),
		Vector3.new(2.2, 21.900000000000002, 0),
		Vector3.new(2.3000000000000003, 22.900000000000002, 0),
		Vector3.new(2.6, 23.900000000000002, 0),
		Vector3.new(3.5, 26, 0),
		Vector3.new(4, 26.700000000000003, 0),
		Vector3.new(3.9000000000000004, 28.1, 0),
		Vector3.new(3.8000000000000003, 28.900000000000002, 0),
		Vector3.new(3.8000000000000003, 29.900000000000002, 0),
		Vector3.new(4.1000000000000005, 30.400000000000002, 0),
		Vector3.new(4.800000000000001, 30.400000000000002, 0),
		Vector3.new(5.9, 30.3, 0),
		Vector3.new(7.5, 30, 0),
		Vector3.new(8.1, 29.8, 0),
		Vector3.new(9.3, 29.5, 0),
		Vector3.new(10.8, 29.700000000000003, 0),
		Vector3.new(11.8, 29.700000000000003, 0),
		Vector3.new(13.200000000000001, 29.700000000000003, 0),
		Vector3.new(14.700000000000001, 29.6, 0),
		Vector3.new(15.9, 29.400000000000002, 0),
		Vector3.new(17.1, 29.1, 0),
		Vector3.new(17.8, 29.200000000000003, 0),
		Vector3.new(18.7, 29.400000000000002, 0),
		Vector3.new(19.3, 29.5, 0),
		Vector3.new(21.1, 29.200000000000003, 0),
		Vector3.new(21.700000000000003, 29.1, 0),
		Vector3.new(22.400000000000002, 29, 0),
		Vector3.new(22.900000000000002, 29.1, 0),
		Vector3.new(23.700000000000003, 29.5, 0),
		Vector3.new(24.3, 29.5, 0),
		Vector3.new(25.200000000000003, 29.3, 0),
		Vector3.new(26.3, 28.8, 0),
		Vector3.new(27.200000000000003, 28.5, 0),
		Vector3.new(28, 28.200000000000003, 0),
	},
	{
		Vector3.new(28, 28.200000000000003, 0),
		Vector3.new(28.900000000000002, 27.6, 0),
		Vector3.new(29.3, 26.6, 0),
		Vector3.new(29.700000000000003, 25.3, 0),
		Vector3.new(29.900000000000002, 24.8, 0),
		Vector3.new(30.200000000000003, 23.900000000000002, 0),
		Vector3.new(30.400000000000002, 23.1, 0),
		Vector3.new(30.400000000000002, 22.5, 0),
		Vector3.new(30.6, 21.400000000000002, 0),
		Vector3.new(30.8, 20.900000000000002, 0),
		Vector3.new(30.900000000000002, 20.3, 0),
		Vector3.new(31, 19.700000000000003, 0),
		Vector3.new(31.3, 18.1, 0),
		Vector3.new(31.8, 15.3, 0),
		Vector3.new(32, 14.100000000000001, 0),
		Vector3.new(32.1, 13.4, 0),
		Vector3.new(31.400000000000002, 12.9, 0),
		Vector3.new(30.200000000000003, 12.600000000000001, 0),
		Vector3.new(28.8, 12.3, 0),
		Vector3.new(27.3, 11.9, 0),
		Vector3.new(25.900000000000002, 11.3, 0),
		Vector3.new(23.5, 10.8, 0),
		Vector3.new(23.900000000000002, 10, 0),
		Vector3.new(24.400000000000002, 9.4, 0),
		Vector3.new(25.1, 8.9, 0),
		Vector3.new(25.8, 9.700000000000001, 0),
		Vector3.new(26.200000000000003, 10.200000000000001, 0),
		Vector3.new(26.200000000000003, 10.700000000000001, 0),
		Vector3.new(26.3, 11.4, 0),
		Vector3.new(27.200000000000003, 11.8, 0),
		Vector3.new(26.8, 12.100000000000001, 0),
		Vector3.new(26.200000000000003, 12.5, 0),
		Vector3.new(25.8, 13, 0),
		Vector3.new(25.6, 13.8, 0),
		Vector3.new(25.700000000000003, 14.4, 0),
		Vector3.new(26.8, 15, 0),
		Vector3.new(27.3, 15.100000000000001, 0),
		Vector3.new(27.5, 16.1, 0),
	},
	{
		Vector3.new(27.5, 16.1, 0),
		Vector3.new(27.5, 16.900000000000002, 0),
		Vector3.new(27.700000000000003, 18.900000000000002, 0),
		Vector3.new(27.8, 20, 0),
		Vector3.new(27.8, 21.3, 0),
		Vector3.new(27.700000000000003, 22.400000000000002, 0),
		Vector3.new(27, 24.400000000000002, 0),
		Vector3.new(25.900000000000002, 24.900000000000002, 0),
		Vector3.new(24.900000000000002, 25.900000000000002, 0),
		Vector3.new(24.3, 26.3, 0),
		Vector3.new(23.5, 26.8, 0),
		Vector3.new(22.8, 27.400000000000002, 0),
		Vector3.new(22.6, 27.900000000000002, 0),
		Vector3.new(23.3, 27.900000000000002, 0),
		Vector3.new(23.900000000000002, 28, 0),
		Vector3.new(23.1, 28.5, 0),
		Vector3.new(22.3, 28.400000000000002, 0),
		Vector3.new(21.900000000000002, 28.8, 0),
		Vector3.new(22.3, 28.400000000000002, 0),
		Vector3.new(23.3, 28.400000000000002, 0),
		Vector3.new(24.1, 28.1, 0),
		Vector3.new(23.1, 28.5, 0),
		Vector3.new(23.6, 28.700000000000003, 0),
		Vector3.new(24.3, 28.8, 0),
		Vector3.new(24.900000000000002, 28.5, 0),
		Vector3.new(24.1, 28.700000000000003, 0),
		Vector3.new(25.1, 28.400000000000002, 0),
		Vector3.new(24.8, 27.700000000000003, 0),
		Vector3.new(24.8, 27.1, 0),
		Vector3.new(25.5, 26.5, 0),
		Vector3.new(26.3, 26.200000000000003, 0),
		Vector3.new(26.700000000000003, 26, 0),
		Vector3.new(27.3, 25.900000000000002, 0),
		Vector3.new(28, 25.900000000000002, 0),
		Vector3.new(28.1, 26.700000000000003, 0),
		Vector3.new(27.700000000000003, 26.400000000000002, 0),
		Vector3.new(28.1, 27, 0),
		Vector3.new(27.6, 27.1, 0),
		Vector3.new(28.1, 26.900000000000002, 0),
		Vector3.new(28.200000000000003, 26.3, 0),
		Vector3.new(27.400000000000002, 25.900000000000002, 0),
		Vector3.new(26.8, 26, 0),
		Vector3.new(26.3, 26.400000000000002, 0),
		Vector3.new(26.6, 27, 0),
		Vector3.new(27.200000000000003, 27.5, 0),
		Vector3.new(27.700000000000003, 27.900000000000002, 0),
	},
	{
		Vector3.new(27.700000000000003, 27.900000000000002, 0),
		Vector3.new(27.3, 27.5, 0),
		Vector3.new(26.700000000000003, 27, 0),
		Vector3.new(26.400000000000002, 26.400000000000002, 0),
		Vector3.new(25.5, 26.5, 0),
		Vector3.new(25.6, 27.1, 0),
		Vector3.new(26.1, 27.700000000000003, 0),
		Vector3.new(26.400000000000002, 28.1, 0),
		Vector3.new(25.8, 27.400000000000002, 0),
		Vector3.new(25.5, 26.8, 0),
		Vector3.new(24.8, 27, 0),
		Vector3.new(24.400000000000002, 27.5, 0),
		Vector3.new(23.700000000000003, 27.900000000000002, 0),
		Vector3.new(22.6, 27.900000000000002, 0),
		Vector3.new(21.700000000000003, 28.1, 0),
		Vector3.new(20.5, 28.200000000000003, 0),
		Vector3.new(19.3, 28.400000000000002, 0),
		Vector3.new(18.8, 28.1, 0),
		Vector3.new(18.2, 27.700000000000003, 0),
		Vector3.new(17.8, 27.5, 0),
		Vector3.new(18.2, 27.3, 0),
		Vector3.new(19, 26.6, 0),
		Vector3.new(19.400000000000002, 25.900000000000002, 0),
		Vector3.new(19.8, 25.200000000000003, 0),
		Vector3.new(20.200000000000003, 24.6, 0),
		Vector3.new(20.400000000000002, 23.5, 0),
		Vector3.new(20.6, 22.8, 0),
		Vector3.new(20.6, 23.5, 0),
		Vector3.new(20.900000000000002, 22.900000000000002, 0),
		Vector3.new(20.900000000000002, 23.6, 0),
		Vector3.new(21.400000000000002, 23.6, 0),
		Vector3.new(21.8, 23.200000000000003, 0),
		Vector3.new(22.3, 22.400000000000002, 0),
		Vector3.new(22.5, 21.5, 0),
		Vector3.new(22.6, 20.1, 0),
		Vector3.new(22.6, 19, 0),
		Vector3.new(22.5, 17.5, 0),
		Vector3.new(22.3, 16.7, 0),
		Vector3.new(21.900000000000002, 15.8, 0),
		Vector3.new(21.200000000000003, 14.8, 0),
		Vector3.new(21.700000000000003, 15.600000000000001, 0),
		Vector3.new(21.900000000000002, 16.3, 0),
		Vector3.new(22.200000000000003, 17.1, 0),
		Vector3.new(22.3, 17.8, 0),
		Vector3.new(22.200000000000003, 18.7, 0),
		Vector3.new(21.900000000000002, 18.1, 0),
		Vector3.new(21.6, 17.400000000000002, 0),
	},
	{
		Vector3.new(21.6, 17.400000000000002, 0),
		Vector3.new(21.200000000000003, 16.5, 0),
		Vector3.new(21, 15.9, 0),
		Vector3.new(21, 14.9, 0),
		Vector3.new(21, 14.3, 0),
		Vector3.new(22.200000000000003, 14.4, 0),
		Vector3.new(22.8, 14.600000000000001, 0),
		Vector3.new(23.8, 14.700000000000001, 0),
		Vector3.new(24.5, 14.5, 0),
		Vector3.new(25.700000000000003, 14.700000000000001, 0),
		Vector3.new(24.5, 14.5, 0),
		Vector3.new(23.700000000000003, 14.200000000000001, 0),
		Vector3.new(23.400000000000002, 13.600000000000001, 0),
		Vector3.new(23.200000000000003, 12.9, 0),
		Vector3.new(23.1, 11.8, 0),
		Vector3.new(23.3, 11.200000000000001, 0),
		Vector3.new(23.900000000000002, 10, 0),
		Vector3.new(24.400000000000002, 9.200000000000001, 0),
		Vector3.new(25.1, 9, 0),
		Vector3.new(23.3, 8.700000000000001, 0),
		Vector3.new(22.3, 8.6, 0),
		Vector3.new(21.5, 8.5, 0),
		Vector3.new(20.700000000000003, 8.3, 0),
		Vector3.new(20.200000000000003, 8.1, 0),
		Vector3.new(19.8, 7.4, 0),
		Vector3.new(19.900000000000002, 6.2, 0),
		Vector3.new(19.8, 5.300000000000001, 0),
		Vector3.new(19.700000000000003, 4.5, 0),
		Vector3.new(19.5, 3.4000000000000004, 0),
		Vector3.new(19.3, 1.8, 0),
		Vector3.new(19.1, 1, 0),
		Vector3.new(18.900000000000002, 0.2, 0),
		Vector3.new(19.3, 0, 0),
		Vector3.new(20.1, 0, 0),
		Vector3.new(20.700000000000003, 0, 0),
		Vector3.new(21.900000000000002, 0, 0),
		Vector3.new(22.200000000000003, 1.5, 0),
		Vector3.new(22.1, 2.7, 0),
		Vector3.new(22, 4, 0),
		Vector3.new(22.3, 2.8000000000000003, 0),
	},
	{
		Vector3.new(22.3, 2.8000000000000003, 0),
		Vector3.new(22.5, 1.8, 0),
		Vector3.new(22.700000000000003, 1, 0),
		Vector3.new(22.6, 0.1, 0),
		Vector3.new(23.5, 0, 0),
		Vector3.new(23.900000000000002, 1.1, 0),
		Vector3.new(24, 2.4000000000000004, 0),
		Vector3.new(23.8, 3.5, 0),
		Vector3.new(23.5, 4.6000000000000005, 0),
		Vector3.new(23, 5.9, 0),
		Vector3.new(22.6, 7.2, 0),
		Vector3.new(22.3, 8.200000000000001, 0),
		Vector3.new(22.1, 6.9, 0),
		Vector3.new(22, 5.9, 0),
		Vector3.new(21.900000000000002, 4.9, 0),
		Vector3.new(20.6, 1.4000000000000001, 0),
		Vector3.new(19.6, 0.4, 0),
		Vector3.new(18.8, 0.1, 0),
		Vector3.new(18.1, 0, 0),
		Vector3.new(18.1, 0.5, 0),
		Vector3.new(18.2, 1.6, 0),
		Vector3.new(18.400000000000002, 3.7, 0),
		Vector3.new(18.5, 9.3, 0),
		Vector3.new(18.900000000000002, 10.700000000000001, 0),
		Vector3.new(19.3, 9.9, 0),
		Vector3.new(19.5, 9.200000000000001, 0),
		Vector3.new(19.8, 8, 0),
		Vector3.new(20.8, 8.4, 0),
	},
	{
		Vector3.new(20.8, 8.4, 0),
		Vector3.new(22, 8.5, 0),
		Vector3.new(23.200000000000003, 8.700000000000001, 0),
		Vector3.new(22.8, 9.3, 0),
		Vector3.new(22.3, 10.3, 0),
		Vector3.new(22, 11.3, 0),
		Vector3.new(22, 12.200000000000001, 0),
		Vector3.new(22.200000000000003, 13.100000000000001, 0),
		Vector3.new(22.5, 14, 0),
		Vector3.new(22.8, 14.5, 0),
		Vector3.new(21.400000000000002, 14.200000000000001, 0),
		Vector3.new(20.5, 14, 0),
		Vector3.new(19.700000000000003, 12.8, 0),
		Vector3.new(19.1, 11.100000000000001, 0),
		Vector3.new(20.400000000000002, 14.600000000000001, 0),
		Vector3.new(20.8, 15.5, 0),
		Vector3.new(21, 16.3, 0),
		Vector3.new(22, 19.1, 0),
		Vector3.new(22.200000000000003, 20.1, 0),
		Vector3.new(22.200000000000003, 19.1, 0),
		Vector3.new(22.1, 20.8, 0),
		Vector3.new(21.900000000000002, 18.8, 0),
		Vector3.new(20.1, 13.8, 0),
		Vector3.new(18.8, 11.100000000000001, 0),
		Vector3.new(18.7, 11.700000000000001, 0),
		Vector3.new(18.6, 12.3, 0),
	},
	{
		Vector3.new(18.6, 12.3, 0),
		Vector3.new(19, 15.200000000000001, 0),
		Vector3.new(19.3, 18, 0),
		Vector3.new(18.900000000000002, 16.7, 0),
		Vector3.new(18.400000000000002, 18.7, 0),
		Vector3.new(17.400000000000002, 21.200000000000003, 0),
		Vector3.new(16.2, 23.200000000000003, 0),
		Vector3.new(17.1, 20.700000000000003, 0),
		Vector3.new(17.6, 20.1, 0),
		Vector3.new(17.1, 20.700000000000003, 0),
		Vector3.new(17.400000000000002, 19.6, 0),
		Vector3.new(17.8, 19.1, 0),
		Vector3.new(16.5, 20.1, 0),
		Vector3.new(15.4, 21.700000000000003, 0),
		Vector3.new(15.3, 22.5, 0),
		Vector3.new(15.5, 20.700000000000003, 0),
		Vector3.new(15.5, 19.8, 0),
		Vector3.new(14.700000000000001, 20.400000000000002, 0),
		Vector3.new(14, 21.3, 0),
		Vector3.new(14, 20.400000000000002, 0),
		Vector3.new(14.100000000000001, 19.3, 0),
		Vector3.new(14.4, 18.400000000000002, 0),
		Vector3.new(13.8, 18.8, 0),
		Vector3.new(13.200000000000001, 20, 0),
		Vector3.new(12.4, 21.700000000000003, 0),
		Vector3.new(12.100000000000001, 22.6, 0),
	},
	{
		Vector3.new(12.100000000000001, 22.6, 0),
		Vector3.new(12, 24.400000000000002, 0),
		Vector3.new(12, 25.3, 0),
		Vector3.new(11.8, 23.900000000000002, 0),
		Vector3.new(12, 23.1, 0),
		Vector3.new(12.700000000000001, 19.900000000000002, 0),
		Vector3.new(12.9, 18.900000000000002, 0),
		Vector3.new(12.200000000000001, 20.6, 0),
		Vector3.new(11.5, 23.6, 0),
		Vector3.new(11.4, 25.200000000000003, 0),
		Vector3.new(11, 24.6, 0),
		Vector3.new(9.9, 22.900000000000002, 0),
		Vector3.new(8.5, 20.200000000000003, 0),
		Vector3.new(8.200000000000001, 19.200000000000003, 0),
		Vector3.new(8.3, 18.6, 0),
		Vector3.new(8, 19.400000000000002, 0),
		Vector3.new(7.9, 20.200000000000003, 0),
		Vector3.new(8.3, 21.5, 0),
		Vector3.new(8.8, 22.700000000000003, 0),
		Vector3.new(9.4, 23.8, 0),
		Vector3.new(9.8, 24.6, 0),
		Vector3.new(9.1, 24.200000000000003, 0),
		Vector3.new(8.700000000000001, 23.700000000000003, 0),
		Vector3.new(8.3, 23.5, 0),
		Vector3.new(7.9, 22.700000000000003, 0),
		Vector3.new(7.6000000000000005, 20.900000000000002, 0),
		Vector3.new(7.800000000000001, 22.400000000000002, 0),
		Vector3.new(7.7, 23.3, 0),
		Vector3.new(7.9, 24, 0),
	},
	{
		Vector3.new(7.9, 24, 0),
		Vector3.new(8.4, 25.3, 0),
		Vector3.new(9.1, 26.400000000000002, 0),
		Vector3.new(9.9, 27.400000000000002, 0),
		Vector3.new(9, 26.700000000000003, 0),
		Vector3.new(8.3, 25.8, 0),
		Vector3.new(7.7, 24.700000000000003, 0),
		Vector3.new(7.300000000000001, 23.3, 0),
		Vector3.new(7.1000000000000005, 22.5, 0),
		Vector3.new(7.2, 21, 0),
		Vector3.new(7.4, 19.700000000000003, 0),
		Vector3.new(7.800000000000001, 18.3, 0),
		Vector3.new(7.800000000000001, 19.700000000000003, 0),
		Vector3.new(9.5, 24, 0),
		Vector3.new(8.4, 21.6, 0),
		Vector3.new(7.9, 20.1, 0),
		Vector3.new(8.1, 19.1, 0),
		Vector3.new(8.4, 19.8, 0),
		Vector3.new(8.8, 20.8, 0),
		Vector3.new(9.3, 21.900000000000002, 0),
		Vector3.new(8.5, 22, 0),
		Vector3.new(7.7, 22, 0),
		Vector3.new(8.5, 22, 0),
		Vector3.new(9.3, 21.900000000000002, 0),
		Vector3.new(10, 21.8, 0),
		Vector3.new(11.100000000000001, 21.400000000000002, 0),
		Vector3.new(10.9, 20.1, 0),
		Vector3.new(10.8, 22, 0),
		Vector3.new(10.9, 23, 0),
	},
	{
		Vector3.new(10.9, 23, 0),
		Vector3.new(11.200000000000001, 24.3, 0),
		Vector3.new(11.4, 24.900000000000002, 0),
		Vector3.new(11.5, 25.8, 0),
		Vector3.new(12, 27.400000000000002, 0),
		Vector3.new(12, 26.700000000000003, 0),
		Vector3.new(12, 25.400000000000002, 0),
		Vector3.new(12, 23.1, 0),
		Vector3.new(12.100000000000001, 21.900000000000002, 0),
		Vector3.new(12.3, 23.8, 0),
		Vector3.new(12.600000000000001, 23.3, 0),
		Vector3.new(12.8, 22.700000000000003, 0),
		Vector3.new(13, 24.200000000000003, 0),
		Vector3.new(13.100000000000001, 25.3, 0),
		Vector3.new(13.3, 23.8, 0),
		Vector3.new(13.700000000000001, 23.1, 0),
		Vector3.new(14.100000000000001, 22.1, 0),
		Vector3.new(14.3, 23, 0),
		Vector3.new(14.3, 23.900000000000002, 0),
		Vector3.new(14.4, 25.5, 0),
		Vector3.new(14.5, 24.5, 0),
		Vector3.new(14.8, 22.900000000000002, 0),
		Vector3.new(15, 22, 0),
		Vector3.new(15, 21.200000000000003, 0),
		Vector3.new(15.700000000000001, 21.200000000000003, 0),
		Vector3.new(16.7, 21.3, 0),
		Vector3.new(17.3, 21.400000000000002, 0),
		Vector3.new(18.900000000000002, 21.3, 0),
		Vector3.new(17.900000000000002, 22.3, 0),
		Vector3.new(17.400000000000002, 23.8, 0),
		Vector3.new(18.5, 21.1, 0),
	},
	{
		Vector3.new(18.5, 21.1, 0),
		Vector3.new(18.900000000000002, 19.5, 0),
		Vector3.new(19.200000000000003, 18.1, 0),
		Vector3.new(18.900000000000002, 19.5, 0),
		Vector3.new(18, 19.700000000000003, 0),
		Vector3.new(17.5, 19.8, 0),
		Vector3.new(16.900000000000002, 19.700000000000003, 0),
		Vector3.new(16.2, 19.6, 0),
		Vector3.new(15.600000000000001, 19.3, 0),
		Vector3.new(15.100000000000001, 19.1, 0),
		Vector3.new(15.4, 19.5, 0),
		Vector3.new(16.400000000000002, 19.900000000000002, 0),
		Vector3.new(17.3, 20, 0),
		Vector3.new(17.900000000000002, 20, 0),
		Vector3.new(19.1, 19.6, 0),
		Vector3.new(18.400000000000002, 19.900000000000002, 0),
		Vector3.new(17.8, 20, 0),
		Vector3.new(19, 19.6, 0),
		Vector3.new(17.7, 19.900000000000002, 0),
		Vector3.new(17.1, 19.900000000000002, 0),
		Vector3.new(16.1, 19.700000000000003, 0),
		Vector3.new(15.600000000000001, 19.5, 0),
		Vector3.new(15, 19.1, 0),
		Vector3.new(16.2, 19.8, 0),
		Vector3.new(15.4, 19.700000000000003, 0),
		Vector3.new(16.3, 20.200000000000003, 0),
		Vector3.new(15.4, 19.200000000000003, 0),
		Vector3.new(15.200000000000001, 18.400000000000002, 0),
		Vector3.new(15.5, 17.900000000000002, 0),
		Vector3.new(15.200000000000001, 18.400000000000002, 0),
		Vector3.new(15.700000000000001, 18.7, 0),
		Vector3.new(16.2, 18.900000000000002, 0),
		Vector3.new(16.6, 18.7, 0),
		Vector3.new(16.2, 18.2, 0),
		Vector3.new(16.5, 18.6, 0),
		Vector3.new(16, 18.6, 0),
		Vector3.new(15.4, 18.5, 0),
		Vector3.new(15.5, 19.1, 0),
		Vector3.new(16.1, 19.400000000000002, 0),
		Vector3.new(16, 18.900000000000002, 0),
		Vector3.new(16.3, 19.5, 0),
		Vector3.new(16.400000000000002, 19, 0),
		Vector3.new(16.7, 19.6, 0),
		Vector3.new(16.5, 18.900000000000002, 0),
		Vector3.new(16.900000000000002, 19.5, 0),
		Vector3.new(16.7, 18.900000000000002, 0),
		Vector3.new(17, 19.400000000000002, 0),
		Vector3.new(16.7, 18.7, 0),
		Vector3.new(17.1, 19.200000000000003, 0),
	},
	{
		Vector3.new(17.1, 19.200000000000003, 0),
		Vector3.new(16.900000000000002, 18.7, 0),
		Vector3.new(17.2, 19.1, 0),
		Vector3.new(16.900000000000002, 18.6, 0),
		Vector3.new(17.3, 19.1, 0),
		Vector3.new(17, 18.6, 0),
		Vector3.new(17.5, 19, 0),
		Vector3.new(17.1, 18.5, 0),
		Vector3.new(17.6, 18.8, 0),
		Vector3.new(17.1, 18.400000000000002, 0),
		Vector3.new(17.6, 18.8, 0),
		Vector3.new(17.2, 18, 0),
		Vector3.new(16.8, 17.8, 0),
		Vector3.new(17.2, 18.1, 0),
		Vector3.new(16.900000000000002, 18.6, 0),
		Vector3.new(17.400000000000002, 18.3, 0),
		Vector3.new(16.400000000000002, 18.8, 0),
		Vector3.new(15, 20, 0),
		Vector3.new(16.1, 19.200000000000003, 0),
		Vector3.new(16.7, 19.900000000000002, 0),
		Vector3.new(17.3, 20, 0),
		Vector3.new(16, 23, 0),
		Vector3.new(15.5, 24.6, 0),
		Vector3.new(15.8, 23.6, 0),
		Vector3.new(15, 24.5, 0),
		Vector3.new(15.100000000000001, 23.900000000000002, 0),
		Vector3.new(15.200000000000001, 22.6, 0),
		Vector3.new(15.4, 21.8, 0),
		Vector3.new(15.8, 21.3, 0),
		Vector3.new(16.8, 21.400000000000002, 0),
		Vector3.new(16.1, 22.900000000000002, 0),
		Vector3.new(16.8, 22.700000000000003, 0),
		Vector3.new(17.400000000000002, 22, 0),
		Vector3.new(17.5, 22.700000000000003, 0),
		Vector3.new(17.7, 23.6, 0),
		Vector3.new(18.2, 23.1, 0),
		Vector3.new(18.5, 22.5, 0),
		Vector3.new(18.7, 22, 0),
		Vector3.new(18.900000000000002, 21.5, 0),
		Vector3.new(19.1, 22.200000000000003, 0),
		Vector3.new(19.200000000000003, 22.700000000000003, 0),
		Vector3.new(19, 23.8, 0),
		Vector3.new(18.8, 24.700000000000003, 0),
	},
	{
		Vector3.new(18.8, 24.700000000000003, 0),
		Vector3.new(18.400000000000002, 25.5, 0),
		Vector3.new(19, 24.400000000000002, 0),
		Vector3.new(19.400000000000002, 23.6, 0),
		Vector3.new(19.700000000000003, 22.400000000000002, 0),
		Vector3.new(20, 21.200000000000003, 0),
		Vector3.new(20, 20.700000000000003, 0),
		Vector3.new(20.200000000000003, 21.700000000000003, 0),
		Vector3.new(20.1, 22.700000000000003, 0),
		Vector3.new(19.900000000000002, 23.900000000000002, 0),
		Vector3.new(19, 25.700000000000003, 0),
		Vector3.new(18.2, 26.6, 0),
		Vector3.new(18.1, 27.1, 0),
		Vector3.new(18, 27.6, 0),
		Vector3.new(18.6, 27.900000000000002, 0),
		Vector3.new(19.200000000000003, 28.400000000000002, 0),
		Vector3.new(20.5, 28.200000000000003, 0),
		Vector3.new(21.5, 28.1, 0),
		Vector3.new(21.400000000000002, 26.6, 0),
		Vector3.new(21.900000000000002, 26.1, 0),
		Vector3.new(22.400000000000002, 25, 0),
		Vector3.new(22.700000000000003, 24, 0),
		Vector3.new(22.900000000000002, 22.6, 0),
		Vector3.new(23.200000000000003, 21.400000000000002, 0),
		Vector3.new(23.1, 19.3, 0),
		Vector3.new(22.900000000000002, 17.900000000000002, 0),
		Vector3.new(22.900000000000002, 19, 0),
		Vector3.new(22.900000000000002, 20, 0),
		Vector3.new(22.8, 18.400000000000002, 0),
		Vector3.new(22.8, 20.400000000000002, 0),
		Vector3.new(22.700000000000003, 21.900000000000002, 0),
		Vector3.new(22.5, 23.400000000000002, 0),
	},
	{
		Vector3.new(22.5, 23.400000000000002, 0),
		Vector3.new(22.1, 24.8, 0),
		Vector3.new(21.5, 26.200000000000003, 0),
		Vector3.new(20.900000000000002, 26.8, 0),
		Vector3.new(21.700000000000003, 27.3, 0),
		Vector3.new(20.900000000000002, 27.5, 0),
		Vector3.new(20.400000000000002, 27.900000000000002, 0),
		Vector3.new(21.400000000000002, 28, 0),
		Vector3.new(20.700000000000003, 28, 0),
		Vector3.new(21.3, 27.8, 0),
		Vector3.new(21.400000000000002, 26.8, 0),
		Vector3.new(21.400000000000002, 27.8, 0),
		Vector3.new(19.6, 28.400000000000002, 0),
		Vector3.new(18.900000000000002, 28.1, 0),
		Vector3.new(18.400000000000002, 27.900000000000002, 0),
		Vector3.new(17.8, 27.5, 0),
		Vector3.new(17.2, 27.700000000000003, 0),
		Vector3.new(16.900000000000002, 28.200000000000003, 0),
		Vector3.new(17.1, 28.6, 0),
		Vector3.new(17.8, 29.1, 0),
		Vector3.new(16.900000000000002, 28.900000000000002, 0),
		Vector3.new(16.2, 28.400000000000002, 0),
		Vector3.new(15.5, 28.6, 0),
		Vector3.new(14.5, 28.3, 0),
		Vector3.new(14.4, 28.8, 0),
		Vector3.new(13.600000000000001, 28.400000000000002, 0),
		Vector3.new(13.8, 28.900000000000002, 0),
		Vector3.new(13.3, 28.6, 0),
		Vector3.new(13, 29.1, 0),
		Vector3.new(12.700000000000001, 28.6, 0),
		Vector3.new(12.100000000000001, 29, 0),
		Vector3.new(12.4, 28.3, 0),
		Vector3.new(11.5, 28.6, 0),
		Vector3.new(10.600000000000001, 29.1, 0),
		Vector3.new(9.700000000000001, 29.3, 0),
		Vector3.new(9.9, 28.700000000000003, 0),
		Vector3.new(9.4, 29.200000000000003, 0),
		Vector3.new(8.6, 29, 0),
		Vector3.new(8, 28.900000000000002, 0),
		Vector3.new(7.4, 29.1, 0),
		Vector3.new(6.4, 29.6, 0),
		Vector3.new(5, 30, 0),
		Vector3.new(4.1000000000000005, 30.1, 0),
		Vector3.new(3.9000000000000004, 29.5, 0),
		Vector3.new(3.9000000000000004, 28.1, 0),
	},
	{
		Vector3.new(3.9000000000000004, 28.1, 0),
		Vector3.new(4.1000000000000005, 27.1, 0),
		Vector3.new(4.6000000000000005, 26.5, 0),
		Vector3.new(5.1000000000000005, 26.5, 0),
		Vector3.new(4.6000000000000005, 26.5, 0),
		Vector3.new(3.7, 25.900000000000002, 0),
		Vector3.new(3.3000000000000003, 25.200000000000003, 0),
		Vector3.new(2.9000000000000004, 24.1, 0),
		Vector3.new(2.5, 22.8, 0),
		Vector3.new(2.5, 21.8, 0),
		Vector3.new(2.5, 20.400000000000002, 0),
		Vector3.new(2.7, 19.400000000000002, 0),
		Vector3.new(2.9000000000000004, 18.1, 0),
		Vector3.new(2.9000000000000004, 17.1, 0),
		Vector3.new(3, 17.900000000000002, 0),
		Vector3.new(3.1, 18.8, 0),
		Vector3.new(3.3000000000000003, 19.700000000000003, 0),
		Vector3.new(3.2, 20.3, 0),
		Vector3.new(3.3000000000000003, 19.700000000000003, 0),
		Vector3.new(3.1, 20.3, 0),
		Vector3.new(3, 21, 0),
		Vector3.new(3, 22.400000000000002, 0),
		Vector3.new(3.2, 23.5, 0),
		Vector3.new(3.7, 24.8, 0),
		Vector3.new(4.1000000000000005, 25, 0),
		Vector3.new(3.8000000000000003, 24.200000000000003, 0),
		Vector3.new(3.5, 23.200000000000003, 0),
		Vector3.new(3.3000000000000003, 22.5, 0),
		Vector3.new(3.2, 21.6, 0),
		Vector3.new(3.3000000000000003, 22.5, 0),
		Vector3.new(3.8000000000000003, 23.1, 0),
		Vector3.new(3.7, 22.1, 0),
		Vector3.new(3.6, 21.3, 0),
		Vector3.new(3.5, 20.200000000000003, 0),
		Vector3.new(3.6, 19.200000000000003, 0),
		Vector3.new(4.1000000000000005, 17.8, 0),
		Vector3.new(4.7, 16.400000000000002, 0),
		Vector3.new(5.4, 14.3, 0),
	},
	{
		Vector3.new(5.4, 14.3, 0),
		Vector3.new(5.7, 12.200000000000001, 0),
		Vector3.new(5.800000000000001, 10.700000000000001, 0),
		Vector3.new(5.6000000000000005, 9.4, 0),
		Vector3.new(5.4, 8.3, 0),
		Vector3.new(4.9, 5.7, 0),
		Vector3.new(4.800000000000001, 3.8000000000000003, 0),
		Vector3.new(4.6000000000000005, 2.8000000000000003, 0),
		Vector3.new(4.7, 1, 0),
		Vector3.new(4.800000000000001, 0, 0),
		Vector3.new(3.1, 0, 0),
		Vector3.new(3, 0.9, 0),
		Vector3.new(2.9000000000000004, 1.9000000000000001, 0),
		Vector3.new(3, 3.6, 0),
		Vector3.new(3.2, 5.5, 0),
		Vector3.new(3.3000000000000003, 6.9, 0),
		Vector3.new(3.6, 8.5, 0),
		Vector3.new(4.1000000000000005, 10.3, 0),
		Vector3.new(4.7, 11.700000000000001, 0),
		Vector3.new(5.6000000000000005, 12.5, 0),
		Vector3.new(5, 12.200000000000001, 0),
		Vector3.new(4.1000000000000005, 12, 0),
		Vector3.new(3.3000000000000003, 11.700000000000001, 0),
		Vector3.new(2.7, 11.5, 0),
		Vector3.new(1.6, 11.100000000000001, 0),
		Vector3.new(3, 10.9, 0),
		Vector3.new(3.9000000000000004, 10.600000000000001, 0),
		Vector3.new(3, 10.9, 0),
	},
	{
		Vector3.new(3, 10.9, 0),
		Vector3.new(1.7000000000000002, 11, 0),
		Vector3.new(2.6, 11.600000000000001, 0),
		Vector3.new(3.3000000000000003, 11.700000000000001, 0),
		Vector3.new(4.2, 12, 0),
		Vector3.new(4.3, 12.8, 0),
		Vector3.new(4.4, 13.700000000000001, 0),
		Vector3.new(4.4, 15.9, 0),
		Vector3.new(4.4, 16.900000000000002, 0),
		Vector3.new(4.4, 16.1, 0),
		Vector3.new(3.8000000000000003, 16.1, 0),
		Vector3.new(3.8000000000000003, 14.700000000000001, 0),
		Vector3.new(3.7, 12.8, 0),
		Vector3.new(3.6, 12, 0),
		Vector3.new(3.1, 11.700000000000001, 0),
		Vector3.new(2.6, 11.600000000000001, 0),
		Vector3.new(2.9000000000000004, 13, 0),
		Vector3.new(3, 14.600000000000001, 0),
		Vector3.new(3.1, 16.5, 0),
		Vector3.new(2.9000000000000004, 17.1, 0),
		Vector3.new(3.3000000000000003, 17.7, 0),
		Vector3.new(3.8000000000000003, 16.900000000000002, 0),
		Vector3.new(3.8000000000000003, 16.3, 0),
		Vector3.new(4.3, 16.2, 0),
		Vector3.new(4.5, 17, 0),
		Vector3.new(5.2, 14.700000000000001, 0),
		Vector3.new(5.7, 12.600000000000001, 0),
		Vector3.new(5.800000000000001, 10.600000000000001, 0),
		Vector3.new(5.800000000000001, 11.3, 0),
		Vector3.new(5.6000000000000005, 10.5, 0),
		Vector3.new(5, 9.200000000000001, 0),
		Vector3.new(5.4, 10, 0),
		Vector3.new(5.7, 11.100000000000001, 0),
		Vector3.new(5.7, 9.8, 0),
		Vector3.new(5.7, 9.200000000000001, 0),
	},
	{
		Vector3.new(5.7, 9.200000000000001, 0),
		Vector3.new(6.2, 9.8, 0),
		Vector3.new(6.800000000000001, 11.600000000000001, 0),
		Vector3.new(6.9, 12.5, 0),
		Vector3.new(6.5, 16.8, 0),
		Vector3.new(6.4, 18.2, 0),
		Vector3.new(6.4, 17.1, 0),
		Vector3.new(7, 16.5, 0),
		Vector3.new(6.7, 14.8, 0),
		Vector3.new(7.1000000000000005, 17.400000000000002, 0),
		Vector3.new(7.2, 18.5, 0),
		Vector3.new(7.4, 19.400000000000002, 0),
		Vector3.new(7.2, 18.3, 0),
		Vector3.new(7.1000000000000005, 16.7, 0),
		Vector3.new(7.800000000000001, 15.9, 0),
		Vector3.new(8.8, 15.3, 0),
		Vector3.new(9.200000000000001, 14.3, 0),
		Vector3.new(8.4, 14.200000000000001, 0),
		Vector3.new(7.5, 13.4, 0),
		Vector3.new(7, 12.9, 0),
		Vector3.new(6.800000000000001, 14.8, 0),
		Vector3.new(7.4, 19.3, 0),
		Vector3.new(7.800000000000001, 18.400000000000002, 0),
		Vector3.new(7.800000000000001, 19.6, 0),
		Vector3.new(8, 20.3, 0),
		Vector3.new(7.4, 19.900000000000002, 0),
		Vector3.new(7.4, 20.5, 0),
	},
	{
		Vector3.new(7.4, 20.5, 0),
		Vector3.new(8.8, 20.6, 0),
		Vector3.new(10, 20.5, 0),
		Vector3.new(11, 19.8, 0),
		Vector3.new(10.3, 19.900000000000002, 0),
		Vector3.new(9.600000000000001, 20.1, 0),
		Vector3.new(8.9, 20.3, 0),
		Vector3.new(7.9, 20.3, 0),
		Vector3.new(8.4, 20.400000000000002, 0),
		Vector3.new(9.3, 20.400000000000002, 0),
		Vector3.new(10.600000000000001, 20.1, 0),
		Vector3.new(11, 19.700000000000003, 0),
		Vector3.new(9.700000000000001, 20.200000000000003, 0),
		Vector3.new(10.8, 19.900000000000002, 0),
		Vector3.new(9.9, 20.400000000000002, 0),
		Vector3.new(8.4, 20.6, 0),
		Vector3.new(9.700000000000001, 20.200000000000003, 0),
		Vector3.new(10.8, 20, 0),
		Vector3.new(10.4, 20.6, 0),
		Vector3.new(11.200000000000001, 20.200000000000003, 0),
		Vector3.new(10.9, 19.900000000000002, 0),
		Vector3.new(10.100000000000001, 20, 0),
		Vector3.new(10.200000000000001, 19.5, 0),
		Vector3.new(10.4, 19, 0),
		Vector3.new(10, 18.400000000000002, 0),
		Vector3.new(10.4, 18.900000000000002, 0),
		Vector3.new(10.9, 19.6, 0),
		Vector3.new(10.4, 18.8, 0),
		Vector3.new(9.9, 18.3, 0),
		Vector3.new(10.4, 18.8, 0),
		Vector3.new(10, 19.6, 0),
		Vector3.new(9.4, 19.6, 0),
		Vector3.new(8.9, 19.3, 0),
		Vector3.new(9.1, 18.8, 0),
		Vector3.new(9.600000000000001, 19.1, 0),
		Vector3.new(10, 18.6, 0),
		Vector3.new(10.3, 19.200000000000003, 0),
		Vector3.new(9.8, 19.8, 0),
		Vector3.new(8.700000000000001, 20.200000000000003, 0),
		Vector3.new(9.700000000000001, 19.8, 0),
		Vector3.new(8.6, 19.900000000000002, 0),
		Vector3.new(9.200000000000001, 19.6, 0),
		Vector3.new(8.5, 19.6, 0),
		Vector3.new(8.3, 20.1, 0),
		Vector3.new(7.800000000000001, 19.8, 0),
		Vector3.new(7.800000000000001, 18.900000000000002, 0),
	},
	{
		Vector3.new(7.800000000000001, 18.900000000000002, 0),
		Vector3.new(7.800000000000001, 18.3, 0),
		Vector3.new(7.5, 19.5, 0),
		Vector3.new(7.1000000000000005, 16.7, 0),
		Vector3.new(7.800000000000001, 16, 0),
		Vector3.new(9.200000000000001, 15.100000000000001, 0),
		Vector3.new(10.100000000000001, 14.9, 0),
		Vector3.new(11.3, 14.5, 0),
		Vector3.new(11.8, 14.3, 0),
		Vector3.new(13.5, 14.5, 0),
		Vector3.new(14.3, 14.700000000000001, 0),
		Vector3.new(15.200000000000001, 14.8, 0),
		Vector3.new(16.6, 15.3, 0),
		Vector3.new(17.5, 15.600000000000001, 0),
		Vector3.new(18, 16.400000000000002, 0),
		Vector3.new(18.400000000000002, 16.8, 0),
		Vector3.new(19, 16.6, 0),
		Vector3.new(18.1, 16.2, 0),
		Vector3.new(18.6, 16.5, 0),
		Vector3.new(18.400000000000002, 15.600000000000001, 0),
		Vector3.new(18.3, 14.4, 0),
		Vector3.new(18.3, 13.600000000000001, 0),
		Vector3.new(18.3, 12.600000000000001, 0),
		Vector3.new(18.400000000000002, 11.9, 0),
		Vector3.new(18.3, 12.700000000000001, 0),
		Vector3.new(18.3, 13.8, 0),
		Vector3.new(17.6, 13.700000000000001, 0),
		Vector3.new(16.5, 13.5, 0),
		Vector3.new(14.9, 14.200000000000001, 0),
		Vector3.new(13.8, 14.3, 0),
		Vector3.new(13.700000000000001, 13.9, 0),
		Vector3.new(13, 13.200000000000001, 0),
		Vector3.new(12.200000000000001, 12.600000000000001, 0),
		Vector3.new(11.4, 12.200000000000001, 0),
		Vector3.new(10.5, 12.5, 0),
		Vector3.new(9.8, 13.200000000000001, 0),
		Vector3.new(9.4, 13.8, 0),
		Vector3.new(9.200000000000001, 14.3, 0),
	},
	{
		Vector3.new(9.200000000000001, 14.3, 0),
		Vector3.new(8.4, 14.100000000000001, 0),
		Vector3.new(7.4, 13.3, 0),
		Vector3.new(7, 13, 0),
		Vector3.new(6.9, 12, 0),
		Vector3.new(8, 10.9, 0),
		Vector3.new(8.700000000000001, 11.200000000000001, 0),
		Vector3.new(9.700000000000001, 11.8, 0),
		Vector3.new(10.4, 12.100000000000001, 0),
		Vector3.new(10.9, 11.9, 0),
		Vector3.new(10.5, 11.100000000000001, 0),
		Vector3.new(10.4, 10.100000000000001, 0),
		Vector3.new(10.3, 8.700000000000001, 0),
		Vector3.new(10.200000000000001, 6.7, 0),
		Vector3.new(10.200000000000001, 5, 0),
		Vector3.new(10.200000000000001, 3.7, 0),
		Vector3.new(10.100000000000001, 0.2, 0),
		Vector3.new(4.7, 0, 0),
		Vector3.new(4.6000000000000005, 3.3000000000000003, 0),
		Vector3.new(4.800000000000001, 3.9000000000000004, 0),
		Vector3.new(5.4, 3.6, 0),
		Vector3.new(6, 3.6, 0),
		Vector3.new(6.9, 3.7, 0),
		Vector3.new(7.9, 4, 0),
		Vector3.new(8.6, 4.3, 0),
		Vector3.new(9.1, 4.6000000000000005, 0),
		Vector3.new(9.700000000000001, 4, 0),
	},
	{
		Vector3.new(9.700000000000001, 4, 0),
		Vector3.new(10, 0, 0),
		Vector3.new(9, 4.4, 0),
		Vector3.new(8.5, 4.2, 0),
		Vector3.new(9.1, 0.1, 0),
		Vector3.new(8.4, 0, 0),
		Vector3.new(7.6000000000000005, 3.8000000000000003, 0),
		Vector3.new(6.7, 3.7, 0),
		Vector3.new(7.4, 0.1, 0),
		Vector3.new(6.300000000000001, 0, 0),
		Vector3.new(5.800000000000001, 3.5, 0),
		Vector3.new(5.1000000000000005, 3.9000000000000004, 0),
		Vector3.new(5.5, 0.1, 0),
	},
	{
		Vector3.new(5.5, 0.1, 0),
		Vector3.new(18.1, 0, 0),
		Vector3.new(15.9, 0, 0),
		Vector3.new(16.2, 2.5, 0),
		Vector3.new(16.3, 4.4, 0),
		Vector3.new(16.3, 6.9, 0),
		Vector3.new(16.3, 10, 0),
		Vector3.new(16.2, 11.9, 0),
		Vector3.new(16.3, 12.8, 0),
		Vector3.new(16.2, 13.4, 0),
		Vector3.new(16.3, 12.600000000000001, 0),
		Vector3.new(16.1, 12.100000000000001, 0),
		Vector3.new(15.600000000000001, 11.100000000000001, 0),
		Vector3.new(15.200000000000001, 10.600000000000001, 0),
		Vector3.new(14.4, 10.9, 0),
		Vector3.new(12.600000000000001, 11.600000000000001, 0),
		Vector3.new(12, 11.9, 0),
		Vector3.new(11.3, 11.700000000000001, 0),
		Vector3.new(11.3, 10.5, 0),
		Vector3.new(11.100000000000001, 9.200000000000001, 0),
	},
	{
		Vector3.new(11.100000000000001, 9.200000000000001, 0),
		Vector3.new(10.600000000000001, 9.200000000000001, 0),
		Vector3.new(11, 8.8, 0),
		Vector3.new(11, 7.6000000000000005, 0),
		Vector3.new(10.9, 5.800000000000001, 0),
		Vector3.new(10.8, 4.2, 0),
		Vector3.new(11, 2.5, 0),
		Vector3.new(11.100000000000001, 0.9, 0),
		Vector3.new(11.100000000000001, 0.1, 0),
		Vector3.new(10.600000000000001, 0.30000000000000004, 0),
		Vector3.new(11.200000000000001, 0, 0),
		Vector3.new(11.100000000000001, 1, 0),
		Vector3.new(11, 2.6, 0),
		Vector3.new(11.600000000000001, 2.4000000000000004, 0),
		Vector3.new(11.9, 1.7000000000000002, 0),
		Vector3.new(11.600000000000001, 2.3000000000000003, 0),
		Vector3.new(12.100000000000001, 1.6, 0),
		Vector3.new(12.600000000000001, 0.7000000000000001, 0),
		Vector3.new(12.700000000000001, 0.2, 0),
		Vector3.new(13.4, 0.1, 0),
		Vector3.new(12.4, 1.9000000000000001, 0),
		Vector3.new(11.700000000000001, 3.5, 0),
		Vector3.new(11.4, 4.2, 0),
		Vector3.new(12.100000000000001, 4.7, 0),
		Vector3.new(12.700000000000001, 4.3, 0),
		Vector3.new(13.200000000000001, 4.1000000000000005, 0),
		Vector3.new(14.100000000000001, 3.8000000000000003, 0),
		Vector3.new(15, 3.6, 0),
		Vector3.new(15.5, 3.4000000000000004, 0),
		Vector3.new(16.2, 3.4000000000000004, 0),
		Vector3.new(15.8, 0, 0),
		Vector3.new(15.100000000000001, 3.5, 0),
		Vector3.new(14, 3.9000000000000004, 0),
	},
	{
		Vector3.new(14, 3.9000000000000004, 0),
		Vector3.new(14.8, 0, 0),
		Vector3.new(13.9, 0, 0),
		Vector3.new(12.100000000000001, 4.6000000000000005, 0),
		Vector3.new(11.5, 4.2, 0),
		Vector3.new(11.700000000000001, 3.4000000000000004, 0),
		Vector3.new(12.200000000000001, 2.2, 0),
		Vector3.new(13.3, 0.2, 0),
		Vector3.new(14.4, 0, 0),
		Vector3.new(15.8, 0, 0),
		Vector3.new(16.2, 3.3000000000000003, 0),
		Vector3.new(16.3, 6.2, 0),
		Vector3.new(16.8, 5.300000000000001, 0),
		Vector3.new(16.900000000000002, 4.1000000000000005, 0),
		Vector3.new(17.400000000000002, 4, 0),
		Vector3.new(18, 4.3, 0),
		Vector3.new(18.7, 4.6000000000000005, 0),
		Vector3.new(19.3, 5.300000000000001, 0),
		Vector3.new(19.400000000000002, 4.2, 0),
		Vector3.new(19.5, 3.5, 0),
		Vector3.new(18.900000000000002, 0.1, 0),
		Vector3.new(19.700000000000003, 0.4, 0),
		Vector3.new(20.1, 0.9, 0),
		Vector3.new(20.5, 1.3, 0),
		Vector3.new(20.5, 2.5, 0),
	},
	{
		Vector3.new(20.5, 2.5, 0),
		Vector3.new(20.5, 3.6, 0),
		Vector3.new(20.400000000000002, 4.5, 0),
		Vector3.new(20.200000000000003, 5.1000000000000005, 0),
		Vector3.new(20.200000000000003, 5.9, 0),
		Vector3.new(20.3, 6.9, 0),
		Vector3.new(20, 7.5, 0),
		Vector3.new(19.700000000000003, 8.5, 0),
		Vector3.new(19.400000000000002, 9.5, 0),
		Vector3.new(19.1, 10.5, 0),
		Vector3.new(19.6, 9.700000000000001, 0),
		Vector3.new(20, 9.3, 0),
		Vector3.new(21, 9.5, 0),
		Vector3.new(21.700000000000003, 9.9, 0),
		Vector3.new(22.3, 10.3, 0),
		Vector3.new(22.900000000000002, 10.700000000000001, 0),
		Vector3.new(23.1, 11.3, 0),
		Vector3.new(23.200000000000003, 12.700000000000001, 0),
		Vector3.new(23.3, 13.600000000000001, 0),
		Vector3.new(23.6, 14.200000000000001, 0),
		Vector3.new(24.5, 14.5, 0),
		Vector3.new(26.200000000000003, 14.8, 0),
		Vector3.new(27.5, 15.100000000000001, 0),
		Vector3.new(28, 14.8, 0),
		Vector3.new(28.5, 14.5, 0),
		Vector3.new(29.1, 14.100000000000001, 0),
		Vector3.new(29.900000000000002, 13.9, 0),
		Vector3.new(29.200000000000003, 14.200000000000001, 0),
		Vector3.new(28.5, 14.9, 0),
		Vector3.new(28, 15.700000000000001, 0),
		Vector3.new(27.700000000000003, 16.7, 0),
		Vector3.new(27.6, 17.3, 0),
		Vector3.new(27.6, 15.3, 0),
		Vector3.new(28, 14.8, 0),
		Vector3.new(28.8, 14.3, 0),
		Vector3.new(29.900000000000002, 13.9, 0),
		Vector3.new(29.3, 13.9, 0),
		Vector3.new(28.700000000000003, 14, 0),
		Vector3.new(28.1, 14, 0),
		Vector3.new(27.400000000000002, 13.9, 0),
		Vector3.new(26.8, 13.8, 0),
		Vector3.new(26.3, 13.4, 0),
		Vector3.new(26, 12.9, 0),
		Vector3.new(25.6, 13.8, 0),
	},
	{
		Vector3.new(25.6, 13.8, 0),
		Vector3.new(25.6, 14.4, 0),
		Vector3.new(27.5, 15.200000000000001, 0),
		Vector3.new(27.5, 16.6, 0),
		Vector3.new(27.700000000000003, 19.3, 0),
		Vector3.new(27.8, 19.900000000000002, 0),
		Vector3.new(27.900000000000002, 21.200000000000003, 0),
		Vector3.new(27.700000000000003, 22.3, 0),
		Vector3.new(27, 24.3, 0),
		Vector3.new(27.700000000000003, 24.400000000000002, 0),
		Vector3.new(26.6, 25.1, 0),
		Vector3.new(26.3, 25.900000000000002, 0),
		Vector3.new(26.5, 25.200000000000003, 0),
		Vector3.new(27.6, 24.400000000000002, 0),
		Vector3.new(28.5, 24.200000000000003, 0),
		Vector3.new(29.5, 24.5, 0),
		Vector3.new(29.8, 25, 0),
		Vector3.new(29, 24.3, 0),
		Vector3.new(28.200000000000003, 24.200000000000003, 0),
		Vector3.new(27.5, 24.400000000000002, 0),
		Vector3.new(27.6, 23.900000000000002, 0),
		Vector3.new(28, 23.1, 0),
		Vector3.new(28.3, 22.3, 0),
		Vector3.new(27.400000000000002, 24.3, 0),
		Vector3.new(27.6, 22.6, 0),
		Vector3.new(27.8, 21.200000000000003, 0),
		Vector3.new(27.5, 17.2, 0),
		Vector3.new(27.900000000000002, 16.1, 0),
		Vector3.new(28.200000000000003, 15.700000000000001, 0),
		Vector3.new(28.3, 17.1, 0),
		Vector3.new(28.400000000000002, 18, 0),
	},
	{
		Vector3.new(28.400000000000002, 18, 0),
		Vector3.new(28.3, 19.3, 0),
		Vector3.new(28.400000000000002, 20.5, 0),
		Vector3.new(28.400000000000002, 21.6, 0),
		Vector3.new(29, 20.900000000000002, 0),
		Vector3.new(29, 21.6, 0),
		Vector3.new(29.200000000000003, 22.900000000000002, 0),
		Vector3.new(29.200000000000003, 23.700000000000003, 0),
		Vector3.new(29.3, 24.200000000000003, 0),
		Vector3.new(29.8, 23.400000000000002, 0),
		Vector3.new(30.1, 22.8, 0),
		Vector3.new(30.3, 22.200000000000003, 0),
		Vector3.new(29.700000000000003, 24, 0),
		Vector3.new(30.3, 23, 0),
		Vector3.new(29.8, 24.700000000000003, 0),
		Vector3.new(29.900000000000002, 23.8, 0),
		Vector3.new(29.6, 24.6, 0),
		Vector3.new(29, 24.200000000000003, 0),
		Vector3.new(27.700000000000003, 24, 0),
		Vector3.new(29.1, 24.1, 0),
		Vector3.new(27.8, 23.900000000000002, 0),
		Vector3.new(29.1, 23.900000000000002, 0),
		Vector3.new(27.8, 23.8, 0),
		Vector3.new(29.1, 23.700000000000003, 0),
		Vector3.new(28, 23.6, 0),
		Vector3.new(29, 23.5, 0),
		Vector3.new(28.1, 23.400000000000002, 0),
		Vector3.new(29.1, 23.400000000000002, 0),
		Vector3.new(29, 22.700000000000003, 0),
		Vector3.new(28.900000000000002, 21.6, 0),
		Vector3.new(28.900000000000002, 23.400000000000002, 0),
		Vector3.new(28.1, 23.3, 0),
		Vector3.new(28.5, 21.8, 0),
		Vector3.new(28.700000000000003, 23.3, 0),
		Vector3.new(28.6, 22, 0),
	},
	{
		Vector3.new(28.6, 22, 0),
		Vector3.new(28.6, 23.1, 0),
		Vector3.new(28.5, 22.400000000000002, 0),
		Vector3.new(28, 21.700000000000003, 0),
		Vector3.new(27.200000000000003, 24.1, 0),
		Vector3.new(28, 21.900000000000002, 0),
		Vector3.new(27.6, 23.700000000000003, 0),
		Vector3.new(28.200000000000003, 22.1, 0),
		Vector3.new(28.5, 21.700000000000003, 0),
		Vector3.new(27.900000000000002, 21.5, 0),
		Vector3.new(28.400000000000002, 21.900000000000002, 0),
		Vector3.new(28.1, 19.200000000000003, 0),
		Vector3.new(28, 21.5, 0),
		Vector3.new(28, 19.200000000000003, 0),
		Vector3.new(28.1, 21.400000000000002, 0),
		Vector3.new(27.700000000000003, 17, 0),
		Vector3.new(28.1, 15.9, 0),
		Vector3.new(28.200000000000003, 19.3, 0),
		Vector3.new(28, 16.5, 0),
		Vector3.new(28, 19.1, 0),
	},
	{
		Vector3.new(28, 19.1, 0),
		Vector3.new(27.8, 16.900000000000002, 0),
		Vector3.new(27.6, 15.700000000000001, 0),
		Vector3.new(25.900000000000002, 13, 0),
		Vector3.new(27.3, 15, 0),
		Vector3.new(26, 14.700000000000001, 0),
		Vector3.new(27, 14.9, 0),
		Vector3.new(25.900000000000002, 14.5, 0),
		Vector3.new(26.900000000000002, 14.700000000000001, 0),
		Vector3.new(25.900000000000002, 13.3, 0),
		Vector3.new(25.8, 13.8, 0),
		Vector3.new(25.900000000000002, 14.5, 0),
		Vector3.new(26.700000000000003, 14.600000000000001, 0),
		Vector3.new(26, 13.700000000000001, 0),
		Vector3.new(26, 14.4, 0),
		Vector3.new(27.5, 15, 0),
		Vector3.new(28.6, 14.3, 0),
		Vector3.new(29.5, 14, 0),
		Vector3.new(28.5, 14.3, 0),
		Vector3.new(27.6, 14.8, 0),
		Vector3.new(26.6, 13.8, 0),
		Vector3.new(27.5, 14.100000000000001, 0),
		Vector3.new(28.6, 14.100000000000001, 0),
		Vector3.new(27.5, 14.700000000000001, 0),
		Vector3.new(27, 14.100000000000001, 0),
		Vector3.new(28, 14.3, 0),
		Vector3.new(27.5, 14.600000000000001, 0),
		Vector3.new(25.900000000000002, 14.700000000000001, 0),
		Vector3.new(24.5, 14.5, 0),
		Vector3.new(23.8, 14.700000000000001, 0),
		Vector3.new(22.400000000000002, 14.4, 0),
	},
	{
		Vector3.new(22.400000000000002, 14.4, 0),
		Vector3.new(21.1, 14.200000000000001, 0),
		Vector3.new(21, 15.600000000000001, 0),
		Vector3.new(18.6, 9.5, 0),
		Vector3.new(18.400000000000002, 11.100000000000001, 0),
		Vector3.new(18.6, 11.8, 0),
		Vector3.new(18.2, 10, 0),
		Vector3.new(18.400000000000002, 7.800000000000001, 0),
		Vector3.new(18.2, 8.700000000000001, 0),
		Vector3.new(18.1, 11.200000000000001, 0),
		Vector3.new(17.900000000000002, 13.9, 0),
		Vector3.new(17.8, 14.700000000000001, 0),
		Vector3.new(18, 15.4, 0),
		Vector3.new(18.2, 16.1, 0),
		Vector3.new(17.400000000000002, 15.600000000000001, 0),
		Vector3.new(16.6, 15.3, 0),
		Vector3.new(15.3, 14.8, 0),
		Vector3.new(14.3, 14.700000000000001, 0),
		Vector3.new(13.5, 14.5, 0),
		Vector3.new(11.9, 14.200000000000001, 0),
		Vector3.new(9.9, 15, 0),
		Vector3.new(9.200000000000001, 15.100000000000001, 0),
		Vector3.new(10.100000000000001, 14.600000000000001, 0),
		Vector3.new(11, 14.200000000000001, 0),
		Vector3.new(11.600000000000001, 14, 0),
		Vector3.new(13, 13.700000000000001, 0),
	},
	{
		Vector3.new(13, 13.700000000000001, 0),
		Vector3.new(12.8, 13.200000000000001, 0),
		Vector3.new(13.600000000000001, 14.4, 0),
		Vector3.new(12.700000000000001, 13.8, 0),
		Vector3.new(11.8, 14, 0),
		Vector3.new(10.8, 14.4, 0),
		Vector3.new(10, 14.700000000000001, 0),
		Vector3.new(9.200000000000001, 15.100000000000001, 0),
		Vector3.new(7.1000000000000005, 16.7, 0),
		Vector3.new(6.800000000000001, 15, 0),
		Vector3.new(6.9, 12.5, 0),
		Vector3.new(6.800000000000001, 11.600000000000001, 0),
		Vector3.new(6.5, 10.600000000000001, 0),
		Vector3.new(6.1000000000000005, 9.700000000000001, 0),
		Vector3.new(5.7, 9.3, 0),
		Vector3.new(5.300000000000001, 7.7, 0),
		Vector3.new(4.800000000000001, 4.7, 0),
		Vector3.new(4.1000000000000005, 5, 0),
		Vector3.new(3.5, 5, 0),
		Vector3.new(3.2, 6.1000000000000005, 0),
		Vector3.new(2.7, 5.6000000000000005, 0),
		Vector3.new(2.3000000000000003, 4.7, 0),
		Vector3.new(1.9000000000000001, 3.8000000000000003, 0),
		Vector3.new(1.6, 3.3000000000000003, 0),
		Vector3.new(0.30000000000000004, 3.3000000000000003, 0),
		Vector3.new(-0.30000000000000004, 3.4000000000000004, 0),
		Vector3.new(0.30000000000000004, 2.7, 0),
		Vector3.new(0.5, 1.7000000000000002, 0),
		Vector3.new(0.30000000000000004, 1.1, 0),
		Vector3.new(0.1, 0.5, 0),
		Vector3.new(3.2, 0, 0),
	},
}
