local wires = {
	{
		Vector3.new(-613, 1983.3000000000002, 2641.6000000000004),
		Vector3.new(-613, 1987.5, 2641.1000000000004),
		Vector3.new(-613, 1991.8000000000002, 2640.3),
		Vector3.new(-613, 1995.9, 2639.4),
		Vector3.new(-613, 1999.3000000000002, 2638.3),
		Vector3.new(-613, 2002.4, 2637.3),
		Vector3.new(-613, 2004.7, 2636.3),
		Vector3.new(-613, 2004.1000000000001, 2635.2000000000003),
		Vector3.new(-613, 2003.5, 2633.5),
		Vector3.new(-613, 2002.9, 2632),
		Vector3.new(-613, 2000.8000000000002, 2632.6000000000004),
		Vector3.new(-613, 1996.6000000000001, 2633.6000000000004),
		Vector3.new(-613, 1992.5, 2634.4),
	},
	{
		Vector3.new(-613, 1992.5, 2634.4),
		Vector3.new(-613, 1988, 2635),
		Vector3.new(-613, 1984.5, 2635.4),
		Vector3.new(-613, 1981.1000000000001, 2635.6000000000004),
		Vector3.new(-613, 1980.1000000000001, 2628.3),
		Vector3.new(-613, 1983.3000000000002, 2628.3),
		Vector3.new(-613, 1987.1000000000001, 2628.1000000000004),
		Vector3.new(-613, 1989.3000000000002, 2627.9),
		Vector3.new(-613, 1991.5, 2627.7000000000003),
	},
	{
		Vector3.new(-613, 1991.5, 2627.7000000000003),
		Vector3.new(-613, 1980, 2619.4),
		Vector3.new(-613, 1983.8000000000002, 2619.5),
		Vector3.new(-613, 1987.3000000000002, 2619.6000000000004),
		Vector3.new(-613, 1992.3000000000002, 2619.6000000000004),
	},
	{
		Vector3.new(-613, 1992.3000000000002, 2619.6000000000004),
		Vector3.new(-613, 1980.1000000000001, 2610),
		Vector3.new(-613, 1982.7, 2610.3),
		Vector3.new(-613, 1986.6000000000001, 2610.7000000000003),
		Vector3.new(-613, 1990.4, 2611.3),
		Vector3.new(-613, 1994.7, 2612),
		Vector3.new(-613, 1997.4, 2612.7000000000003),
		Vector3.new(-613, 1999.5, 2613.1000000000004),
		Vector3.new(-613, 1999.4, 2611.5),
	},
	{
		Vector3.new(-613, 1999.4, 2611.5),
		Vector3.new(-613, 1999.4, 2614),
		Vector3.new(-613, 1999.4, 2611.4),
		Vector3.new(-613, 1999.8000000000002, 2609.6000000000004),
		Vector3.new(-613, 2000.4, 2606.7000000000003),
		Vector3.new(-613, 1997.6000000000001, 2605.7000000000003),
		Vector3.new(-613, 1992.9, 2604.3),
		Vector3.new(-613, 1987.9, 2603.1000000000004),
		Vector3.new(-613, 1982.2, 2601.8),
		Vector3.new(-613, 1984.5, 2596.8),
	},
	{
		Vector3.new(-613, 1984.5, 2596.8),
		Vector3.new(-613, 1990.4, 2598.7000000000003),
		Vector3.new(-613, 1994, 2599.7000000000003),
		Vector3.new(-613, 1996.4, 2600.5),
		Vector3.new(-613, 1999.1000000000001, 2601.4),
		Vector3.new(-613, 2001.4, 2602.2000000000003),
		Vector3.new(-613, 2000.9, 2604.5),
		Vector3.new(-613, 2000.4, 2606.6000000000004),
		Vector3.new(-613, 2001.4, 2602.2000000000003),
		Vector3.new(-613, 2001.9, 2600.3),
		Vector3.new(-613, 2002.8000000000002, 2597.3),
		Vector3.new(-613, 2003.9, 2593.8),
	},
	{
		Vector3.new(-613, 2003.9, 2593.8),
		Vector3.new(-613, 2005.1000000000001, 2590.6000000000004),
		Vector3.new(-613, 2006.4, 2587.7000000000003),
		Vector3.new(-613, 2007.4, 2586.3),
		Vector3.new(-613, 2004.6000000000001, 2591.8),
		Vector3.new(-613, 2010.6000000000001, 2592.6000000000004),
		Vector3.new(-613, 2014.6000000000001, 2593.1000000000004),
		Vector3.new(-613, 2015.3000000000002, 2591),
		Vector3.new(-613, 2016.7, 2587),
		Vector3.new(-613, 2013.2, 2586.4),
	},
	{
		Vector3.new(-613, 2013.2, 2586.4),
		Vector3.new(-613, 2017.9, 2587.1000000000004),
		Vector3.new(-613, 2021.2, 2587.7000000000003),
		Vector3.new(-613, 2019.3000000000002, 2593.9),
		Vector3.new(-613, 2014.5, 2593.1000000000004),
		Vector3.new(-613, 2019.3000000000002, 2593.9),
		Vector3.new(-613, 2023.8000000000002, 2594.5),
		Vector3.new(-613, 2027, 2595),
		Vector3.new(-613, 2028, 2589.9),
	},
	{
		Vector3.new(-613, 2028, 2589.9),
		Vector3.new(-613, 2027.4, 2589),
		Vector3.new(-613, 2025.1000000000001, 2588.5),
		Vector3.new(-613, 2021.2, 2587.7000000000003),
		Vector3.new(-613, 2027.3000000000002, 2589),
		Vector3.new(-613, 2028.2, 2590),
		Vector3.new(-613, 2028.4, 2592.1000000000004),
		Vector3.new(-613, 2028.2, 2595.3),
		Vector3.new(-613, 2026.9, 2595),
		Vector3.new(-613, 2029.6000000000001, 2595.5),
		Vector3.new(-613, 2033.1000000000001, 2596),
		Vector3.new(-613, 2036.3000000000002, 2596.6000000000004),
		Vector3.new(-613, 2041.2, 2597.3),
	},
	{
		Vector3.new(-613, 2041.2, 2597.3),
		Vector3.new(-613, 2038.4, 2597.2000000000003),
		Vector3.new(-613, 2036.6000000000001, 2597.6000000000004),
		Vector3.new(-613, 2034.6000000000001, 2598.3),
		Vector3.new(-613, 2031.7, 2597.7000000000003),
		Vector3.new(-613, 2027.9, 2597.2000000000003),
		Vector3.new(-613, 2027.7, 2598.5),
		Vector3.new(-613, 2030, 2598.5),
		Vector3.new(-613, 2032, 2598.7000000000003),
		Vector3.new(-613, 2033, 2598.8),
		Vector3.new(-613, 2034.5, 2598.3),
		Vector3.new(-613, 2032.2, 2599.2000000000003),
		Vector3.new(-613, 2030.2, 2599.9),
		Vector3.new(-613, 2027.4, 2601),
		Vector3.new(-613, 2030.6000000000001, 2599.7000000000003),
		Vector3.new(-613, 2029.2, 2599.8),
		Vector3.new(-613, 2027.4, 2600.1000000000004),
		Vector3.new(-613, 2027.7, 2598.4),
	},
	{
		Vector3.new(-613, 2027.7, 2598.4),
		Vector3.new(-613, 2027.3000000000002, 2600.1000000000004),
		Vector3.new(-613, 2025.8000000000002, 2600.5),
		Vector3.new(-613, 2026.6000000000001, 2597),
		Vector3.new(-613, 2028, 2597.1000000000004),
		Vector3.new(-613, 2025.6000000000001, 2596.8),
		Vector3.new(-613, 2021.4, 2596.2000000000003),
		Vector3.new(-613, 2018.7, 2595.8),
		Vector3.new(-613, 2017.5, 2600.3),
		Vector3.new(-613, 2016.5, 2604.3),
		Vector3.new(-613, 2017.7, 2604.5),
		Vector3.new(-613, 2013.9, 2604),
		Vector3.new(-613, 2011.6000000000001, 2603.7000000000003),
		Vector3.new(-613, 2012.3000000000002, 2601),
	},
	{
		Vector3.new(-613, 2012.3000000000002, 2601),
		Vector3.new(-613, 2013.3000000000002, 2597.7000000000003),
		Vector3.new(-613, 2014, 2595),
		Vector3.new(-613, 2016.3000000000002, 2595.3),
		Vector3.new(-613, 2018.8000000000002, 2595.7000000000003),
		Vector3.new(-613, 2016.4, 2595.3),
		Vector3.new(-613, 2013.4, 2594.9),
		Vector3.new(-613, 2009.3000000000002, 2594.4),
		Vector3.new(-613, 2006.6000000000001, 2594.1000000000004),
		Vector3.new(-613, 2003.8000000000002, 2593.7000000000003),
		Vector3.new(-613, 2001.3000000000002, 2602.7000000000003),
	},
	{
		Vector3.new(-613, 2001.3000000000002, 2602.7000000000003),
		Vector3.new(-613, 2004.5, 2602.9),
		Vector3.new(-613, 2008.9, 2603.3),
		Vector3.new(-613, 2011.6000000000001, 2603.7000000000003),
		Vector3.new(-613, 2000.9, 2604.3),
		Vector3.new(-613, 2005, 2604.6000000000004),
		Vector3.new(-613, 2011.2, 2605.3),
		Vector3.new(-613, 2010.9, 2606.7000000000003),
		Vector3.new(-613, 2013.8000000000002, 2605.6000000000004),
	},
	{
		Vector3.new(-613, 2013.8000000000002, 2605.6000000000004),
		Vector3.new(-613, 2011.2, 2605.3),
		Vector3.new(-613, 2013.8000000000002, 2605.6000000000004),
		Vector3.new(-613, 2017.7, 2604.5),
		Vector3.new(-613, 2015, 2606),
		Vector3.new(-613, 2013.1000000000001, 2606.9),
		Vector3.new(-613, 2012, 2607.6000000000004),
		Vector3.new(-613, 2010.3000000000002, 2609.5),
		Vector3.new(-613, 2008.6000000000001, 2611),
		Vector3.new(-613, 2006.4, 2613.2000000000003),
		Vector3.new(-613, 2004.2, 2615.9),
		Vector3.new(-613, 2004.8000000000002, 2617.4),
		Vector3.new(-613, 2005.3000000000002, 2618.7000000000003),
		Vector3.new(-613, 2005.8000000000002, 2619.7000000000003),
		Vector3.new(-613, 2005.3000000000002, 2618.8),
		Vector3.new(-613, 2005.7, 2619.5),
		Vector3.new(-613, 2003.2, 2621.9),
	},
	{
		Vector3.new(-613, 2003.2, 2621.9),
		Vector3.new(-613, 2004.3000000000002, 2620.8),
		Vector3.new(-613, 2007, 2620.7000000000003),
		Vector3.new(-613, 2010, 2620.5),
		Vector3.new(-613, 2012.8000000000002, 2620.3),
		Vector3.new(-613, 2014.6000000000001, 2619.9),
		Vector3.new(-613, 2010.6000000000001, 2619.9),
		Vector3.new(-613, 2010.4, 2618.6000000000004),
		Vector3.new(-613, 2008.2, 2619.9),
		Vector3.new(-613, 2010.6000000000001, 2619.9),
		Vector3.new(-613, 2008.2, 2619.9),
		Vector3.new(-613, 2007.1000000000001, 2620.1000000000004),
		Vector3.new(-613, 2006.1000000000001, 2620.2000000000003),
		Vector3.new(-613, 2005.1000000000001, 2620.1000000000004),
		Vector3.new(-613, 2010.3000000000002, 2618.6000000000004),
		Vector3.new(-613, 2012.2, 2617.4),
	},
	{
		Vector3.new(-613, 2012.2, 2617.4),
		Vector3.new(-613, 2015.4, 2615.8),
		Vector3.new(-613, 2015.5, 2617.5),
		Vector3.new(-613, 2015.8000000000002, 2619.9),
		Vector3.new(-613, 2014.6000000000001, 2619.9),
		Vector3.new(-613, 2017.3000000000002, 2619.8),
		Vector3.new(-613, 2020.5, 2619.8),
		Vector3.new(-613, 2022.1000000000001, 2619.7000000000003),
		Vector3.new(-613, 2023, 2619.2000000000003),
		Vector3.new(-613, 2023.6000000000001, 2618),
		Vector3.new(-613, 2024.2, 2616.2000000000003),
		Vector3.new(-613, 2024.9, 2613.8),
		Vector3.new(-613, 2025.3000000000002, 2612.2000000000003),
		Vector3.new(-613, 2023.9, 2613.1000000000004),
		Vector3.new(-613, 2023.3000000000002, 2615.4),
		Vector3.new(-613, 2022.9, 2616.6000000000004),
		Vector3.new(-613, 2022.2, 2617.1000000000004),
		Vector3.new(-613, 2020.7, 2617.2000000000003),
		Vector3.new(-613, 2018.5, 2617.2000000000003),
		Vector3.new(-613, 2015.5, 2617.3),
	},
	{
		Vector3.new(-613, 2015.5, 2617.3),
		Vector3.new(-613, 2015.4, 2615.8),
		Vector3.new(-613, 2018, 2614.4),
		Vector3.new(-613, 2021.6000000000001, 2614.4),
		Vector3.new(-613, 2022.4, 2613.4),
		Vector3.new(-613, 2023.3000000000002, 2613.3),
		Vector3.new(-613, 2025.3000000000002, 2612.2000000000003),
		Vector3.new(-613, 2023.3000000000002, 2613.3),
		Vector3.new(-613, 2021.5, 2613.4),
		Vector3.new(-613, 2019.8000000000002, 2613.6000000000004),
		Vector3.new(-613, 2018, 2614.4),
		Vector3.new(-613, 2025.3000000000002, 2612.2000000000003),
		Vector3.new(-613, 2027.5, 2610.9),
		Vector3.new(-613, 2030.6000000000001, 2608.8),
		Vector3.new(-613, 2032.9, 2607.3),
	},
	{
		Vector3.new(-613, 2032.9, 2607.3),
		Vector3.new(-613, 2036.3000000000002, 2604.9),
		Vector3.new(-613, 2032.9, 2607.3),
		Vector3.new(-613, 2030.4, 2608.9),
		Vector3.new(-613, 2028.5, 2610.2000000000003),
		Vector3.new(-613, 2030.4, 2609.9),
		Vector3.new(-613, 2032.3000000000002, 2609.3),
		Vector3.new(-613, 2036.3000000000002, 2608.1000000000004),
		Vector3.new(-613, 2038, 2607.5),
		Vector3.new(-613, 2039.7, 2606),
		Vector3.new(-613, 2042.1000000000001, 2603.7000000000003),
		Vector3.new(-613, 2043.9, 2601.9),
		Vector3.new(-613, 2045.2, 2600.9),
		Vector3.new(-613, 2046.2, 2599.9),
		Vector3.new(-613, 2046.8000000000002, 2598.7000000000003),
		Vector3.new(-613, 2045.8000000000002, 2598.1000000000004),
	},
	{
		Vector3.new(-613, 2045.8000000000002, 2598.1000000000004),
		Vector3.new(-613, 2044.3000000000002, 2597.7000000000003),
		Vector3.new(-613, 2041.2, 2597.3),
		Vector3.new(-613, 2044.3000000000002, 2597.6000000000004),
		Vector3.new(-613, 2045.8000000000002, 2598.1000000000004),
		Vector3.new(-613, 2046.8000000000002, 2598.7000000000003),
		Vector3.new(-613, 2047.7, 2599.5),
		Vector3.new(-613, 2048.3, 2600.8),
		Vector3.new(-613, 2048.4, 2599.6000000000004),
		Vector3.new(-613, 2047.5, 2599.4),
		Vector3.new(-613, 2048.5, 2599.6000000000004),
		Vector3.new(-613, 2049.2000000000003, 2600),
		Vector3.new(-613, 2049.7000000000003, 2601.1000000000004),
		Vector3.new(-613, 2050.6, 2602.9),
		Vector3.new(-613, 2049.4, 2603.7000000000003),
		Vector3.new(-613, 2047.8000000000002, 2604.3),
		Vector3.new(-613, 2045.7, 2605.2000000000003),
		Vector3.new(-613, 2046.7, 2603.7000000000003),
		Vector3.new(-613, 2047.6000000000001, 2602.4),
		Vector3.new(-613, 2048.3, 2600.8),
		Vector3.new(-613, 2047.7, 2604.4),
		Vector3.new(-613, 2048.4, 2603.1000000000004),
		Vector3.new(-613, 2049.1, 2601.9),
	},
	{
		Vector3.new(-613, 2049.1, 2601.9),
		Vector3.new(-613, 2049.5, 2600.7000000000003),
		Vector3.new(-613, 2048.8, 2603.9),
		Vector3.new(-613, 2050, 2601.7000000000003),
		Vector3.new(-613, 2038.2, 2607.3),
		Vector3.new(-613, 2041.2, 2606.5),
		Vector3.new(-613, 2045.6000000000001, 2605.2000000000003),
	},
	{
		Vector3.new(-613, 2045.6000000000001, 2605.2000000000003),
		Vector3.new(-613, 2017.8000000000002, 2604.5),
		Vector3.new(-613, 2021.8000000000002, 2602.4),
		Vector3.new(-613, 2023.4, 2601.5),
		Vector3.new(-613, 2025.7, 2600.5),
	},
	{
		Vector3.new(-613, 2025.7, 2600.5),
		Vector3.new(-613, 2010.9, 2606.7000000000003),
		Vector3.new(-613, 2008.5, 2607.6000000000004),
		Vector3.new(-613, 2006.3000000000002, 2608.6000000000004),
		Vector3.new(-613, 2004.3000000000002, 2609.4),
		Vector3.new(-613, 2003.1000000000001, 2610.3),
		Vector3.new(-613, 2001.5, 2612.5),
		Vector3.new(-613, 2002.1000000000001, 2611.6000000000004),
		Vector3.new(-613, 1999.4, 2611.5),
		Vector3.new(-613, 2001.7, 2611.6000000000004),
		Vector3.new(-613, 2000.6000000000001, 2612.9),
		Vector3.new(-613, 1998.7, 2614.5),
	},
	{
		Vector3.new(-613, 1998.7, 2614.5),
		Vector3.new(-613, 1996.2, 2616.2000000000003),
		Vector3.new(-613, 1997.8000000000002, 2617.3),
		Vector3.new(-613, 1996.1000000000001, 2616.1000000000004),
		Vector3.new(-613, 1995.3000000000002, 2615.9),
		Vector3.new(-613, 1995.3000000000002, 2616.7000000000003),
		Vector3.new(-613, 1995.8000000000002, 2617.6000000000004),
		Vector3.new(-613, 1997.5, 2618.7000000000003),
		Vector3.new(-613, 1999.4, 2619.9),
		Vector3.new(-613, 1997.3000000000002, 2618.5),
		Vector3.new(-613, 1995, 2617.3),
		Vector3.new(-613, 1993.7, 2617),
		Vector3.new(-613, 1992.9, 2617.6000000000004),
		Vector3.new(-613, 1993.3000000000002, 2618.4),
		Vector3.new(-613, 1994.6000000000001, 2619.1000000000004),
		Vector3.new(-613, 1996.4, 2620.1000000000004),
		Vector3.new(-613, 1994.6000000000001, 2619.1000000000004),
		Vector3.new(-613, 1996.1000000000001, 2620.4),
		Vector3.new(-613, 1994.6000000000001, 2619.1000000000004),
		Vector3.new(-613, 1993.1000000000001, 2618.3),
		Vector3.new(-613, 1992.2, 2618.4),
		Vector3.new(-613, 1992, 2619.3),
		Vector3.new(-613, 1993.2, 2620.2000000000003),
	},
	{
		Vector3.new(-613, 1993.2, 2620.2000000000003),
		Vector3.new(-613, 1995.2, 2621.9),
		Vector3.new(-613, 1993.1000000000001, 2620.3),
		Vector3.new(-613, 1992.3000000000002, 2620.1000000000004),
		Vector3.new(-613, 1991.6000000000001, 2620.7000000000003),
		Vector3.new(-613, 1992.1000000000001, 2621.7000000000003),
		Vector3.new(-613, 1995, 2623.9),
		Vector3.new(-613, 1992.1000000000001, 2621.6000000000004),
		Vector3.new(-613, 1991.2, 2621.4),
		Vector3.new(-613, 1990.9, 2622.2000000000003),
		Vector3.new(-613, 1991.9, 2623.3),
		Vector3.new(-613, 1994.1000000000001, 2625.3),
		Vector3.new(-613, 1996, 2626.5),
		Vector3.new(-613, 1999.2, 2627.8),
		Vector3.new(-613, 1999.9, 2627.1000000000004),
		Vector3.new(-613, 2000.7, 2625.5),
		Vector3.new(-613, 2001.4, 2623.6000000000004),
		Vector3.new(-613, 2001.8000000000002, 2621.8),
		Vector3.new(-613, 2001.2, 2621.1000000000004),
		Vector3.new(-613, 2000.5, 2619.9),
	},
	{
		Vector3.new(-613, 2000.5, 2619.9),
		Vector3.new(-613, 1999.5, 2618.6000000000004),
		Vector3.new(-613, 1997.8000000000002, 2617.3),
		Vector3.new(-613, 2004.2, 2615.9),
		Vector3.new(-613, 2003, 2614.2000000000003),
		Vector3.new(-613, 2002.1000000000001, 2613.3),
		Vector3.new(-613, 2000.8000000000002, 2612.7000000000003),
		Vector3.new(-613, 1991.3000000000002, 2622.9),
		Vector3.new(-613, 1990.5, 2623.7000000000003),
		Vector3.new(-613, 1989.7, 2624.4),
		Vector3.new(-613, 1989.1000000000001, 2625.1000000000004),
		Vector3.new(-613, 1989.7, 2625.8),
		Vector3.new(-613, 1990.6000000000001, 2624.9),
		Vector3.new(-613, 1992.3000000000002, 2623.8),
		Vector3.new(-613, 1991.5, 2624.3),
	},
	{
		Vector3.new(-613, 1991.5, 2624.3),
		Vector3.new(-613, 1991.9, 2625.1000000000004),
		Vector3.new(-613, 1992.6000000000001, 2624.1000000000004),
		Vector3.new(-613, 1992, 2625.1000000000004),
		Vector3.new(-613, 1991.4, 2624.3),
		Vector3.new(-613, 1990.6000000000001, 2624.9),
		Vector3.new(-613, 1990.8000000000002, 2625.8),
		Vector3.new(-613, 1990.8000000000002, 2626.9),
		Vector3.new(-613, 1991.5, 2627.7000000000003),
		Vector3.new(-613, 1992.8000000000002, 2628.1000000000004),
		Vector3.new(-613, 1993.8000000000002, 2627.6000000000004),
		Vector3.new(-613, 1994.6000000000001, 2626.8),
		Vector3.new(-613, 1995.5, 2626.3),
		Vector3.new(-613, 1993.9, 2625.2000000000003),
		Vector3.new(-613, 1992.9, 2625.9),
		Vector3.new(-613, 1992, 2626.1000000000004),
		Vector3.new(-613, 1990.8000000000002, 2625.7000000000003),
		Vector3.new(-613, 1992.5, 2626.6000000000004),
		Vector3.new(-613, 1993.3000000000002, 2625.6000000000004),
		Vector3.new(-613, 1992.1000000000001, 2627.9),
		Vector3.new(-613, 1992.4, 2628.7000000000003),
		Vector3.new(-613, 1993.4, 2629.2000000000003),
		Vector3.new(-613, 1994.8000000000002, 2628.7000000000003),
		Vector3.new(-613, 1995, 2629.6000000000004),
		Vector3.new(-613, 1995.8000000000002, 2629.4),
		Vector3.new(-613, 1996.6000000000001, 2628.5),
		Vector3.new(-613, 1997.7, 2627.3),
		Vector3.new(-613, 1996, 2626.5),
		Vector3.new(-613, 1997.2, 2627.1000000000004),
		Vector3.new(-613, 1996.6000000000001, 2627.8),
		Vector3.new(-613, 1995.7, 2628.2000000000003),
	},
	{
		Vector3.new(-613, 1995.7, 2628.2000000000003),
		Vector3.new(-613, 1994.8000000000002, 2628.7000000000003),
		Vector3.new(-613, 1997.9, 2627.3),
		Vector3.new(-613, 1997.6000000000001, 2628.4),
		Vector3.new(-613, 1997.9, 2629.4),
		Vector3.new(-613, 1998.9, 2629.8),
		Vector3.new(-613, 2000.4, 2630.3),
		Vector3.new(-613, 2001.9, 2631),
		Vector3.new(-613, 2002.9, 2632),
		Vector3.new(-613, 1997.8000000000002, 2629.1000000000004),
		Vector3.new(-613, 1998.6000000000001, 2628.6000000000004),
		Vector3.new(-613, 1999.6000000000001, 2627.5),
		Vector3.new(-613, 2002.9, 2632),
		Vector3.new(-613, 2003.6000000000001, 2632.4),
		Vector3.new(-613, 2004.6000000000001, 2632.4),
		Vector3.new(-613, 2003.7, 2631.3),
		Vector3.new(-613, 2005, 2632.9),
		Vector3.new(-613, 2006.1000000000001, 2634),
		Vector3.new(-613, 2007.2, 2634.7000000000003),
		Vector3.new(-613, 2008.7, 2635),
		Vector3.new(-613, 2009.9, 2635),
	},
	{
		Vector3.new(-613, 2009.9, 2635),
		Vector3.new(-613, 2011.2, 2635),
		Vector3.new(-613, 2013, 2635.3),
		Vector3.new(-613, 2011.7, 2635.6000000000004),
		Vector3.new(-613, 2010.4, 2635.8),
		Vector3.new(-613, 2009.2, 2636.4),
		Vector3.new(-613, 2007.7, 2637.1000000000004),
		Vector3.new(-613, 2006.1000000000001, 2637.1000000000004),
		Vector3.new(-613, 2005.2, 2636.8),
		Vector3.new(-613, 2004.6000000000001, 2636.1000000000004),
		Vector3.new(-613, 2003.1000000000001, 2630.5),
		Vector3.new(-613, 2004.1000000000001, 2629.2000000000003),
		Vector3.new(-613, 2004.9, 2627.9),
		Vector3.new(-613, 2005.4, 2626.6000000000004),
		Vector3.new(-613, 2005.7, 2625.2000000000003),
		Vector3.new(-613, 2005.8000000000002, 2623.6000000000004),
		Vector3.new(-613, 2004.8000000000002, 2622.9),
		Vector3.new(-613, 2003.2, 2621.8),
		Vector3.new(-613, 2002.5, 2621.4),
		Vector3.new(-613, 2001.2, 2621),
		Vector3.new(-613, 2005.5, 2623.4),
		Vector3.new(-613, 2007, 2623.1000000000004),
	},
	{
		Vector3.new(-613, 2007, 2623.1000000000004),
		Vector3.new(-613, 2006.8000000000002, 2622.2000000000003),
		Vector3.new(-613, 2007, 2623.1000000000004),
		Vector3.new(-613, 2007.9, 2623.4),
		Vector3.new(-613, 2009.8000000000002, 2625),
		Vector3.new(-613, 2010.9, 2626.1000000000004),
		Vector3.new(-613, 2012.4, 2627.2000000000003),
		Vector3.new(-613, 2010.9, 2626.1000000000004),
		Vector3.new(-613, 2010.2, 2625.4),
		Vector3.new(-613, 2011.8000000000002, 2625.7000000000003),
		Vector3.new(-613, 2013.8000000000002, 2626.3),
		Vector3.new(-613, 2015.8000000000002, 2627.2000000000003),
		Vector3.new(-613, 2019.6000000000001, 2628.4),
		Vector3.new(-613, 2022.4, 2629.1000000000004),
		Vector3.new(-613, 2025.3000000000002, 2629.8),
		Vector3.new(-613, 2028.2, 2630.4),
		Vector3.new(-613, 2031, 2630.9),
		Vector3.new(-613, 2033.4, 2631),
		Vector3.new(-613, 2035.5, 2630.7000000000003),
	},
	{
		Vector3.new(-613, 2035.5, 2630.7000000000003),
		Vector3.new(-613, 2037.2, 2631.8),
		Vector3.new(-613, 2039.4, 2633.6000000000004),
		Vector3.new(-613, 2037.1000000000001, 2631.8),
		Vector3.new(-613, 2035.5, 2630.6000000000004),
		Vector3.new(-613, 2036.9, 2630.6000000000004),
		Vector3.new(-613, 2039.1000000000001, 2630.9),
		Vector3.new(-613, 2041.4, 2631.4),
		Vector3.new(-613, 2044, 2632.3),
		Vector3.new(-613, 2045.8000000000002, 2633),
		Vector3.new(-613, 2035.5, 2630.7000000000003),
		Vector3.new(-613, 2037.9, 2630.1000000000004),
		Vector3.new(-613, 2040.5, 2629.6000000000004),
		Vector3.new(-613, 2042, 2629.1000000000004),
	},
	{
		Vector3.new(-613, 2042, 2629.1000000000004),
		Vector3.new(-613, 2043.6000000000001, 2629.3),
		Vector3.new(-613, 2045, 2629.7000000000003),
		Vector3.new(-613, 2046.4, 2630.5),
		Vector3.new(-613, 2048.4, 2631.7000000000003),
		Vector3.new(-613, 2047.3000000000002, 2632.9),
		Vector3.new(-613, 2045.3000000000002, 2634.4),
		Vector3.new(-613, 2043.8000000000002, 2635.3),
		Vector3.new(-613, 2041.8000000000002, 2635.9),
		Vector3.new(-613, 2039.6000000000001, 2636.3),
		Vector3.new(-613, 2037, 2636.6000000000004),
		Vector3.new(-613, 2034, 2636.6000000000004),
		Vector3.new(-613, 2030.9, 2636.5),
		Vector3.new(-613, 2029.4, 2636.1000000000004),
		Vector3.new(-613, 2027.7, 2634.9),
		Vector3.new(-613, 2025.3000000000002, 2633.3),
		Vector3.new(-613, 2023.2, 2631.7000000000003),
		Vector3.new(-613, 2021.5, 2630.6000000000004),
	},
	{
		Vector3.new(-613, 2021.5, 2630.6000000000004),
		Vector3.new(-613, 2019.5, 2629),
		Vector3.new(-613, 2010, 2632.8),
		Vector3.new(-613, 2012.8000000000002, 2634.1000000000004),
		Vector3.new(-613, 2016.8000000000002, 2635.8),
		Vector3.new(-613, 2015.5, 2635.8),
		Vector3.new(-613, 2012.9, 2635.3),
		Vector3.new(-613, 2012.2, 2636.9),
		Vector3.new(-613, 2014.3000000000002, 2636.7000000000003),
		Vector3.new(-613, 2016.8000000000002, 2636.7000000000003),
		Vector3.new(-613, 2014.2, 2636.7000000000003),
		Vector3.new(-613, 2012.1000000000001, 2636.9),
		Vector3.new(-613, 2013, 2635.3),
	},
	{
		Vector3.new(-613, 2013, 2635.3),
		Vector3.new(-613, 2015.4, 2635.8),
		Vector3.new(-613, 2016.9, 2635.9),
		Vector3.new(-613, 2018.9, 2636.6000000000004),
		Vector3.new(-613, 2020.6000000000001, 2637.1000000000004),
		Vector3.new(-613, 2023.1000000000001, 2637),
		Vector3.new(-613, 2025.8000000000002, 2636.9),
		Vector3.new(-613, 2029.3000000000002, 2636.7000000000003),
		Vector3.new(-613, 2030.9, 2636.6000000000004),
		Vector3.new(-613, 2034.1000000000001, 2636.7000000000003),
		Vector3.new(-613, 2032.6000000000001, 2637.7000000000003),
		Vector3.new(-613, 2030.5, 2638.9),
		Vector3.new(-613, 2028.9, 2639.5),
		Vector3.new(-613, 2027.6000000000001, 2639.8),
		Vector3.new(-613, 2026.1000000000001, 2639.5),
		Vector3.new(-613, 2024.3000000000002, 2638.6000000000004),
		Vector3.new(-613, 2022.8000000000002, 2638.1000000000004),
		Vector3.new(-613, 2020.9, 2637.7000000000003),
	},
	{
		Vector3.new(-613, 2020.9, 2637.7000000000003),
		Vector3.new(-613, 2018.6000000000001, 2637.5),
		Vector3.new(-613, 2016.9, 2637.5),
		Vector3.new(-613, 2015, 2637.9),
		Vector3.new(-613, 2015, 2640.6000000000004),
		Vector3.new(-613, 2017.2, 2641.6000000000004),
		Vector3.new(-613, 2019.5, 2642.9),
		Vector3.new(-613, 2021.2, 2643.8),
		Vector3.new(-613, 2023.5, 2645.1000000000004),
		Vector3.new(-613, 2024.9, 2645.5),
		Vector3.new(-613, 2026.3000000000002, 2645.6000000000004),
		Vector3.new(-613, 2027.7, 2644.9),
		Vector3.new(-613, 2028.8000000000002, 2643.9),
		Vector3.new(-613, 2029.8000000000002, 2642.7000000000003),
		Vector3.new(-613, 2027.5, 2641.6000000000004),
		Vector3.new(-613, 2030.5, 2642.8),
		Vector3.new(-613, 2033.2, 2643.3),
		Vector3.new(-613, 2035.1000000000001, 2642.9),
	},
	{
		Vector3.new(-613, 2035.1000000000001, 2642.9),
		Vector3.new(-613, 2036.8000000000002, 2641.9),
		Vector3.new(-613, 2038, 2640.8),
		Vector3.new(-613, 2039.4, 2639.5),
		Vector3.new(-613, 2040.7, 2638.5),
		Vector3.new(-613, 2042.8000000000002, 2637),
		Vector3.new(-613, 2041.9, 2636.8),
		Vector3.new(-613, 2040.6000000000001, 2636.1000000000004),
		Vector3.new(-613, 2041.9, 2636.8),
		Vector3.new(-613, 2043.3000000000002, 2637.1000000000004),
		Vector3.new(-613, 2045.8000000000002, 2637.2000000000003),
		Vector3.new(-613, 2048.2000000000003, 2636.7000000000003),
		Vector3.new(-613, 2050.6, 2636),
		Vector3.new(-613, 2052.8, 2635.2000000000003),
		Vector3.new(-613, 2051, 2636.4),
		Vector3.new(-613, 2048.7000000000003, 2638),
		Vector3.new(-613, 2046.9, 2639.2000000000003),
		Vector3.new(-613, 2045.1000000000001, 2640.3),
		Vector3.new(-613, 2043, 2641.2000000000003),
	},
	{
		Vector3.new(-613, 2043, 2641.2000000000003),
		Vector3.new(-613, 2041.2, 2641.6000000000004),
		Vector3.new(-613, 2039.4, 2641.6000000000004),
		Vector3.new(-613, 2037.9, 2640.9),
		Vector3.new(-613, 2012.1000000000001, 2636.9),
		Vector3.new(-613, 2011, 2637.3),
		Vector3.new(-613, 2009.9, 2637.9),
		Vector3.new(-613, 2009.3000000000002, 2638.9),
		Vector3.new(-613, 2009.2, 2641.8),
	},
	{
		Vector3.new(-613, 2009.2, 2641.8),
		Vector3.new(-613, 2008.6000000000001, 2640.7000000000003),
		Vector3.new(-613, 2007.8000000000002, 2639.3),
		Vector3.new(-613, 2006.6000000000001, 2640.3),
		Vector3.new(-613, 2005.6000000000001, 2641),
		Vector3.new(-613, 2004.7, 2641.9),
		Vector3.new(-613, 2003.5, 2643.2000000000003),
		Vector3.new(-613, 2004.3000000000002, 2644),
		Vector3.new(-613, 2007.5, 2645.9),
		Vector3.new(-613, 2006.1000000000001, 2645.2000000000003),
		Vector3.new(-613, 2004.5, 2644.9),
		Vector3.new(-613, 2002.6000000000001, 2644.4),
		Vector3.new(-613, 2001.1000000000001, 2644.2000000000003),
		Vector3.new(-613, 2000.2, 2644.5),
		Vector3.new(-613, 2000.3000000000002, 2645.8),
		Vector3.new(-613, 2000.9, 2647.1000000000004),
		Vector3.new(-613, 2000.9, 2649.3),
		Vector3.new(-613, 2002.5, 2648.3),
		Vector3.new(-613, 2004.3000000000002, 2647.3),
		Vector3.new(-613, 2005.7, 2646.5),
		Vector3.new(-613, 2007.4, 2646.3),
		Vector3.new(-613, 2007.8000000000002, 2645.4),
		Vector3.new(-613, 2008.9, 2644.3),
		Vector3.new(-613, 2010.3000000000002, 2644.2000000000003),
	},
	{
		Vector3.new(-613, 2010.3000000000002, 2644.2000000000003),
		Vector3.new(-613, 2012.5, 2645.1000000000004),
		Vector3.new(-613, 2014.3000000000002, 2646),
		Vector3.new(-613, 2015.7, 2646.6000000000004),
		Vector3.new(-613, 2017.8000000000002, 2646.8),
		Vector3.new(-613, 2009.9, 2643.3),
		Vector3.new(-613, 2010.4, 2641.8),
		Vector3.new(-613, 2011.1000000000001, 2640.8),
		Vector3.new(-613, 2012.2, 2639.5),
		Vector3.new(-613, 2009.2, 2641.8),
		Vector3.new(-613, 2009.5, 2643.8),
		Vector3.new(-613, 2009.9, 2645),
		Vector3.new(-613, 2010.8000000000002, 2646.1000000000004),
		Vector3.new(-613, 2011.8000000000002, 2646.9),
		Vector3.new(-613, 2010.9, 2648.1000000000004),
		Vector3.new(-613, 2010.1000000000001, 2648.6000000000004),
		Vector3.new(-613, 2009, 2648.1000000000004),
		Vector3.new(-613, 2008.2, 2647.4),
		Vector3.new(-613, 2007.4, 2646.3),
	},
	{
		Vector3.new(-613, 2007.4, 2646.3),
		Vector3.new(-613, 2008.4, 2647.6000000000004),
		Vector3.new(-613, 2007.1000000000001, 2648.1000000000004),
		Vector3.new(-613, 2005.6000000000001, 2648.8),
		Vector3.new(-613, 2003.9, 2649.7000000000003),
		Vector3.new(-613, 2002.7, 2650.7000000000003),
		Vector3.new(-613, 2001.2, 2651.8),
		Vector3.new(-613, 1999.7, 2652.9),
		Vector3.new(-613, 1998, 2654.2000000000003),
		Vector3.new(-613, 2003.1000000000001, 2648.9),
		Vector3.new(-613, 2001, 2650.4),
		Vector3.new(-613, 1999.6000000000001, 2651.1000000000004),
		Vector3.new(-613, 1998, 2651.6000000000004),
		Vector3.new(-613, 1996.5, 2651.6000000000004),
		Vector3.new(-613, 1995.3000000000002, 2651.1000000000004),
		Vector3.new(-613, 1994.4, 2650.3),
		Vector3.new(-613, 1994.1000000000001, 2649.3),
		Vector3.new(-613, 1994.9, 2648.1000000000004),
		Vector3.new(-613, 1994, 2648.9),
		Vector3.new(-613, 1993.7, 2650),
		Vector3.new(-613, 1994.1000000000001, 2651.3),
	},
	{
		Vector3.new(-613, 1994.1000000000001, 2651.3),
		Vector3.new(-613, 1995, 2651.7000000000003),
		Vector3.new(-613, 1996.4, 2651.6000000000004),
		Vector3.new(-613, 1998.3000000000002, 2651.1000000000004),
		Vector3.new(-613, 2000.9, 2649.3),
		Vector3.new(-613, 2001.6000000000001, 2650),
		Vector3.new(-613, 1999.7, 2651.7000000000003),
		Vector3.new(-613, 1997.8000000000002, 2653.4),
		Vector3.new(-613, 1996.2, 2654.7000000000003),
		Vector3.new(-613, 1993.8000000000002, 2656.4),
		Vector3.new(-613, 1991.8000000000002, 2657.3),
		Vector3.new(-613, 1989.8000000000002, 2658),
		Vector3.new(-613, 1987.8000000000002, 2658.3),
		Vector3.new(-613, 1986.3000000000002, 2658),
		Vector3.new(-613, 1985.8000000000002, 2657),
		Vector3.new(-613, 1986.2, 2655.9),
		Vector3.new(-613, 1987.5, 2655.3),
		Vector3.new(-613, 1986.3000000000002, 2655.3),
		Vector3.new(-613, 1985.2, 2656.2000000000003),
		Vector3.new(-613, 1984.9, 2657.1000000000004),
		Vector3.new(-613, 1986.3000000000002, 2658),
		Vector3.new(-613, 1985, 2657.1000000000004),
	},
	{
		Vector3.new(-613, 1985, 2657.1000000000004),
		Vector3.new(-613, 1985.3000000000002, 2658.3),
		Vector3.new(-613, 1986.3000000000002, 2659.5),
		Vector3.new(-613, 1988.6000000000001, 2660.3),
		Vector3.new(-613, 1990.7, 2660.7000000000003),
		Vector3.new(-613, 1993.6000000000001, 2660.4),
		Vector3.new(-613, 1996.1000000000001, 2659.8),
		Vector3.new(-613, 1999.3000000000002, 2658.8),
		Vector3.new(-613, 2001.4, 2657.7000000000003),
		Vector3.new(-613, 2003.1000000000001, 2656.8),
		Vector3.new(-613, 2005.1000000000001, 2655.1000000000004),
		Vector3.new(-613, 2006.6000000000001, 2653.4),
		Vector3.new(-613, 2007.8000000000002, 2651.9),
		Vector3.new(-613, 2008.6000000000001, 2650.4),
		Vector3.new(-613, 2009, 2649.3),
	},
	{
		Vector3.new(-613, 2009, 2649.3),
		Vector3.new(-613, 2003.1000000000001, 2656.8),
		Vector3.new(-613, 2004.8000000000002, 2655.6000000000004),
		Vector3.new(-613, 2006.4, 2654.3),
		Vector3.new(-613, 2008.1000000000001, 2652.5),
		Vector3.new(-613, 2009.3000000000002, 2650.5),
		Vector3.new(-613, 2009.6000000000001, 2648.4),
		Vector3.new(-613, 2005.9, 2654.8),
		Vector3.new(-613, 2007.2, 2655.8),
		Vector3.new(-613, 2008.8000000000002, 2656.8),
		Vector3.new(-613, 2009.9, 2657.4),
		Vector3.new(-613, 2010.6000000000001, 2656.6000000000004),
		Vector3.new(-613, 2010.9, 2654.9),
	},
	{
		Vector3.new(-613, 2010.9, 2654.9),
		Vector3.new(-613, 2011.2, 2652),
		Vector3.new(-613, 2010.5, 2650),
		Vector3.new(-613, 2010.6000000000001, 2648.3),
		Vector3.new(-613, 2011.3000000000002, 2652),
		Vector3.new(-613, 2012.2, 2653.4),
		Vector3.new(-613, 2013.6000000000001, 2652.4),
		Vector3.new(-613, 2015.3000000000002, 2651.1000000000004),
		Vector3.new(-613, 2016.5, 2649.9),
		Vector3.new(-613, 2015.5, 2648.8),
		Vector3.new(-613, 2013.7, 2647.8),
		Vector3.new(-613, 2011.7, 2646.9),
		Vector3.new(-613, 2016.1000000000001, 2649.4),
		Vector3.new(-613, 2017, 2648.9),
		Vector3.new(-613, 2017.7, 2648),
		Vector3.new(-613, 2015.9, 2648),
		Vector3.new(-613, 2019.2, 2648),
		Vector3.new(-613, 2020.8000000000002, 2647.6000000000004),
	},
	{
		Vector3.new(-613, 2020.8000000000002, 2647.6000000000004),
		Vector3.new(-613, 2022.1000000000001, 2646.5),
		Vector3.new(-613, 2023.4, 2645),
		Vector3.new(-613, 2024.9, 2613.8),
		Vector3.new(-613, 2027.4, 2613.6000000000004),
	},
	{
		Vector3.new(-613, 2027.4, 2613.6000000000004),
		Vector3.new(-613, 2029.3000000000002, 2613.3),
		Vector3.new(-613, 2034.7, 2612.1000000000004),
		Vector3.new(-613, 2038.4, 2611.2000000000003),
		Vector3.new(-613, 2041.6000000000001, 2610.1000000000004),
		Vector3.new(-613, 2045.3000000000002, 2608.4),
		Vector3.new(-613, 2047.9, 2607.3),
		Vector3.new(-613, 2051.5, 2605),
		Vector3.new(-613, 2050.8, 2603.1000000000004),
		Vector3.new(-613, 2049.5, 2604.1000000000004),
		Vector3.new(-613, 2047.4, 2605.4),
		Vector3.new(-613, 2044.9, 2606.9),
		Vector3.new(-613, 2042.1000000000001, 2608),
	},
	{
		Vector3.new(-613, 2042.1000000000001, 2608),
		Vector3.new(-613, 2039.1000000000001, 2608.7000000000003),
		Vector3.new(-613, 2036.1000000000001, 2609.4),
		Vector3.new(-613, 2033.2, 2609.9),
		Vector3.new(-613, 2030.5, 2610.3),
		Vector3.new(-613, 2028.3000000000002, 2610.3),
		Vector3.new(-613, 2025.3000000000002, 2612.2000000000003),
		Vector3.new(-613, 2027.7, 2612),
		Vector3.new(-613, 2029.9, 2611.7000000000003),
		Vector3.new(-613, 2032.1000000000001, 2611.2000000000003),
		Vector3.new(-613, 2036.2, 2610.1000000000004),
		Vector3.new(-613, 2038.5, 2609.4),
		Vector3.new(-613, 2042.1000000000001, 2608),
	},
	{
		Vector3.new(-613, 2042.1000000000001, 2608),
		Vector3.new(-613, 2033.9, 2621.5),
		Vector3.new(-613, 2032.7, 2621.6000000000004),
		Vector3.new(-613, 2030.9, 2622.6000000000004),
		Vector3.new(-613, 2029.2, 2623.8),
		Vector3.new(-613, 2028.1000000000001, 2624.9),
		Vector3.new(-613, 2027.5, 2625.8),
		Vector3.new(-613, 2027.1000000000001, 2626.8),
		Vector3.new(-613, 2027.6000000000001, 2627.5),
		Vector3.new(-613, 2028.4, 2627.3),
		Vector3.new(-613, 2029.5, 2627.9),
		Vector3.new(-613, 2030.5, 2627.8),
		Vector3.new(-613, 2031.1000000000001, 2627.1000000000004),
		Vector3.new(-613, 2032.6000000000001, 2627.6000000000004),
		Vector3.new(-613, 2034.2, 2627.9),
		Vector3.new(-613, 2035.2, 2627.7000000000003),
		Vector3.new(-613, 2035.6000000000001, 2627),
		Vector3.new(-613, 2036, 2625.5),
		Vector3.new(-613, 2036.3000000000002, 2624),
	},
	{
		Vector3.new(-613, 2036.3000000000002, 2624),
		Vector3.new(-613, 2036.3000000000002, 2621.8),
		Vector3.new(-613, 2035.2, 2622),
		Vector3.new(-613, 2034, 2621.4),
		Vector3.new(-613, 2033.2, 2622.1000000000004),
		Vector3.new(-613, 2032.1000000000001, 2623.3),
		Vector3.new(-613, 2031.1000000000001, 2624.7000000000003),
		Vector3.new(-613, 2030.9, 2625.9),
		Vector3.new(-613, 2031, 2626.9),
		Vector3.new(-613, 2031.7, 2626.5),
		Vector3.new(-613, 2032.5, 2625.4),
		Vector3.new(-613, 2033.3000000000002, 2624.1000000000004),
		Vector3.new(-613, 2033.8000000000002, 2623),
		Vector3.new(-613, 2034.2, 2621.6000000000004),
		Vector3.new(-613, 2034, 2619.8),
		Vector3.new(-613, 2034.7, 2619.4),
		Vector3.new(-613, 2036.2, 2619.4),
		Vector3.new(-613, 2036.3000000000002, 2620.4),
		Vector3.new(-613, 2036.3000000000002, 2621.8),
		Vector3.new(-613, 2034, 2619.8),
		Vector3.new(-613, 2032.3000000000002, 2619.7000000000003),
		Vector3.new(-613, 2030.6000000000001, 2619.4),
		Vector3.new(-613, 2029.5, 2619.1000000000004),
	},
	{
		Vector3.new(-613, 2029.5, 2619.1000000000004),
		Vector3.new(-613, 2022.9, 2619.3),
		Vector3.new(-613, 2029.7, 2619.1000000000004),
		Vector3.new(-613, 2027.2, 2618.1000000000004),
		Vector3.new(-613, 2026.6000000000001, 2616.1000000000004),
		Vector3.new(-613, 2027.2, 2615.4),
		Vector3.new(-613, 2028.3000000000002, 2614.9),
		Vector3.new(-613, 2029.4, 2613.8),
		Vector3.new(-613, 2030.3000000000002, 2614.3),
		Vector3.new(-613, 2033.3000000000002, 2612.5),
		Vector3.new(-613, 2029.7, 2614.7000000000003),
		Vector3.new(-613, 2030.6000000000001, 2616.9),
		Vector3.new(-613, 2031.8000000000002, 2618.3),
		Vector3.new(-613, 2032.9, 2619.2000000000003),
		Vector3.new(-613, 2034, 2619.8),
	},
	{
		Vector3.new(-613, 2034, 2619.8),
		Vector3.new(-613, 2030.2, 2615.2000000000003),
		Vector3.new(-613, 2031.6000000000001, 2616.5),
		Vector3.new(-613, 2033, 2618),
		Vector3.new(-613, 2034, 2619.3),
		Vector3.new(-613, 2033, 2618),
		Vector3.new(-613, 2034.2, 2619.7000000000003),
		Vector3.new(-613, 2032.9, 2618),
		Vector3.new(-613, 2031.6000000000001, 2616.5),
		Vector3.new(-613, 2029.7, 2614.7000000000003),
		Vector3.new(-613, 2033.9, 2612.4),
		Vector3.new(-613, 2034.7, 2613.6000000000004),
		Vector3.new(-613, 2035.5, 2615.1000000000004),
		Vector3.new(-613, 2036.2, 2616.7000000000003),
		Vector3.new(-613, 2036.3000000000002, 2618.1000000000004),
		Vector3.new(-613, 2036.2, 2619.3),
		Vector3.new(-613, 2036.8000000000002, 2617.6000000000004),
	},
	{
		Vector3.new(-613, 2036.8000000000002, 2617.6000000000004),
		Vector3.new(-613, 2037.8000000000002, 2615.7000000000003),
		Vector3.new(-613, 2038.9, 2613.6000000000004),
		Vector3.new(-613, 2040.2, 2611.6000000000004),
		Vector3.new(-613, 2041.3000000000002, 2610.2000000000003),
		Vector3.new(-613, 2036.3000000000002, 2621.8),
		Vector3.new(-613, 2037.9, 2623.8),
		Vector3.new(-613, 2040, 2626),
		Vector3.new(-613, 2041.8000000000002, 2627.3),
		Vector3.new(-613, 2043.5, 2628.7000000000003),
		Vector3.new(-613, 2045, 2629.7000000000003),
	},
	{
		Vector3.new(-613, 2045, 2629.7000000000003),
		Vector3.new(-613, 2036.3000000000002, 2620),
		Vector3.new(-613, 2038, 2619.2000000000003),
		Vector3.new(-613, 2039, 2617.4),
		Vector3.new(-613, 2040.4, 2615.3),
		Vector3.new(-613, 2042, 2613),
		Vector3.new(-613, 2043.7, 2610.8),
		Vector3.new(-613, 2045.8000000000002, 2608.2000000000003),
		Vector3.new(-613, 2044.3000000000002, 2609),
		Vector3.new(-613, 2042.9, 2610.8),
		Vector3.new(-613, 2041.1000000000001, 2613.1000000000004),
	},
	{
		Vector3.new(-613, 2041.1000000000001, 2613.1000000000004),
		Vector3.new(-613, 2038.6000000000001, 2616.7000000000003),
		Vector3.new(-613, 2036.8000000000002, 2619.8),
		Vector3.new(-613, 2038.8000000000002, 2618.8),
		Vector3.new(-613, 2041.3000000000002, 2617.3),
		Vector3.new(-613, 2043.1000000000001, 2616.1000000000004),
		Vector3.new(-613, 2044.7, 2614.7000000000003),
		Vector3.new(-613, 2044.2, 2616.3),
		Vector3.new(-613, 2044.1000000000001, 2617.8),
		Vector3.new(-613, 2044.8000000000002, 2615.5),
		Vector3.new(-613, 2045.6000000000001, 2614.6000000000004),
		Vector3.new(-613, 2046.3000000000002, 2616.2000000000003),
		Vector3.new(-613, 2046.6000000000001, 2618),
		Vector3.new(-613, 2046.5, 2619.6000000000004),
		Vector3.new(-613, 2046, 2621.7000000000003),
		Vector3.new(-613, 2043.7, 2621.8),
		Vector3.new(-613, 2040.9, 2621.7000000000003),
	},
	{
		Vector3.new(-613, 2040.9, 2621.7000000000003),
		Vector3.new(-613, 2038.3000000000002, 2621.3),
		Vector3.new(-613, 2036.3000000000002, 2620.6000000000004),
		Vector3.new(-613, 2037.3000000000002, 2620.9),
		Vector3.new(-613, 2038.2, 2622.1000000000004),
		Vector3.new(-613, 2040.3000000000002, 2623.9),
		Vector3.new(-613, 2042.1000000000001, 2625.6000000000004),
		Vector3.new(-613, 2044.1000000000001, 2627),
		Vector3.new(-613, 2046.3000000000002, 2628.4),
		Vector3.new(-613, 2048.2000000000003, 2629.6000000000004),
		Vector3.new(-613, 2049.1, 2630.1000000000004),
		Vector3.new(-613, 2049.7000000000003, 2628.7000000000003),
		Vector3.new(-613, 2048.5, 2631.6000000000004),
		Vector3.new(-613, 2049.4, 2629.5),
		Vector3.new(-613, 2048.5, 2629),
		Vector3.new(-613, 2046.2, 2627.8),
		Vector3.new(-613, 2044.3000000000002, 2626.4),
		Vector3.new(-613, 2042.1000000000001, 2624.8),
	},
	{
		Vector3.new(-613, 2042.1000000000001, 2624.8),
		Vector3.new(-613, 2040.5, 2623.4),
		Vector3.new(-613, 2038.3000000000002, 2621.2000000000003),
		Vector3.new(-613, 2043.3000000000002, 2622.6000000000004),
		Vector3.new(-613, 2044.4, 2624),
		Vector3.new(-613, 2046.7, 2625.4),
		Vector3.new(-613, 2048.8, 2626.4),
		Vector3.new(-613, 2050.6, 2627.1000000000004),
		Vector3.new(-613, 2051.3, 2624.9),
		Vector3.new(-613, 2051.9, 2623.6000000000004),
		Vector3.new(-613, 2052.7000000000003, 2621.8),
		Vector3.new(-613, 2053.5, 2620.3),
		Vector3.new(-613, 2052.9, 2618.4),
		Vector3.new(-613, 2052, 2618.4),
		Vector3.new(-613, 2051, 2618.9),
		Vector3.new(-613, 2052, 2618.4),
		Vector3.new(-613, 2054, 2618.3),
		Vector3.new(-613, 2052.3, 2618.4),
		Vector3.new(-613, 2051.7000000000003, 2620.4),
	},
	{
		Vector3.new(-613, 2051.7000000000003, 2620.4),
		Vector3.new(-613, 2050.5, 2620.8),
		Vector3.new(-613, 2052.4, 2620.1000000000004),
		Vector3.new(-613, 2050.4, 2620.8),
		Vector3.new(-613, 2048.5, 2621.4),
		Vector3.new(-613, 2048.5, 2620.3),
		Vector3.new(-613, 2047.9, 2619.1000000000004),
		Vector3.new(-613, 2048.5, 2620.3),
		Vector3.new(-613, 2048.5, 2621.4),
		Vector3.new(-613, 2045.9, 2621.8),
		Vector3.new(-613, 2047.9, 2615.2000000000003),
		Vector3.new(-613, 2048.3, 2614.4),
		Vector3.new(-613, 2048.5, 2612.6000000000004),
		Vector3.new(-613, 2047, 2613.5),
		Vector3.new(-613, 2045.6000000000001, 2614.6000000000004),
		Vector3.new(-613, 2044.8000000000002, 2614.7000000000003),
		Vector3.new(-613, 2045.8000000000002, 2613.3),
		Vector3.new(-613, 2047.4, 2611.7000000000003),
		Vector3.new(-613, 2049.3, 2610.5),
		Vector3.new(-613, 2051.8, 2609.3),
	},
	{
		Vector3.new(-613, 2051.8, 2609.3),
		Vector3.new(-613, 2053.9, 2608.6000000000004),
		Vector3.new(-613, 2053.1, 2607.6000000000004),
		Vector3.new(-613, 2052.1, 2606.1000000000004),
		Vector3.new(-613, 2051.3, 2604.5),
		Vector3.new(-613, 2051.8, 2603.3),
		Vector3.new(-613, 2052.9, 2602.1000000000004),
		Vector3.new(-613, 2054.4, 2601.3),
		Vector3.new(-613, 2057.2000000000003, 2600.5),
		Vector3.new(-613, 2059.7000000000003, 2600.4),
		Vector3.new(-613, 2061.9, 2600.6000000000004),
		Vector3.new(-613, 2065.5, 2601.4),
		Vector3.new(-613, 2067.6, 2602.1000000000004),
		Vector3.new(-613, 2064.8, 2601.7000000000003),
		Vector3.new(-613, 2062.8, 2601.5),
		Vector3.new(-613, 2060, 2601.4),
		Vector3.new(-613, 2057.6, 2601.7000000000003),
		Vector3.new(-613, 2055.4, 2602.3),
	},
	{
		Vector3.new(-613, 2055.4, 2602.3),
		Vector3.new(-613, 2054, 2603.1000000000004),
		Vector3.new(-613, 2053.3, 2604.1000000000004),
		Vector3.new(-613, 2052.4, 2606.5),
		Vector3.new(-613, 2053.2000000000003, 2605.7000000000003),
		Vector3.new(-613, 2054.7000000000003, 2605.1000000000004),
		Vector3.new(-613, 2056.9, 2604.5),
		Vector3.new(-613, 2054.5, 2604.6000000000004),
		Vector3.new(-613, 2051.9, 2605.5),
		Vector3.new(-613, 2056.8, 2604.5),
		Vector3.new(-613, 2059.9, 2604.5),
		Vector3.new(-613, 2062.5, 2604.9),
		Vector3.new(-613, 2064.3, 2605.4),
		Vector3.new(-613, 2061.9, 2605.9),
		Vector3.new(-613, 2060.1, 2606.4),
		Vector3.new(-613, 2057.4, 2607.7000000000003),
		Vector3.new(-613, 2055.6, 2607.5),
	},
	{
		Vector3.new(-613, 2055.6, 2607.5),
		Vector3.new(-613, 2053, 2607.4),
		Vector3.new(-613, 2053.9, 2608.6000000000004),
		Vector3.new(-613, 2056.9, 2607.7000000000003),
		Vector3.new(-613, 2059, 2607.4),
		Vector3.new(-613, 2061.8, 2606.9),
		Vector3.new(-613, 2063.3, 2606.9),
		Vector3.new(-613, 2066.1, 2606.7000000000003),
		Vector3.new(-613, 2068.6, 2606.7000000000003),
		Vector3.new(-613, 2070.5, 2606.9),
		Vector3.new(-613, 2071.9, 2607),
		Vector3.new(-613, 2064.3, 2605.4),
		Vector3.new(-613, 2066.3, 2605.4),
		Vector3.new(-613, 2068.5, 2605.3),
		Vector3.new(-613, 2067, 2604.9),
		Vector3.new(-613, 2065.8, 2604.8),
	},
	{
		Vector3.new(-613, 2065.8, 2604.8),
		Vector3.new(-613, 2064.8, 2605.3),
		Vector3.new(-613, 2068.5, 2605.3),
		Vector3.new(-613, 2070.7000000000003, 2605.5),
		Vector3.new(-613, 2073, 2605.9),
		Vector3.new(-613, 2075.1, 2606.5),
		Vector3.new(-613, 2077, 2607.2000000000003),
		Vector3.new(-613, 2076.2000000000003, 2607.8),
		Vector3.new(-613, 2075.3, 2608.6000000000004),
		Vector3.new(-613, 2076.2000000000003, 2609.2000000000003),
		Vector3.new(-613, 2077.4, 2609.3),
		Vector3.new(-613, 2078.3, 2610.1000000000004),
		Vector3.new(-613, 2079.1, 2610.4),
		Vector3.new(-613, 2080.2000000000003, 2610.4),
		Vector3.new(-613, 2079.9, 2609.2000000000003),
		Vector3.new(-613, 2079, 2607.8),
		Vector3.new(-613, 2078, 2607.6000000000004),
		Vector3.new(-613, 2077.5, 2606.8),
		Vector3.new(-613, 2076.7000000000003, 2605.7000000000003),
		Vector3.new(-613, 2076.5, 2604.6000000000004),
		Vector3.new(-613, 2077.4, 2604.6000000000004),
		Vector3.new(-613, 2078.7000000000003, 2605.7000000000003),
		Vector3.new(-613, 2080.3, 2605.6000000000004),
		Vector3.new(-613, 2078.7000000000003, 2604.5),
		Vector3.new(-613, 2076.9, 2603.6000000000004),
	},
	{
		Vector3.new(-613, 2076.9, 2603.6000000000004),
		Vector3.new(-613, 2074.6, 2602.9),
		Vector3.new(-613, 2072.2000000000003, 2602.3),
		Vector3.new(-613, 2070, 2602.2000000000003),
		Vector3.new(-613, 2067.6, 2602.2000000000003),
		Vector3.new(-613, 2070.6, 2602.9),
		Vector3.new(-613, 2073.3, 2603.8),
		Vector3.new(-613, 2077, 2607.2000000000003),
		Vector3.new(-613, 2077.9, 2606.7000000000003),
		Vector3.new(-613, 2078.8, 2606.7000000000003),
		Vector3.new(-613, 2079.2000000000003, 2607.5),
		Vector3.new(-613, 2078.3, 2607.7000000000003),
		Vector3.new(-613, 2079.2000000000003, 2607.4),
		Vector3.new(-613, 2080.2000000000003, 2606.9),
		Vector3.new(-613, 2080.8, 2606.3),
		Vector3.new(-613, 2080.3, 2605.6000000000004),
		Vector3.new(-613, 2081.5, 2606.4),
		Vector3.new(-613, 2082.7000000000003, 2607.6000000000004),
		Vector3.new(-613, 2084.1, 2609.2000000000003),
		Vector3.new(-613, 2085.4, 2611.3),
	},
	{
		Vector3.new(-613, 2085.4, 2611.3),
		Vector3.new(-613, 2086.5, 2613.5),
		Vector3.new(-613, 2087.2000000000003, 2615.9),
		Vector3.new(-613, 2087.6, 2618.4),
		Vector3.new(-613, 2087.5, 2620.9),
		Vector3.new(-613, 2087.1, 2623.5),
		Vector3.new(-613, 2085.9, 2626.6000000000004),
		Vector3.new(-613, 2086.9, 2622.6000000000004),
		Vector3.new(-613, 2085.9, 2626.7000000000003),
		Vector3.new(-613, 2085.1, 2628.3),
		Vector3.new(-613, 2083.4, 2630.6000000000004),
		Vector3.new(-613, 2081.4, 2632.4),
		Vector3.new(-613, 2079.2000000000003, 2633.8),
		Vector3.new(-613, 2076.5, 2634.7000000000003),
	},
	{
		Vector3.new(-613, 2076.5, 2634.7000000000003),
		Vector3.new(-613, 2074.8, 2635.1000000000004),
		Vector3.new(-613, 2075.3, 2636.3),
		Vector3.new(-613, 2073.3, 2636.4),
		Vector3.new(-613, 2070.6, 2636.3),
		Vector3.new(-613, 2072.4, 2634.1000000000004),
		Vector3.new(-613, 2073.3, 2633.9),
		Vector3.new(-613, 2074.2000000000003, 2633.9),
		Vector3.new(-613, 2073.7000000000003, 2634.6000000000004),
		Vector3.new(-613, 2072.9, 2634.9),
		Vector3.new(-613, 2072, 2634.5),
		Vector3.new(-613, 2072.3, 2634.1000000000004),
		Vector3.new(-613, 2073.4, 2633.9),
		Vector3.new(-613, 2074.2000000000003, 2634.4),
		Vector3.new(-613, 2074.8, 2635.2000000000003),
		Vector3.new(-613, 2072.3, 2634.1000000000004),
		Vector3.new(-613, 2071.4, 2633.7000000000003),
		Vector3.new(-613, 2070.6, 2632.9),
		Vector3.new(-613, 2071.4, 2632.5),
		Vector3.new(-613, 2072.9, 2632.3),
		Vector3.new(-613, 2074.2000000000003, 2632.2000000000003),
		Vector3.new(-613, 2075.6, 2632.4),
		Vector3.new(-613, 2075.1, 2633.1000000000004),
		Vector3.new(-613, 2074.2000000000003, 2633.8),
		Vector3.new(-613, 2071, 2635.8),
		Vector3.new(-613, 2069.1, 2636),
	},
	{
		Vector3.new(-613, 2069.1, 2636),
		Vector3.new(-613, 2066.8, 2636.3),
		Vector3.new(-613, 2064.7000000000003, 2636.4),
		Vector3.new(-613, 2062.8, 2636.5),
		Vector3.new(-613, 2065.5, 2635.8),
		Vector3.new(-613, 2067.8, 2635.2000000000003),
		Vector3.new(-613, 2070.6, 2634.6000000000004),
		Vector3.new(-613, 2062.8, 2636.5),
		Vector3.new(-613, 2060.9, 2637.2000000000003),
		Vector3.new(-613, 2058.7000000000003, 2638.2000000000003),
		Vector3.new(-613, 2055.1, 2639.3),
		Vector3.new(-613, 2052.9, 2639.6000000000004),
		Vector3.new(-613, 2050.9, 2639.6000000000004),
		Vector3.new(-613, 2049.3, 2639.2000000000003),
		Vector3.new(-613, 2047.9, 2638.4),
	},
	{
		Vector3.new(-613, 2047.9, 2638.4),
		Vector3.new(-613, 2049.1, 2637.7000000000003),
		Vector3.new(-613, 2050.9, 2637.5),
		Vector3.new(-613, 2053, 2637),
		Vector3.new(-613, 2054.9, 2636.3),
		Vector3.new(-613, 2057.6, 2635.1000000000004),
		Vector3.new(-613, 2060.2000000000003, 2634.1000000000004),
		Vector3.new(-613, 2063.7000000000003, 2633.2000000000003),
		Vector3.new(-613, 2065.8, 2633.5),
		Vector3.new(-613, 2067.9, 2633.8),
		Vector3.new(-613, 2071.4, 2633.7000000000003),
		Vector3.new(-613, 2063.7000000000003, 2633.2000000000003),
		Vector3.new(-613, 2062.6, 2633),
		Vector3.new(-613, 2060.6, 2633.3),
	},
	{
		Vector3.new(-613, 2060.6, 2633.3),
		Vector3.new(-613, 2057.8, 2633.8),
		Vector3.new(-613, 2054.8, 2634.6000000000004),
		Vector3.new(-613, 2052.8, 2635.2000000000003),
		Vector3.new(-613, 2045.4, 2634.4),
		Vector3.new(-613, 2046.9, 2634),
		Vector3.new(-613, 2049.4, 2633.2000000000003),
		Vector3.new(-613, 2052.4, 2632.2000000000003),
		Vector3.new(-613, 2050.7000000000003, 2632.2000000000003),
		Vector3.new(-613, 2049.5, 2631.8),
		Vector3.new(-613, 2048.7000000000003, 2631.2000000000003),
		Vector3.new(-613, 2052.4, 2632.2000000000003),
		Vector3.new(-613, 2054.1, 2631.8),
		Vector3.new(-613, 2055.8, 2631.2000000000003),
		Vector3.new(-613, 2053.8, 2630.6000000000004),
	},
	{
		Vector3.new(-613, 2053.8, 2630.6000000000004),
		Vector3.new(-613, 2051.3, 2629.6000000000004),
		Vector3.new(-613, 2049.5, 2628.6000000000004),
		Vector3.new(-613, 2047.8000000000002, 2627.7000000000003),
		Vector3.new(-613, 2046.2, 2626.5),
		Vector3.new(-613, 2044.8000000000002, 2625.4),
		Vector3.new(-613, 2043.6000000000001, 2623),
		Vector3.new(-613, 2055.8, 2631.2000000000003),
		Vector3.new(-613, 2058.2000000000003, 2631.9),
		Vector3.new(-613, 2062.6, 2633),
		Vector3.new(-613, 2061.3, 2630.9),
	},
	{
		Vector3.new(-613, 2061.3, 2630.9),
		Vector3.new(-613, 2059.2000000000003, 2630.8),
		Vector3.new(-613, 2057.4, 2630.5),
		Vector3.new(-613, 2055.2000000000003, 2630.2000000000003),
		Vector3.new(-613, 2053.5, 2629.6000000000004),
		Vector3.new(-613, 2051.9, 2628.9),
		Vector3.new(-613, 2050.1, 2627.6000000000004),
		Vector3.new(-613, 2050.7000000000003, 2627.1000000000004),
		Vector3.new(-613, 2054.1, 2628.2000000000003),
		Vector3.new(-613, 2057, 2628.6000000000004),
		Vector3.new(-613, 2060.3, 2629),
		Vector3.new(-613, 2058.8, 2628.2000000000003),
		Vector3.new(-613, 2057.6, 2627.3),
		Vector3.new(-613, 2056.5, 2625.5),
		Vector3.new(-613, 2057.1, 2626.4),
		Vector3.new(-613, 2059.1, 2627.1000000000004),
		Vector3.new(-613, 2061.8, 2627.6000000000004),
		Vector3.new(-613, 2064.6, 2627.8),
	},
	{
		Vector3.new(-613, 2064.6, 2627.8),
		Vector3.new(-613, 2067.3, 2627.7000000000003),
		Vector3.new(-613, 2069.9, 2627.4),
		Vector3.new(-613, 2071.9, 2626.9),
		Vector3.new(-613, 2070.2000000000003, 2626.5),
		Vector3.new(-613, 2068.6, 2627),
		Vector3.new(-613, 2066.2000000000003, 2627.4),
		Vector3.new(-613, 2064, 2627.7000000000003),
		Vector3.new(-613, 2065, 2627.5),
		Vector3.new(-613, 2065.6, 2626.6000000000004),
		Vector3.new(-613, 2065.9, 2625.6000000000004),
		Vector3.new(-613, 2065.9, 2624.7000000000003),
		Vector3.new(-613, 2065.9, 2625.6000000000004),
		Vector3.new(-613, 2065.6, 2626.7000000000003),
		Vector3.new(-613, 2064.9, 2627.6000000000004),
		Vector3.new(-613, 2064.1, 2628.4),
		Vector3.new(-613, 2058.3, 2625.3),
		Vector3.new(-613, 2058.9, 2627),
		Vector3.new(-613, 2058.2000000000003, 2625.1000000000004),
		Vector3.new(-613, 2056.2000000000003, 2625),
	},
	{
		Vector3.new(-613, 2056.2000000000003, 2625),
		Vector3.new(-613, 2054.8, 2625.6000000000004),
		Vector3.new(-613, 2052.8, 2625.9),
		Vector3.new(-613, 2050.9, 2625.9),
		Vector3.new(-613, 2051.6, 2624.3),
		Vector3.new(-613, 2052.9, 2624.7000000000003),
		Vector3.new(-613, 2054.6, 2624.8),
		Vector3.new(-613, 2056.2000000000003, 2625),
		Vector3.new(-613, 2058.2000000000003, 2625.1000000000004),
		Vector3.new(-613, 2059.8, 2626.2000000000003),
		Vector3.new(-613, 2061.8, 2627.6000000000004),
		Vector3.new(-613, 2058.2000000000003, 2625.1000000000004),
		Vector3.new(-613, 2056.6, 2624.1000000000004),
		Vector3.new(-613, 2055.7000000000003, 2623.2000000000003),
		Vector3.new(-613, 2055.3, 2622.5),
		Vector3.new(-613, 2054.4, 2622.5),
		Vector3.new(-613, 2052.7000000000003, 2621.8),
		Vector3.new(-613, 2055.3, 2622.4),
		Vector3.new(-613, 2054.7000000000003, 2621.1000000000004),
		Vector3.new(-613, 2054.1, 2618.8),
		Vector3.new(-613, 2053.8, 2617.3),
	},
	{
		Vector3.new(-613, 2053.8, 2617.3),
		Vector3.new(-613, 2053.8, 2616.2000000000003),
		Vector3.new(-613, 2054.8, 2614.4),
		Vector3.new(-613, 2056.5, 2612.4),
		Vector3.new(-613, 2058.5, 2610.8),
		Vector3.new(-613, 2056.6, 2611),
		Vector3.new(-613, 2054.9, 2611.1000000000004),
		Vector3.new(-613, 2052.9, 2611),
		Vector3.new(-613, 2051, 2611.5),
		Vector3.new(-613, 2048.4, 2612.6000000000004),
		Vector3.new(-613, 2051, 2611.5),
		Vector3.new(-613, 2053.3, 2610.8),
		Vector3.new(-613, 2055.6, 2610.2000000000003),
		Vector3.new(-613, 2057.4, 2610),
		Vector3.new(-613, 2060, 2609.8),
		Vector3.new(-613, 2058.5, 2610.8),
		Vector3.new(-613, 2060, 2609.8),
		Vector3.new(-613, 2062.7000000000003, 2609.7000000000003),
	},
	{
		Vector3.new(-613, 2062.7000000000003, 2609.7000000000003),
		Vector3.new(-613, 2065.4, 2609.7000000000003),
		Vector3.new(-613, 2069.3, 2610.1000000000004),
		Vector3.new(-613, 2072.6, 2610.7000000000003),
		Vector3.new(-613, 2075.7000000000003, 2611.4),
		Vector3.new(-613, 2079.4, 2612.8),
		Vector3.new(-613, 2081.7000000000003, 2613.9),
		Vector3.new(-613, 2083.9, 2615.5),
		Vector3.new(-613, 2085.1, 2616.9),
		Vector3.new(-613, 2085.7000000000003, 2618.1000000000004),
		Vector3.new(-613, 2085.9, 2619.9),
		Vector3.new(-613, 2085.1, 2622.4),
		Vector3.new(-613, 2086.4, 2623.1000000000004),
		Vector3.new(-613, 2084.9, 2622),
		Vector3.new(-613, 2085, 2621),
		Vector3.new(-613, 2084.8, 2619.5),
		Vector3.new(-613, 2085.5, 2621.1000000000004),
	},
	{
		Vector3.new(-613, 2085.5, 2621.1000000000004),
		Vector3.new(-613, 2086.3, 2620.1000000000004),
		Vector3.new(-613, 2086.6, 2618.4),
		Vector3.new(-613, 2084.9, 2623.4),
		Vector3.new(-613, 2085.2000000000003, 2625),
		Vector3.new(-613, 2084.9, 2626.6000000000004),
		Vector3.new(-613, 2083.8, 2628.1000000000004),
		Vector3.new(-613, 2084.3, 2624),
		Vector3.new(-613, 2083.5, 2624.6000000000004),
		Vector3.new(-613, 2082.8, 2625.1000000000004),
		Vector3.new(-613, 2081.7000000000003, 2625.3),
		Vector3.new(-613, 2086.3, 2615.5),
		Vector3.new(-613, 2085.7000000000003, 2614.1000000000004),
		Vector3.new(-613, 2084.7000000000003, 2612.7000000000003),
		Vector3.new(-613, 2083.6, 2611.4),
	},
	{
		Vector3.new(-613, 2083.6, 2611.4),
		Vector3.new(-613, 2082.1, 2610.1000000000004),
		Vector3.new(-613, 2080.7000000000003, 2609.1000000000004),
		Vector3.new(-613, 2079.3, 2608.2000000000003),
		Vector3.new(-613, 2080, 2628.9),
		Vector3.new(-613, 2077.9, 2629.7000000000003),
		Vector3.new(-613, 2075.6, 2630.2000000000003),
		Vector3.new(-613, 2073.5, 2630.6000000000004),
		Vector3.new(-613, 2070.3, 2630.8),
	},
	{
		Vector3.new(-613, 2070.3, 2630.8),
		Vector3.new(-613, 2067.8, 2630.8),
		Vector3.new(-613, 2065, 2630.5),
		Vector3.new(-613, 2062.5, 2629.9),
		Vector3.new(-613, 2060.3, 2629),
		Vector3.new(-613, 2065, 2629.2000000000003),
		Vector3.new(-613, 2067.2000000000003, 2629.8),
		Vector3.new(-613, 2069.9, 2630.3),
		Vector3.new(-613, 2074.3, 2630.5),
		Vector3.new(-613, 2066.6, 2630.3),
		Vector3.new(-613, 2067.4, 2629.1000000000004),
		Vector3.new(-613, 2068.2000000000003, 2627.7000000000003),
		Vector3.new(-613, 2068.8, 2626.6000000000004),
	},
	{
		Vector3.new(-613, 2068.8, 2626.6000000000004),
		Vector3.new(-613, 2069.2000000000003, 2625.1000000000004),
		Vector3.new(-613, 2069.2000000000003, 2624.2000000000003),
		Vector3.new(-613, 2069, 2625.3),
		Vector3.new(-613, 2068.6, 2626.8),
		Vector3.new(-613, 2068.9, 2626),
		Vector3.new(-613, 2070.2000000000003, 2626.5),
		Vector3.new(-613, 2068.5, 2625.8),
		Vector3.new(-613, 2067.2000000000003, 2625.1000000000004),
		Vector3.new(-613, 2066.2000000000003, 2624.2000000000003),
		Vector3.new(-613, 2065.5, 2623.2000000000003),
		Vector3.new(-613, 2066.2000000000003, 2623.9),
		Vector3.new(-613, 2067.7000000000003, 2624.5),
		Vector3.new(-613, 2069.6, 2625),
		Vector3.new(-613, 2072, 2625.4),
		Vector3.new(-613, 2075.6, 2626.1000000000004),
		Vector3.new(-613, 2078.2000000000003, 2626.2000000000003),
		Vector3.new(-613, 2080.5, 2626.2000000000003),
		Vector3.new(-613, 2081.3, 2627.2000000000003),
		Vector3.new(-613, 2078.9, 2627.6000000000004),
		Vector3.new(-613, 2076.2000000000003, 2627.5),
		Vector3.new(-613, 2074.7000000000003, 2627.5),
	},
	{
		Vector3.new(-613, 2074.7000000000003, 2627.5),
		Vector3.new(-613, 2071.9, 2626.9),
		Vector3.new(-613, 2076.7000000000003, 2625.4),
		Vector3.new(-613, 2074.7000000000003, 2624.6000000000004),
		Vector3.new(-613, 2072.4, 2623.9),
		Vector3.new(-613, 2070, 2623.4),
		Vector3.new(-613, 2067.9, 2623),
		Vector3.new(-613, 2065.7000000000003, 2622.7000000000003),
		Vector3.new(-613, 2066.8, 2623.6000000000004),
		Vector3.new(-613, 2069, 2624.6000000000004),
		Vector3.new(-613, 2070.9, 2625.2000000000003),
		Vector3.new(-613, 2065.7000000000003, 2622.7000000000003),
		Vector3.new(-613, 2064.2000000000003, 2622.7000000000003),
		Vector3.new(-613, 2065.2000000000003, 2621.5),
		Vector3.new(-613, 2066.9, 2620.4),
	},
	{
		Vector3.new(-613, 2066.9, 2620.4),
		Vector3.new(-613, 2070.8, 2619.3),
		Vector3.new(-613, 2073.4, 2619.2000000000003),
		Vector3.new(-613, 2075.7000000000003, 2619.3),
		Vector3.new(-613, 2077.5, 2619.6000000000004),
		Vector3.new(-613, 2079.4, 2620.1000000000004),
		Vector3.new(-613, 2070.8, 2619.3),
		Vector3.new(-613, 2068.9, 2619.2000000000003),
		Vector3.new(-613, 2066.9, 2619.7000000000003),
		Vector3.new(-613, 2065.2000000000003, 2620.4),
		Vector3.new(-613, 2063.9, 2621.5),
		Vector3.new(-613, 2064.6, 2620.4),
		Vector3.new(-613, 2065.5, 2619.5),
		Vector3.new(-613, 2067.3, 2618.7000000000003),
		Vector3.new(-613, 2069.4, 2618.1000000000004),
	},
	{
		Vector3.new(-613, 2069.4, 2618.1000000000004),
		Vector3.new(-613, 2072, 2617.9),
		Vector3.new(-613, 2074.5, 2618),
		Vector3.new(-613, 2077.5, 2618.5),
		Vector3.new(-613, 2080, 2619.3),
		Vector3.new(-613, 2081.8, 2620.2000000000003),
		Vector3.new(-613, 2083, 2621.1000000000004),
		Vector3.new(-613, 2083.8, 2621.9),
		Vector3.new(-613, 2077.7000000000003, 2618.5),
		Vector3.new(-613, 2076.3, 2617.6000000000004),
		Vector3.new(-613, 2073.5, 2615.6000000000004),
		Vector3.new(-613, 2071.8, 2614),
		Vector3.new(-613, 2070, 2612),
		Vector3.new(-613, 2068.6, 2610),
	},
	{
		Vector3.new(-613, 2068.6, 2610),
		Vector3.new(-613, 2071.4, 2618.1000000000004),
		Vector3.new(-613, 2072, 2616.9),
		Vector3.new(-613, 2072.4, 2615.4),
		Vector3.new(-613, 2072.4, 2614.2000000000003),
		Vector3.new(-613, 2072.4, 2612.7000000000003),
		Vector3.new(-613, 2072.2000000000003, 2611.4),
		Vector3.new(-613, 2072.5, 2612.7000000000003),
		Vector3.new(-613, 2072.6, 2614.2000000000003),
		Vector3.new(-613, 2072.5, 2615.4),
		Vector3.new(-613, 2072.1, 2617),
		Vector3.new(-613, 2071.4, 2618.2000000000003),
		Vector3.new(-613, 2056.8, 2618.6000000000004),
		Vector3.new(-613, 2057.4, 2618),
	},
	{
		Vector3.new(-613, 2057.4, 2618),
		Vector3.new(-613, 2057.3, 2617.1000000000004),
		Vector3.new(-613, 2057.9, 2616.3),
		Vector3.new(-613, 2057.9, 2615.4),
		Vector3.new(-613, 2061.5, 2619.3),
		Vector3.new(-613, 2060.7000000000003, 2618.7000000000003),
		Vector3.new(-613, 2063.7000000000003, 2627.7000000000003),
		Vector3.new(-613, 2064.3, 2627.1000000000004),
		Vector3.new(-613, 2064.8, 2626.2000000000003),
		Vector3.new(-613, 2065.3, 2625),
		Vector3.new(-613, 2065.3, 2624.1000000000004),
		Vector3.new(-613, 2064.9, 2622.7000000000003),
		Vector3.new(-613, 2064, 2622.6000000000004),
		Vector3.new(-613, 2064.7000000000003, 2623.2000000000003),
		Vector3.new(-613, 2064.9, 2624.1000000000004),
		Vector3.new(-613, 2064.6, 2625.6000000000004),
		Vector3.new(-613, 2063.6, 2627),
		Vector3.new(-613, 2062.7000000000003, 2626.8),
		Vector3.new(-613, 2061.9, 2626.3),
		Vector3.new(-613, 2063.1, 2627.7000000000003),
	},
	{
		Vector3.new(-613, 2063.1, 2627.7000000000003),
		Vector3.new(-613, 2063.9, 2622.6000000000004),
		Vector3.new(-613, 2062.7000000000003, 2622.4),
		Vector3.new(-613, 2061.9, 2622.7000000000003),
		Vector3.new(-613, 2061.5, 2623.5),
		Vector3.new(-613, 2061.7000000000003, 2624.5),
		Vector3.new(-613, 2062.1, 2625.2000000000003),
		Vector3.new(-613, 2062.8, 2625.8),
		Vector3.new(-613, 2063.3, 2624.9),
		Vector3.new(-613, 2064.1, 2624.9),
		Vector3.new(-613, 2063.8, 2625.8),
		Vector3.new(-613, 2064.6, 2625.6000000000004),
		Vector3.new(-613, 2063.4, 2625.8),
		Vector3.new(-613, 2061.3, 2625.9),
		Vector3.new(-613, 2061, 2625),
		Vector3.new(-613, 2068.4, 2617.2000000000003),
		Vector3.new(-613, 2069.1, 2616.2000000000003),
		Vector3.new(-613, 2069.8, 2614.8),
		Vector3.new(-613, 2070.1, 2613.4),
		Vector3.new(-613, 2069.9, 2611.4),
	},
	{
		Vector3.new(-613, 2069.9, 2611.4),
		Vector3.new(-613, 2067.2000000000003, 2617.4),
		Vector3.new(-613, 2068.3, 2616.4),
		Vector3.new(-613, 2069, 2614.9),
		Vector3.new(-613, 2069.3, 2613.4),
		Vector3.new(-613, 2069.3, 2612.1000000000004),
		Vector3.new(-613, 2069.1, 2610.7000000000003),
		Vector3.new(-613, 2068.6, 2610),
		Vector3.new(-613, 2068.8, 2610.9),
		Vector3.new(-613, 2067, 2610.4),
		Vector3.new(-613, 2068.8, 2610.8),
		Vector3.new(-613, 2067.6, 2610.5),
		Vector3.new(-613, 2068.2000000000003, 2611.2000000000003),
		Vector3.new(-613, 2068.8, 2612.2000000000003),
		Vector3.new(-613, 2068.8, 2613.5),
		Vector3.new(-613, 2068.2000000000003, 2615.3),
		Vector3.new(-613, 2067.5, 2616.2000000000003),
		Vector3.new(-613, 2066.3, 2617.3),
		Vector3.new(-613, 2067.3, 2617.1000000000004),
		Vector3.new(-613, 2068.4, 2616),
		Vector3.new(-613, 2066.7000000000003, 2617.4),
		Vector3.new(-613, 2068, 2615.5),
		Vector3.new(-613, 2067.1, 2615.6000000000004),
		Vector3.new(-613, 2067.6, 2614.9),
	},
	{
		Vector3.new(-613, 2067.6, 2614.9),
		Vector3.new(-613, 2066.8, 2614.6000000000004),
		Vector3.new(-613, 2066.2000000000003, 2615.3),
		Vector3.new(-613, 2065.4, 2614.8),
		Vector3.new(-613, 2064.9, 2614),
		Vector3.new(-613, 2064.9, 2613.2000000000003),
		Vector3.new(-613, 2065.5, 2612.4),
		Vector3.new(-613, 2066.1, 2611.9),
		Vector3.new(-613, 2067.1, 2611.9),
		Vector3.new(-613, 2068.1, 2612.3),
		Vector3.new(-613, 2068.8, 2613),
		Vector3.new(-613, 2065.3, 2612),
		Vector3.new(-613, 2066.1, 2611),
		Vector3.new(-613, 2067.4, 2610.8),
		Vector3.new(-613, 2068.2000000000003, 2611.2000000000003),
		Vector3.new(-613, 2063.9, 2623.9),
		Vector3.new(-613, 2063.1, 2623.5),
		Vector3.new(-613, 2063.4, 2624.3),
		Vector3.new(-613, 2064, 2623.8),
		Vector3.new(-613, 2063.1, 2623.5),
		Vector3.new(-613, 2063.4, 2624.3),
		Vector3.new(-613, 2063.1, 2623.5),
		Vector3.new(-613, 2063.6, 2624.2000000000003),
		Vector3.new(-613, 2063.1, 2623.5),
		Vector3.new(-613, 2063.7000000000003, 2624.1000000000004),
	},
	{
		Vector3.new(-613, 2063.7000000000003, 2624.1000000000004),
		Vector3.new(-613, 2063.1, 2623.5),
		Vector3.new(-613, 2063.8, 2624),
		Vector3.new(-613, 2063, 2623.5),
		Vector3.new(-613, 2063.3, 2624.3),
		Vector3.new(-613, 2062.8, 2623.6000000000004),
		Vector3.new(-613, 2063.6, 2623.3),
		Vector3.new(-613, 2062.9, 2623.7000000000003),
		Vector3.new(-613, 2064, 2623.7000000000003),
		Vector3.new(-613, 2062.8, 2623.6000000000004),
		Vector3.new(-613, 2063.9, 2623.5),
		Vector3.new(-613, 2063, 2624),
		Vector3.new(-613, 2063.8, 2623.3),
		Vector3.new(-613, 2063, 2624.2000000000003),
		Vector3.new(-613, 2063.8, 2623.3),
		Vector3.new(-613, 2063.1, 2624.3),
		Vector3.new(-613, 2062.9, 2623.4),
		Vector3.new(-613, 2063.6, 2623.9),
		Vector3.new(-613, 2063, 2623.2000000000003),
		Vector3.new(-613, 2063.8, 2623.7000000000003),
		Vector3.new(-613, 2063.2000000000003, 2623.1000000000004),
		Vector3.new(-613, 2063.3, 2624),
		Vector3.new(-613, 2063.5, 2623.1000000000004),
		Vector3.new(-613, 2062.8, 2624),
		Vector3.new(-613, 2063.7000000000003, 2623.6000000000004),
		Vector3.new(-613, 2062.7000000000003, 2623.8),
		Vector3.new(-613, 2063.6, 2624),
		Vector3.new(-613, 2063.3, 2623.1000000000004),
		Vector3.new(-613, 2063.3, 2624),
		Vector3.new(-613, 2063.7000000000003, 2623.2000000000003),
		Vector3.new(-613, 2067.7000000000003, 2613.6000000000004),
	},
	{
		Vector3.new(-613, 2067.7000000000003, 2613.6000000000004),
		Vector3.new(-613, 2066.5, 2613.5),
		Vector3.new(-613, 2067.6, 2613.4),
		Vector3.new(-613, 2066.5, 2613.7000000000003),
		Vector3.new(-613, 2067.6, 2613.3),
		Vector3.new(-613, 2066.5, 2613.8),
		Vector3.new(-613, 2067.5, 2613.1000000000004),
		Vector3.new(-613, 2066.7000000000003, 2614),
		Vector3.new(-613, 2067.4, 2613),
		Vector3.new(-613, 2066.8, 2614.1000000000004),
		Vector3.new(-613, 2067.2000000000003, 2612.9),
		Vector3.new(-613, 2067, 2614.1000000000004),
		Vector3.new(-613, 2067.1, 2612.9),
		Vector3.new(-613, 2067.2000000000003, 2614.1000000000004),
		Vector3.new(-613, 2066.9, 2612.9),
		Vector3.new(-613, 2067.3, 2614),
		Vector3.new(-613, 2066.8, 2613),
		Vector3.new(-613, 2067.4, 2613.9),
		Vector3.new(-613, 2066.7000000000003, 2613.1000000000004),
		Vector3.new(-613, 2067.5, 2613.8),
		Vector3.new(-613, 2066.6, 2613.2000000000003),
		Vector3.new(-613, 2067.6, 2613.7000000000003),
		Vector3.new(-613, 2029.3000000000002, 2605.8),
	},
	{
		Vector3.new(-613, 2029.3000000000002, 2605.8),
		Vector3.new(-613, 2029.3000000000002, 2605.8),
	},
	{
		Vector3.new(-613, 2029.3000000000002, 2605.8),
		Vector3.new(-613, 2015.6000000000001, 2603.1000000000004),
		Vector3.new(-613, 2015.9, 2602.2000000000003),
		Vector3.new(-613, 2014, 2601.2000000000003),
		Vector3.new(-613, 2016.2, 2600.8),
		Vector3.new(-613, 2016.3000000000002, 2599.9),
		Vector3.new(-613, 2012.8000000000002, 2600.9),
		Vector3.new(-613, 2015.6000000000001, 2603.1000000000004),
		Vector3.new(-613, 2013, 2600.9),
		Vector3.new(-613, 2015.5, 2602.9),
		Vector3.new(-613, 2013.1000000000001, 2600.8),
	},
	{
		Vector3.new(-613, 2013.1000000000001, 2600.8),
		Vector3.new(-613, 2015.6000000000001, 2602.8),
		Vector3.new(-613, 2013.9, 2601.3),
		Vector3.new(-613, 2015.8000000000002, 2602.3),
		Vector3.new(-613, 2014.2, 2601.6000000000004),
		Vector3.new(-613, 2015.8000000000002, 2602.4),
		Vector3.new(-613, 2014.2, 2601.7000000000003),
		Vector3.new(-613, 2015.7, 2602.5),
		Vector3.new(-613, 2014.1000000000001, 2601.6000000000004),
		Vector3.new(-613, 2015.7, 2602.7000000000003),
		Vector3.new(-613, 2013.3000000000002, 2600.8),
		Vector3.new(-613, 2016.2, 2600.1000000000004),
		Vector3.new(-613, 2013.5, 2600.9),
		Vector3.new(-613, 2016.2, 2600.2000000000003),
		Vector3.new(-613, 2013.6000000000001, 2601),
		Vector3.new(-613, 2016.2, 2600.3),
		Vector3.new(-613, 2013.8000000000002, 2601.2000000000003),
	},
	{
		Vector3.new(-613, 2013.8000000000002, 2601.2000000000003),
		Vector3.new(-613, 2016.1000000000001, 2600.7000000000003),
		Vector3.new(-613, 2013.7, 2601.1000000000004),
		Vector3.new(-613, 2016.2, 2600.5),
		Vector3.new(-613, 2016.6000000000001, 2599),
		Vector3.new(-613, 2016.8000000000002, 2598.2000000000003),
		Vector3.new(-613, 2013.9, 2597.5),
		Vector3.new(-613, 2013.6000000000001, 2598.4),
		Vector3.new(-613, 2016.6000000000001, 2599),
		Vector3.new(-613, 2013.7, 2598.3),
		Vector3.new(-613, 2016.5, 2598.9),
		Vector3.new(-613, 2013.7, 2598.2000000000003),
		Vector3.new(-613, 2016.6000000000001, 2598.9),
		Vector3.new(-613, 2013.7, 2598.1000000000004),
		Vector3.new(-613, 2016.6000000000001, 2598.8),
		Vector3.new(-613, 2013.8000000000002, 2598),
	},
	{
		Vector3.new(-613, 2013.8000000000002, 2598),
		Vector3.new(-613, 2016.6000000000001, 2598.7000000000003),
		Vector3.new(-613, 2013.8000000000002, 2597.9),
		Vector3.new(-613, 2016.6000000000001, 2598.5),
		Vector3.new(-613, 2013.8000000000002, 2597.8),
		Vector3.new(-613, 2016.7, 2598.4),
		Vector3.new(-613, 2013.9, 2597.6000000000004),
		Vector3.new(-613, 2016.7, 2598.3),
		Vector3.new(-613, 2015.7, 2597.9),
		Vector3.new(-613, 2015.9, 2597.1000000000004),
		Vector3.new(-613, 2017, 2597.4),
		Vector3.new(-613, 2017.2, 2596.5),
		Vector3.new(-613, 2014.4, 2595.7000000000003),
		Vector3.new(-613, 2014.1000000000001, 2596.7000000000003),
		Vector3.new(-613, 2015.8000000000002, 2597.1000000000004),
		Vector3.new(-613, 2016.9, 2597.3),
		Vector3.new(-613, 2014.2, 2596.6000000000004),
		Vector3.new(-613, 2017, 2597.3),
	},
	{
		Vector3.new(-613, 2017, 2597.3),
		Vector3.new(-613, 2014.2, 2596.5),
		Vector3.new(-613, 2017, 2597.1000000000004),
		Vector3.new(-613, 2014.2, 2596.4),
		Vector3.new(-613, 2017, 2596.9),
		Vector3.new(-613, 2014.3000000000002, 2596.2000000000003),
		Vector3.new(-613, 2017, 2596.8),
		Vector3.new(-613, 2014.3000000000002, 2596),
		Vector3.new(-613, 2017, 2596.7000000000003),
		Vector3.new(-613, 2014.4, 2595.9),
		Vector3.new(-613, 2017.1000000000001, 2596.5),
		Vector3.new(-613, 2014.4, 2595.8),
		Vector3.new(-613, 2015.2, 2597),
		Vector3.new(-613, 2015, 2597.8),
		Vector3.new(-613, 2015.4, 2596.8),
		Vector3.new(-613, 2015.1000000000001, 2598),
		Vector3.new(-613, 2015.6000000000001, 2597),
	},
	{
		Vector3.new(-613, 2015.6000000000001, 2597),
		Vector3.new(-613, 2015.2, 2598.3),
		Vector3.new(-613, 2015.9, 2596.9),
		Vector3.new(-613, 2015.5, 2598.2000000000003),
		Vector3.new(-613, 2015.8000000000002, 2596.7000000000003),
		Vector3.new(-613, 2014.3000000000002, 2596.1000000000004),
		Vector3.new(-613, 2015.7, 2596.7000000000003),
		Vector3.new(-613, 2015.3000000000002, 2597.8),
		Vector3.new(-613, 2030.8000000000002, 2621),
	},
	{
		Vector3.new(-613, 2030.8000000000002, 2621),
		Vector3.new(-613, 2030.6000000000001, 2620),
		Vector3.new(-613, 2029.8000000000002, 2619.7000000000003),
		Vector3.new(-613, 2029.1000000000001, 2620.3),
		Vector3.new(-613, 2029.2, 2621.2000000000003),
		Vector3.new(-613, 2029.9, 2621.6000000000004),
		Vector3.new(-613, 2030.8000000000002, 2621.1000000000004),
		Vector3.new(-613, 2024.7, 2620.9),
		Vector3.new(-613, 2024.2, 2620.1000000000004),
		Vector3.new(-613, 2023.4, 2620.1000000000004),
		Vector3.new(-613, 2023, 2620.9),
		Vector3.new(-613, 2023.4, 2621.7000000000003),
		Vector3.new(-613, 2024.2, 2621.7000000000003),
		Vector3.new(-613, 2024.7, 2620.9),
		Vector3.new(-613, 2017.7, 2621.4),
		Vector3.new(-613, 2017.6000000000001, 2620.5),
		Vector3.new(-613, 2016.8000000000002, 2620.2000000000003),
		Vector3.new(-613, 2016.1000000000001, 2620.7000000000003),
		Vector3.new(-613, 2016.1000000000001, 2621.6000000000004),
		Vector3.new(-613, 2016.9, 2622),
		Vector3.new(-613, 2017.7, 2621.4),
		Vector3.new(-613, 2011.5, 2621.8),
		Vector3.new(-613, 2011.2, 2621),
		Vector3.new(-613, 2010.4, 2620.8),
	},
	{
		Vector3.new(-613, 2010.4, 2620.8),
		Vector3.new(-613, 2009.8000000000002, 2621.4),
		Vector3.new(-613, 2010, 2622.3),
		Vector3.new(-613, 2010.9, 2622.6000000000004),
		Vector3.new(-613, 2011.5, 2621.8),
	},
	{
		Vector3.new(-613, 2011.5, 2621.8),
		Vector3.new(-613, 2007.3000000000002, 2586.3),
		Vector3.new(-613, 2007.9, 2585.7000000000003),
	},
	{
		Vector3.new(-613, 2007.9, 2585.7000000000003),
		Vector3.new(-613, 2013.2, 2586.4),
	},
}
