local wires = {
	{
		Vector3.new(0, 0, 0),
		Vector3.new(-0.6000000000000001, 0.1, 0),
		Vector3.new(-1.5, -0.6000000000000001, 0),
		Vector3.new(-1.9000000000000001, 0.2, 0),
		Vector3.new(-2.2, -0.4, 0),
		Vector3.new(-2.7, -0.5, 0),
		Vector3.new(-3.1, -0.2, 0),
		Vector3.new(-3.8000000000000003, 0.1, 0),
		Vector3.new(-4.5, -0.2, 0),
		Vector3.new(-5.300000000000001, -0.5, 0),
		Vector3.new(-6.2, -0.2, 0),
		Vector3.new(-6.7, -0.1, 0),
		Vector3.new(-7.2, -0.2, 0),
		Vector3.new(-7.7, 0.1, 0),
		Vector3.new(-7.9, -0.8, 0),
		Vector3.new(-8.700000000000001, -1.1, 0),
		Vector3.new(-9.3, -1, 0),
		Vector3.new(-10.200000000000001, -1.2000000000000002, 0),
		Vector3.new(-11.100000000000001, -0.4, 0),
		Vector3.new(-11.5, -1, 0),
		Vector3.new(-12, -0.7000000000000001, 0),
		Vector3.new(-11.3, 0.30000000000000004, 0),
		Vector3.new(-12.200000000000001, -0.2, 0),
		Vector3.new(-12.100000000000001, 0.6000000000000001, 0),
		Vector3.new(-11.700000000000001, 1.1, 0),
		Vector3.new(-9.3, 2.2, 0),
		Vector3.new(-9.3, 1.2000000000000002, 0),
		Vector3.new(-9.3, -0.1, 0),
		Vector3.new(-8.6, -0.4, 0),
		Vector3.new(-9.3, -0.1, 0),
		Vector3.new(-8.6, -0.30000000000000004, 0),
		Vector3.new(-8.9, -1.1, 0),
		Vector3.new(-8.9, -0.5, 0),
		Vector3.new(-8.8, 0.1, 0),
		Vector3.new(-9.1, 1.4000000000000001, 0),
		Vector3.new(-9.1, 2.1, 0),
		Vector3.new(-8.3, 2.7, 0),
		Vector3.new(-7.9, 2.2, 0),
		Vector3.new(-7.4, 1.5, 0),
		Vector3.new(-7.7, 1.1, 0),
		Vector3.new(-7.800000000000001, 0.5, 0),
		Vector3.new(-8.700000000000001, 1.6, 0),
		Vector3.new(-9.1, 2.2, 0),
	},
	{
		Vector3.new(-9.1, 2.2, 0),
		Vector3.new(-6.300000000000001, 0.2, 0),
		Vector3.new(-6.4, 1.5, 0),
		Vector3.new(-5.7, 3.1, 0),
		Vector3.new(-5.300000000000001, 3.5, 0),
		Vector3.new(-4.9, 2.6, 0),
		Vector3.new(-5.2, 3.2, 0),
		Vector3.new(-5.7, 1.4000000000000001, 0),
		Vector3.new(-3.8000000000000003, 1.6, 0),
		Vector3.new(-3.7, 0.5, 0),
		Vector3.new(-3.8000000000000003, 2.2, 0),
		Vector3.new(-2.9000000000000004, 2.7, 0),
		Vector3.new(-2.2, 3.2, 0),
		Vector3.new(-1.6, 3.2, 0),
		Vector3.new(-1.9000000000000001, 2.7, 0),
		Vector3.new(-1.9000000000000001, 3.2, 0),
		Vector3.new(-1.4000000000000001, 3.1, 0),
		Vector3.new(-1.6, 3.6, 0),
		Vector3.new(-1, 3.2, 0),
		Vector3.new(-1.6, 3.7, 0),
		Vector3.new(-1, 3.6, 0),
		Vector3.new(-1.5, 3.9000000000000004, 0),
		Vector3.new(-2.3000000000000003, 3.9000000000000004, 0),
		Vector3.new(-2.9000000000000004, 3.4000000000000004, 0),
		Vector3.new(-3.5, 3.2, 0),
		Vector3.new(-3.8000000000000003, 3.9000000000000004, 0),
		Vector3.new(-4.6000000000000005, 3.9000000000000004, 0),
		Vector3.new(-4.6000000000000005, 2.9000000000000004, 0),
		Vector3.new(-3.8000000000000003, 2.3000000000000003, 0),
		Vector3.new(-4.800000000000001, 3, 0),
		Vector3.new(-3.7, 4.2, 0),
		Vector3.new(-2.7, 4.3, 0),
		Vector3.new(-2.6, 3.7, 0),
		Vector3.new(-2, 4.1000000000000005, 0),
		Vector3.new(-1.7000000000000002, 4.5, 0),
		Vector3.new(-1.2000000000000002, 4.5, 0),
		Vector3.new(-1, 3.9000000000000004, 0),
		Vector3.new(-1.3, 4.3, 0),
		Vector3.new(-1.8, 4.2, 0),
		Vector3.new(-3.2, 4.3, 0),
	},
	{
		Vector3.new(-3.2, 4.3, 0),
		Vector3.new(-4.9, 4.3, 0),
		Vector3.new(-5.7, 3.9000000000000004, 0),
		Vector3.new(-5.7, 3.3000000000000003, 0),
		Vector3.new(-5.5, 4.3, 0),
		Vector3.new(-4.9, 5.300000000000001, 0),
		Vector3.new(-3.8000000000000003, 4.7, 0),
		Vector3.new(-4.9, 5.300000000000001, 0),
		Vector3.new(-5, 5.9, 0),
		Vector3.new(-5.7, 6.6000000000000005, 0),
		Vector3.new(-4.7, 7.4, 0),
		Vector3.new(-4.2, 7.800000000000001, 0),
		Vector3.new(-2.9000000000000004, 8.5, 0),
		Vector3.new(-2.1, 8.6, 0),
		Vector3.new(-2.8000000000000003, 9.1, 0),
		Vector3.new(-3.3000000000000003, 9.3, 0),
		Vector3.new(-3.4000000000000004, 8.4, 0),
		Vector3.new(-3.2, 9.1, 0),
		Vector3.new(-2.7, 8.5, 0),
		Vector3.new(-1.9000000000000001, 8.6, 0),
		Vector3.new(-1.3, 8.3, 0),
		Vector3.new(-0.1, 8.8, 0),
		Vector3.new(0.4, 8.6, 0),
		Vector3.new(0.8, 8.1, 0),
		Vector3.new(1.1, 7.2, 0),
		Vector3.new(0.6000000000000001, 6.2, 0),
		Vector3.new(-0.6000000000000001, 5.9, 0),
		Vector3.new(-0.8, 6.5, 0),
		Vector3.new(-0.4, 8.1, 0),
		Vector3.new(0.1, 8.4, 0),
		Vector3.new(0.6000000000000001, 8.1, 0),
		Vector3.new(0.5, 6.9, 0),
		Vector3.new(0.30000000000000004, 6.300000000000001, 0),
		Vector3.new(-0.7000000000000001, 6.5, 0),
		Vector3.new(-1.2000000000000002, 6.800000000000001, 0),
		Vector3.new(-0.7000000000000001, 7.9, 0),
		Vector3.new(-1.5, 7.7, 0),
		Vector3.new(-2.2, 7.5, 0),
		Vector3.new(-1.3, 6.9, 0),
		Vector3.new(-0.5, 6, 0),
		Vector3.new(-1.1, 4.800000000000001, 0),
	},
	{
		Vector3.new(-1.1, 4.800000000000001, 0),
		Vector3.new(-3, 6.6000000000000005, 0),
		Vector3.new(-2.4000000000000004, 6.800000000000001, 0),
		Vector3.new(-3.2, 6.5, 0),
		Vector3.new(-3.7, 6.6000000000000005, 0),
		Vector3.new(-3.5, 7.4, 0),
		Vector3.new(-2.4000000000000004, 6.9, 0),
		Vector3.new(-3.2, 6.9, 0),
		Vector3.new(-3.2, 4.5, 0),
		Vector3.new(-4.2, 5, 0),
		Vector3.new(-5.5, 6.6000000000000005, 0),
		Vector3.new(-5, 5.300000000000001, 0),
		Vector3.new(-5.4, 4.7, 0),
		Vector3.new(-6.4, 4.7, 0),
		Vector3.new(-7.2, 4.6000000000000005, 0),
		Vector3.new(-6.6000000000000005, 6.9, 0),
		Vector3.new(-6.2, 8.200000000000001, 0),
		Vector3.new(-5.4, 8.8, 0),
		Vector3.new(-4.7, 7.6000000000000005, 0),
		Vector3.new(-5.7, 6.6000000000000005, 0),
		Vector3.new(-5, 5.2, 0),
		Vector3.new(-7.2, 4.5, 0),
		Vector3.new(-8.700000000000001, 4.9, 0),
		Vector3.new(-10.200000000000001, 4.1000000000000005, 0),
		Vector3.new(-11.8, 3, 0),
		Vector3.new(-9.8, 4.9, 0),
		Vector3.new(-9, 5.1000000000000005, 0),
	},
	{
		Vector3.new(-9, 5.1000000000000005, 0),
		Vector3.new(-10.5, 5.5, 0),
		Vector3.new(-8.8, 5.2, 0),
		Vector3.new(-8.4, 6, 0),
		Vector3.new(-8.200000000000001, 7.2, 0),
		Vector3.new(-8.4, 8.700000000000001, 0),
		Vector3.new(-9.3, 9.200000000000001, 0),
		Vector3.new(-7.9, 9.5, 0),
		Vector3.new(-9.5, 9.3, 0),
		Vector3.new(-10, 9.3, 0),
		Vector3.new(-10.600000000000001, 8.3, 0),
		Vector3.new(-9.600000000000001, 7.7, 0),
		Vector3.new(-9.9, 5.800000000000001, 0),
		Vector3.new(-11.200000000000001, 6, 0),
		Vector3.new(-10.9, 8.1, 0),
		Vector3.new(-10.600000000000001, 5.5, 0),
		Vector3.new(-8.4, 5.9, 0),
		Vector3.new(-6.6000000000000005, 7.4, 0),
		Vector3.new(-6.300000000000001, 8.6, 0),
		Vector3.new(-6.7, 9.700000000000001, 0),
		Vector3.new(-8.1, 9, 0),
		Vector3.new(-6.2, 8.6, 0),
		Vector3.new(-5.5, 8.9, 0),
		Vector3.new(-3.7, 9.5, 0),
		Vector3.new(-3.2, 9.700000000000001, 0),
		Vector3.new(-2.9000000000000004, 10.200000000000001, 0),
		Vector3.new(-3.6, 10.200000000000001, 0),
	},
	{
		Vector3.new(-3.6, 10.200000000000001, 0),
		Vector3.new(-5, 9.8, 0),
		Vector3.new(-5.7, 9.9, 0),
		Vector3.new(-5.4, 10.3, 0),
		Vector3.new(-5.9, 10, 0),
		Vector3.new(-6.300000000000001, 10.8, 0),
		Vector3.new(-5.6000000000000005, 10.5, 0),
		Vector3.new(-4.800000000000001, 10.700000000000001, 0),
		Vector3.new(-4.3, 11.100000000000001, 0),
		Vector3.new(-4.5, 11.9, 0),
		Vector3.new(-4.4, 12.5, 0),
		Vector3.new(-5, 12.5, 0),
		Vector3.new(-4.5, 12.5, 0),
		Vector3.new(-3.8000000000000003, 13.600000000000001, 0),
		Vector3.new(-3.9000000000000004, 14.200000000000001, 0),
		Vector3.new(-4.2, 14.700000000000001, 0),
		Vector3.new(-4.800000000000001, 14.9, 0),
		Vector3.new(-5.6000000000000005, 14.100000000000001, 0),
		Vector3.new(-6.7, 14.5, 0),
		Vector3.new(-7.5, 14.200000000000001, 0),
		Vector3.new(-8.3, 13.700000000000001, 0),
		Vector3.new(-8, 12.600000000000001, 0),
		Vector3.new(-9.1, 11.9, 0),
		Vector3.new(-9.9, 12.100000000000001, 0),
		Vector3.new(-10, 13.100000000000001, 0),
		Vector3.new(-9.5, 13.9, 0),
		Vector3.new(-8.5, 13.8, 0),
		Vector3.new(-9.3, 14.100000000000001, 0),
		Vector3.new(-8.3, 13.600000000000001, 0),
		Vector3.new(-7.7, 12.100000000000001, 0),
		Vector3.new(-7.300000000000001, 12.5, 0),
		Vector3.new(-6.6000000000000005, 12.700000000000001, 0),
		Vector3.new(-6, 12.100000000000001, 0),
		Vector3.new(-7.6000000000000005, 12, 0),
		Vector3.new(-6.5, 11.9, 0),
		Vector3.new(-7.300000000000001, 12, 0),
		Vector3.new(-6.7, 12, 0),
		Vector3.new(-6.4, 10.600000000000001, 0),
		Vector3.new(-7.2, 9.8, 0),
		Vector3.new(-6.300000000000001, 10.700000000000001, 0),
	},
	{
		Vector3.new(-6.300000000000001, 10.700000000000001, 0),
		Vector3.new(-8.1, 9.700000000000001, 0),
		Vector3.new(-6.6000000000000005, 10.8, 0),
		Vector3.new(-8.200000000000001, 10.8, 0),
		Vector3.new(-8.8, 10.3, 0),
		Vector3.new(-6.6000000000000005, 11.200000000000001, 0),
		Vector3.new(-7.1000000000000005, 10.700000000000001, 0),
		Vector3.new(-8.3, 9.9, 0),
		Vector3.new(-6.4, 11, 0),
		Vector3.new(-6.2, 10.3, 0),
		Vector3.new(-6.2, 9.200000000000001, 0),
		Vector3.new(-4.2, 11.3, 0),
		Vector3.new(-3.2, 12, 0),
		Vector3.new(-4.2, 11.3, 0),
		Vector3.new(-3.2, 12.3, 0),
		Vector3.new(-4.3, 11.5, 0),
		Vector3.new(-4.5, 12, 0),
		Vector3.new(-3.6, 12.600000000000001, 0),
		Vector3.new(-5.1000000000000005, 10.100000000000001, 0),
		Vector3.new(-4.6000000000000005, 6.6000000000000005, 0),
		Vector3.new(-2.5, 6.300000000000001, 0),
		Vector3.new(-4.4, 6.5, 0),
		Vector3.new(-3.6, 5.9, 0),
		Vector3.new(-2.5, 5.9, 0),
	},
	{
		Vector3.new(-2.5, 5.9, 0),
		Vector3.new(-4.4, 6.1000000000000005, 0),
		Vector3.new(-4, 5.5, 0),
		Vector3.new(-3.3000000000000003, 4.7, 0),
		Vector3.new(-4.1000000000000005, 5.2, 0),
		Vector3.new(-4.5, 5.6000000000000005, 0),
		Vector3.new(-3.6, 0.5, 0),
		Vector3.new(0.1, 0, 0),
		Vector3.new(-0.30000000000000004, 0.4, 0),
		Vector3.new(0.2, 0.2, 0),
		Vector3.new(-0.1, 0.6000000000000001, 0),
		Vector3.new(0.4, 0.4, 0),
		Vector3.new(0.1, 0.8, 0),
		Vector3.new(0.30000000000000004, 1.4000000000000001, 0),
		Vector3.new(0.7000000000000001, 1.7000000000000002, 0),
		Vector3.new(1.2000000000000002, 1.5, 0),
		Vector3.new(0.7000000000000001, 1.3, 0),
		Vector3.new(1.3, 1.4000000000000001, 0),
		Vector3.new(0.8, 1, 0),
		Vector3.new(1.2000000000000002, 1.7000000000000002, 0),
		Vector3.new(0.5, 1.9000000000000001, 0),
		Vector3.new(-0.5, 0.9, 0),
		Vector3.new(-0.2, 1.8, 0),
		Vector3.new(-0.30000000000000004, 3.1, 0),
		Vector3.new(-1, 3.4000000000000004, 0),
		Vector3.new(-1.3, 2.8000000000000003, 0),
		Vector3.new(-0.7000000000000001, 2.5, 0),
		Vector3.new(-0.5, 1.1, 0),
		Vector3.new(-0.8, 1.8, 0),
		Vector3.new(-1.3, 2.4000000000000004, 0),
		Vector3.new(-2.1, 2.6, 0),
		Vector3.new(-2.6, 2.6, 0),
		Vector3.new(-1.3, 1.8, 0),
		Vector3.new(-1.7000000000000002, 0.5, 0),
		Vector3.new(-1.3, 1.8, 0),
		Vector3.new(-1.5, 0.6000000000000001, 0),
	},
	{
		Vector3.new(-1.5, 0.6000000000000001, 0),
		Vector3.new(-1.3, 1.6, 0),
		Vector3.new(-2.3000000000000003, 2.4000000000000004, 0),
	},
}
