local wires = {
	{
		Vector3.new(-0.1, 0.6000000000000001, 0),
		Vector3.new(0, 1.2000000000000002, 0),
		Vector3.new(0.1, 1.9000000000000001, 0),
		Vector3.new(0.1, 2.6, 0),
		Vector3.new(-0.4, 2.8000000000000003, 0),
		Vector3.new(-0.9, 2.6, 0),
		Vector3.new(-1.6, 1.6, 0),
		Vector3.new(-1.8, 1, 0),
		Vector3.new(-1.8, 0.5, 0),
		Vector3.new(-1.8, -0.1, 0),
		Vector3.new(-2.5, -0.30000000000000004, 0),
		Vector3.new(-2.7, -1, 0),
		Vector3.new(-2.5, -1.6, 0),
		Vector3.new(-2.2, -1.1, 0),
		Vector3.new(-2, -0.7000000000000001, 0),
		Vector3.new(-1.9000000000000001, -1.2000000000000002, 0),
		Vector3.new(-1.8, -2.1, 0),
		Vector3.new(-1.5, -2.7, 0),
		Vector3.new(-1.1, -3.3000000000000003, 0),
		Vector3.new(-0.7000000000000001, -3.6, 0),
		Vector3.new(-0.1, -3.9000000000000004, 0),
		Vector3.new(-0.2, -3.2, 0),
		Vector3.new(-0.4, -2.6, 0),
		Vector3.new(-0.4, -1.9000000000000001, 0),
		Vector3.new(-0.4, -1.3, 0),
		Vector3.new(0.2, -1.9000000000000001, 0),
		Vector3.new(0.9, -2.8000000000000003, 0),
		Vector3.new(1.3, -3.1, 0),
		Vector3.new(1.7000000000000002, -3.5, 0),
		Vector3.new(2.2, -3.7, 0),
		Vector3.new(2.7, -4, 0),
		Vector3.new(1.8, -4, 0),
		Vector3.new(0.30000000000000004, -3.7, 0),
		Vector3.new(1.2000000000000002, -4.3, 0),
		Vector3.new(1.8, -4.5, 0),
		Vector3.new(2.4000000000000004, -4.6000000000000005, 0),
		Vector3.new(3.1, -4.4, 0),
		Vector3.new(3.2, -3.8000000000000003, 0),
		Vector3.new(2.9000000000000004, -3.4000000000000004, 0),
		Vector3.new(1.7000000000000002, -2.5, 0),
		Vector3.new(0.9, -1.8, 0),
		Vector3.new(0.6000000000000001, -1.3, 0),
		Vector3.new(0.6000000000000001, -0.8, 0),
		Vector3.new(1.3, -0.4, 0),
		Vector3.new(2.1, -1.2000000000000002, 0),
		Vector3.new(2.6, -1.4000000000000001, 0),
		Vector3.new(2.8000000000000003, -0.9, 0),
		Vector3.new(2.1, 0, 0),
		Vector3.new(1.5, 0.2, 0),
		Vector3.new(0.9, 0.2, 0),
		Vector3.new(0.4, 0, 0),
		Vector3.new(-0.1, -0.7000000000000001, 0),
	},
	{
		Vector3.new(-0.1, -0.7000000000000001, 0),
		Vector3.new(-1.4000000000000001, -0.7000000000000001, 0),
	},
}
